Date,S.N.,contract_id,symbol,buyer_broker,seller_broker,volume,price,amount,transaction_time
2025-07-07,70396,2025070703000336,PROFL,Linch Stock Market Ltd.,Swarna Laxmi Securities Pvt. Ltd.,100,515.0,51500.0,2025-07-07 11:04:48.649063
2025-07-07,67763,2025070703001129,PROFL,Trisul Securities & Invt. Ltd.,Vision Securities Pvt. Ltd,470,505.1,237397.0,2025-07-07 11:15:30.304314
2025-07-07,67608,2025070703001159,PROFL,Trisul Securities & Invt. Ltd.,Online Securities Pvt. Ltd.,30,505.1,15153.0,2025-07-07 11:16:06.601939
2025-07-07,67603,2025070703001161,PROFL,Naasa Securities Co. Ltd.,Online Securities Pvt. Ltd.,15,505.1,7576.5,2025-07-07 11:16:08.162519
2025-07-07,67477,2025070703001202,PROFL,Kumari Securities Private Limited,Online Securities Pvt. Ltd.,55,505.0,27775.0,2025-07-07 11:16:44.938321
2025-07-07,67417,2025070703001211,PROFL,Kumari Securities Private Limited,Naasa Securities Co. Ltd.,710,505.0,358550.0,2025-07-07 11:17:04.534724
2025-07-07,67104,2025070703001286,PROFL,Oxford Securities Pvt. Ltd.,Dipshikha Dhitopatra Karobar Co. Pvt Ltd.,100,505.1,50510.0,2025-07-07 11:18:13.548217
2025-07-07,67032,2025070703001295,PROFL,Oxford Securities Pvt. Ltd.,Sani Securities Company Ltd.,80,505.1,40408.0,2025-07-07 11:18:26.770142
2025-07-07,67031,2025070703001296,PROFL,Kumari Securities Private Limited,Sani Securities Company Ltd.,235,505.0,118675.0,2025-07-07 11:18:26.770237
2025-07-07,67030,2025070703001297,PROFL,Secured Securities Ltd.,Sani Securities Company Ltd.,165,505.0,83325.0,2025-07-07 11:18:26.770276
2025-07-07,65617,2025070703001575,PROFL,Siprabi Securities Pvt. Ltd.,Sumeru Securities Pvt. Ltd.,30,510.0,15300.0,2025-07-07 11:23:14.806681
2025-07-07,65616,2025070703001576,PROFL,Siprabi Securities Pvt. Ltd.,Naasa Securities Co. Ltd.,20,510.0,10200.0,2025-07-07 11:23:14.806787
2025-07-07,65523,2025070703001604,PROFL,Aakashbhairab Securities Ltd.,South Asian Bulls Pvt. Ltd.,308,511.0,157388.0,2025-07-07 11:23:35.414466
2025-07-07,65522,2025070703001605,PROFL,Aakashbhairab Securities Ltd.,Aryatara Investment & Securities,100,511.8,51180.0,2025-07-07 11:23:35.414614
2025-07-07,65334,2025070703001660,PROFL,Aakashbhairab Securities Ltd.,Shree Krishna Securities Ltd.,92,511.9,47094.8,2025-07-07 11:24:10.540497
2025-07-07,64699,2025070703001805,PROFL,Siprabi Securities Pvt. Ltd.,ABC Securities Private Limited,10,509.0,5090.0,2025-07-07 11:26:33.440566
2025-07-07,64581,2025070703001846,PROFL,Sweta Securities Private Limited,Naasa Securities Co. Ltd.,50,512.0,25600.0,2025-07-07 11:26:55.677173
2025-07-07,62584,2025070703002271,PROFL,Sani Securities Company Ltd.,Sumeru Securities Pvt. Ltd.,20,509.9,10198.0,2025-07-07 11:34:12.537313
2025-07-07,62437,2025070703002300,PROFL,Sani Securities Company Ltd.,Naasa Securities Co. Ltd.,80,511.0,40880.0,2025-07-07 11:34:52.209215
2025-07-07,58795,2025070703003016,PROFL,Dipshikha Dhitopatra Karobar Co. Pvt Ltd.,Bhrikuti Stock Broking Co. Pvt. Ltd.,500,510.5,255250.0,2025-07-07 11:48:01.786459
2025-07-07,58794,2025070703003017,PROFL,Dipshikha Dhitopatra Karobar Co. Pvt Ltd.,Thrive Brokerage House Pvt. Ltd,50,510.9,25545.0,2025-07-07 11:48:01.786572
2025-07-07,58793,2025070703003018,PROFL,Dipshikha Dhitopatra Karobar Co. Pvt Ltd.,Imperial Securities Company Pvt. Ltd.,300,511.0,153300.0,2025-07-07 11:48:01.786624
2025-07-07,58497,2025070703003082,PROFL,Premier Securities Company Ltd.,Siprabi Securities Pvt. Ltd.,10,509.1,5091.0,2025-07-07 11:49:14.428379
2025-07-07,58496,2025070703003083,PROFL,Premier Securities Company Ltd.,Siprabi Securities Pvt. Ltd.,10,509.1,5091.0,2025-07-07 11:49:14.428487
2025-07-07,58495,2025070703003084,PROFL,Premier Securities Company Ltd.,Siprabi Securities Pvt. Ltd.,30,509.1,15273.0,2025-07-07 11:49:14.428532
2025-07-07,58099,2025070703003170,PROFL,Premier Securities Company Ltd.,Opal Securities Investment (PVT) Ltd.,10,509.1,5091.0,2025-07-07 11:50:42.983514
2025-07-07,58098,2025070703003171,PROFL,Premier Securities Company Ltd.,Opal Securities Investment (PVT) Ltd.,30,509.1,15273.0,2025-07-07 11:50:42.983718
2025-07-07,58011,2025070703003193,PROFL,Dipshikha Dhitopatra Karobar Co. Pvt Ltd.,Opal Securities Investment (PVT) Ltd.,210,509.1,106911.0,2025-07-07 11:50:58.057739
2025-07-07,57807,2025070703003242,PROFL,Dipshikha Dhitopatra Karobar Co. Pvt Ltd.,Dipshikha Dhitopatra Karobar Co. Pvt Ltd.,100,509.1,50910.0,2025-07-07 11:51:32.326289
2025-07-07,56547,2025070703003474,PROFL,Dipshikha Dhitopatra Karobar Co. Pvt Ltd.,Premier Securities Company Ltd.,500,509.1,254550.0,2025-07-07 11:56:03.028378
2025-07-07,56493,2025070703003485,PROFL,Dipshikha Dhitopatra Karobar Co. Pvt Ltd.,Dipshikha Dhitopatra Karobar Co. Pvt Ltd.,190,509.1,96729.0,2025-07-07 11:56:09.602729
2025-07-07,56492,2025070703003486,PROFL,Aryatara Investment & Securities,Dipshikha Dhitopatra Karobar Co. Pvt Ltd.,50,509.0,25450.0,2025-07-07 11:56:09.602772
2025-07-07,56491,2025070703003487,PROFL,Secured Securities Ltd.,Dipshikha Dhitopatra Karobar Co. Pvt Ltd.,100,509.0,50900.0,2025-07-07 11:56:09.602803
2025-07-07,56490,2025070703003488,PROFL,Kohinoor Investment & Securities Pvt. Ltd.,Dipshikha Dhitopatra Karobar Co. Pvt Ltd.,60,509.0,30540.0,2025-07-07 11:56:09.602827
2025-07-07,56229,2025070703003544,PROFL,Kohinoor Investment & Securities Pvt. Ltd.,Premier Securities Company Ltd.,40,509.0,20360.0,2025-07-07 11:57:13.414195
2025-07-07,56228,2025070703003545,PROFL,Trishakti Securities Public Limited,Premier Securities Company Ltd.,466,508.2,236821.2,2025-07-07 11:57:13.414316
2025-07-07,55855,2025070703003638,PROFL,Trishakti Securities Public Limited,Naasa Securities Co. Ltd.,100,508.2,50820.0,2025-07-07 11:58:35.980582
2025-07-07,54902,2025070703003854,PROFL,Vision Securities Pvt. Ltd,Dipshikha Dhitopatra Karobar Co. Pvt Ltd.,50,509.7,25485.0,2025-07-07 12:02:30.309349
2025-07-07,53766,2025070703004162,PROFL,Trishakti Securities Public Limited,Kohinoor Investment & Securities Pvt. Ltd.,100,508.2,50820.0,2025-07-07 12:06:50.780287
2025-07-07,52648,2025070703004415,PROFL,Trishakti Securities Public Limited,Vision Securities Pvt. Ltd,300,508.2,152460.0,2025-07-07 12:10:46.718738
2025-07-07,52553,2025070703004436,PROFL,Trishakti Securities Public Limited,Naasa Securities Co. Ltd.,34,508.2,17278.8,2025-07-07 12:11:05.388911
2025-07-07,52552,2025070703004437,PROFL,Premier Securities Company Ltd.,Naasa Securities Co. Ltd.,20,508.1,10162.0,2025-07-07 12:11:05.389038
2025-07-07,52551,2025070703004438,PROFL,Linch Stock Market Ltd.,Naasa Securities Co. Ltd.,500,508.0,254000.0,2025-07-07 12:11:05.389088
2025-07-07,52550,2025070703004439,PROFL,Secured Securities Ltd.,Naasa Securities Co. Ltd.,100,508.0,50800.0,2025-07-07 12:11:05.389147
2025-07-07,52549,2025070703004440,PROFL,Premier Securities Company Ltd.,Naasa Securities Co. Ltd.,95,508.0,48260.0,2025-07-07 12:11:05.389197
2025-07-07,52438,2025070703004466,PROFL,Premier Securities Company Ltd.,Vision Securities Pvt. Ltd,500,508.0,254000.0,2025-07-07 12:11:27.047792
2025-07-07,52394,2025070703004472,PROFL,Trishakti Securities Public Limited,Naasa Securities Co. Ltd.,70,507.0,35490.0,2025-07-07 12:11:41.128741
2025-07-07,52393,2025070703004473,PROFL,Online Securities Pvt. Ltd.,Naasa Securities Co. Ltd.,87,507.0,44109.0,2025-07-07 12:11:41.128862
2025-07-07,51926,2025070703004567,PROFL,Online Securities Pvt. Ltd.,Aryatara Investment & Securities,113,507.0,57291.0,2025-07-07 12:13:12.754789
2025-07-07,51925,2025070703004568,PROFL,Hatemalo Financial Services Private Limited,Aryatara Investment & Securities,87,506.5,44065.5,2025-07-07 12:13:12.755039
2025-07-07,51245,2025070703004739,PROFL,Hatemalo Financial Services Private Limited,Linch Stock Market Ltd.,363,506.5,183859.5,2025-07-07 12:15:32.255950
2025-07-07,50410,2025070703004969,PROFL,Naasa Securities Co. Ltd.,Secured Securities Ltd.,20,507.0,10140.0,2025-07-07 12:19:27.719642
2025-07-07,49378,2025070703005240,PROFL,Hatemalo Financial Services Private Limited,Neev Securities Pvt. Ltd.,10,506.5,5065.0,2025-07-07 12:23:19.360989
2025-07-07,49297,2025070703005254,PROFL,Hatemalo Financial Services Private Limited,Aryatara Investment & Securities,500,506.5,253250.0,2025-07-07 12:23:36.509078
2025-07-07,48861,2025070703005349,PROFL,Nepal Stock House (PVT) Ltd.,Secured Securities Ltd.,130,507.0,65910.0,2025-07-07 12:25:32.216924
2025-07-07,47002,2025070703005712,PROFL,Hatemalo Financial Services Private Limited,Premier Securities Company Ltd.,40,506.5,20260.0,2025-07-07 12:33:09.956398
2025-07-07,46931,2025070703005729,PROFL,Dipshikha Dhitopatra Karobar Co. Pvt Ltd.,ABC Securities Private Limited,500,506.1,253050.0,2025-07-07 12:33:39.037623
2025-07-07,46856,2025070703005749,PROFL,Vision Securities Pvt. Ltd,J.F. Securites (PVT) Ltd.,100,507.8,50780.0,2025-07-07 12:34:04.050737
2025-07-07,46855,2025070703005750,PROFL,Vision Securities Pvt. Ltd,Vision Securities Pvt. Ltd,400,507.9,203160.0,2025-07-07 12:34:04.050939
2025-07-07,46705,2025070703005782,PROFL,Midas Stock Broking Company Private Limited,Vision Securities Pvt. Ltd,10,507.9,5079.0,2025-07-07 12:34:48.787461
2025-07-07,46510,2025070703005836,PROFL,Agrawal Securities (PVT) Ltd.,Naasa Securities Co. Ltd.,100,507.0,50700.0,2025-07-07 12:35:41.710359
2025-07-07,45920,2025070703005991,PROFL,Agrawal Securities (PVT) Ltd.,South Asian Bulls Pvt. Ltd.,250,507.0,126750.0,2025-07-07 12:38:41.947043
2025-07-07,45527,2025070703006065,PROFL,Agrawal Securities (PVT) Ltd.,Swarna Laxmi Securities Pvt. Ltd.,150,507.0,76050.0,2025-07-07 12:40:36.102752
2025-07-07,45413,2025070703006094,PROFL,ABC Securities Private Limited,ABC Securities Private Limited,50,506.0,25300.0,2025-07-07 12:41:14.837938
2025-07-07,45412,2025070703006095,PROFL,Imperial Securities Company Pvt. Ltd.,ABC Securities Private Limited,50,506.0,25300.0,2025-07-07 12:41:14.838089
2025-07-07,45065,2025070703006180,PROFL,Imperial Securities Company Pvt. Ltd.,Stoxkarts Securities Limited,50,506.0,25300.0,2025-07-07 12:42:52.144248
2025-07-07,45064,2025070703006181,PROFL,Arun Securities (PVT) Ltd.,Stoxkarts Securities Limited,100,506.0,50600.0,2025-07-07 12:42:52.144378
2025-07-07,45006,2025070703006191,PROFL,Nepal Investment And Securities Trading Private Limited,Sharepro Securities Private Limited,500,505.2,252600.0,2025-07-07 12:43:09.787941
2025-07-07,45005,2025070703006192,PROFL,Secured Securities Ltd.,Sharepro Securities Private Limited,335,505.0,169175.0,2025-07-07 12:43:09.788098
2025-07-07,45004,2025070703006193,PROFL,Sri Hari Securities Pvt. Ltd.,Sharepro Securities Private Limited,100,505.0,50500.0,2025-07-07 12:43:09.788148
2025-07-07,44712,2025070703006260,PROFL,Nepal Stock House (PVT) Ltd.,Sharepro Securities Private Limited,95,505.0,47975.0,2025-07-07 12:44:17.563844
2025-07-07,43501,2025070703006534,PROFL,Premier Securities Company Ltd.,ABC Securities Private Limited,10,504.9,5049.0,2025-07-07 12:49:02.463668
2025-07-07,43500,2025070703006535,PROFL,Premier Securities Company Ltd.,ABC Securities Private Limited,10,504.9,5049.0,2025-07-07 12:49:02.463711
2025-07-07,43499,2025070703006536,PROFL,Premier Securities Company Ltd.,ABC Securities Private Limited,50,504.9,25245.0,2025-07-07 12:49:02.463740
2025-07-07,43498,2025070703006537,PROFL,Premier Securities Company Ltd.,ABC Securities Private Limited,10,504.8,5048.0,2025-07-07 12:49:02.463765
2025-07-07,43497,2025070703006538,PROFL,Kohinoor Investment & Securities Pvt. Ltd.,ABC Securities Private Limited,300,504.7,151410.0,2025-07-07 12:49:02.463816
2025-07-07,43496,2025070703006539,PROFL,Ashutosh Brokerage & Securities (PVT) Ltd.,ABC Securities Private Limited,20,504.1,10082.0,2025-07-07 12:49:02.463842
2025-07-07,43409,2025070703006573,PROFL,Ashutosh Brokerage & Securities (PVT) Ltd.,Swarna Laxmi Securities Pvt. Ltd.,276,504.1,139131.6,2025-07-07 12:49:27.341949
2025-07-07,43408,2025070703006574,PROFL,Imperial Securities Company Pvt. Ltd.,Swarna Laxmi Securities Pvt. Ltd.,74,504.0,37296.0,2025-07-07 12:49:27.342191
2025-07-07,43210,2025070703006642,PROFL,Imperial Securities Company Pvt. Ltd.,Swarna Laxmi Securities Pvt. Ltd.,26,504.0,13104.0,2025-07-07 12:50:20.522470
2025-07-07,43209,2025070703006643,PROFL,Premier Securities Company Ltd.,Swarna Laxmi Securities Pvt. Ltd.,94,504.0,47376.0,2025-07-07 12:50:20.522595
2025-07-07,41600,2025070703007008,PROFL,Primo Securities (PVT) Ltd.,Nepal Investment And Securities Trading Private Limited,50,503.0,25150.0,2025-07-07 12:55:48.774316
2025-07-07,41588,2025070703007011,PROFL,Investment Management Nepal Pvt. Ltd.,Malla & Malla Stock Broking Company Pvt. Limited,25,502.0,12550.0,2025-07-07 12:55:53.405437
2025-07-07,41388,2025070703007079,PROFL,Sweta Securities Private Limited,Malla & Malla Stock Broking Company Pvt. Limited,45,501.8,22581.0,2025-07-07 12:56:28.525652
2025-07-07,41007,2025070703007190,PROFL,Arun Securities (PVT) Ltd.,Nepal Investment And Securities Trading Private Limited,100,504.0,50400.0,2025-07-07 12:57:32.656922
2025-07-07,40836,2025070703007249,PROFL,Vision Securities Pvt. Ltd,Siprabi Securities Pvt. Ltd.,50,501.7,25085.0,2025-07-07 12:58:19.425795
2025-07-07,40835,2025070703007250,PROFL,Aryatara Investment & Securities,Siprabi Securities Pvt. Ltd.,15,501.7,7525.5,2025-07-07 12:58:19.426003
2025-07-07,39290,2025070703007623,PROFL,Malla & Malla Stock Broking Company Pvt. Limited,Agrawal Securities (PVT) Ltd.,10,501.7,5017.0,2025-07-07 13:02:48.605366
2025-07-07,39289,2025070703007624,PROFL,Shree Krishna Securities Ltd.,Agrawal Securities (PVT) Ltd.,150,501.0,75150.0,2025-07-07 13:02:48.605488
2025-07-07,38864,2025070703007703,PROFL,J.F. Securites (PVT) Ltd.,Agrawal Securities (PVT) Ltd.,25,501.0,12525.0,2025-07-07 13:03:53.628039
2025-07-07,38549,2025070703007790,PROFL,Oxford Securities Pvt. Ltd.,Agrawal Securities (PVT) Ltd.,115,501.0,57615.0,2025-07-07 13:04:47.167456
2025-07-07,38548,2025070703007791,PROFL,Oxford Securities Pvt. Ltd.,Aryatara Investment & Securities,20,501.0,10020.0,2025-07-07 13:04:47.167580
2025-07-07,38406,2025070703007822,PROFL,South Asian Bulls Pvt. Ltd.,Nepal Investment And Securities Trading Private Limited,100,500.8,50080.0,2025-07-07 13:05:23.668992
2025-07-07,38269,2025070703007841,PROFL,Kumari Securities Private Limited,Aryatara Investment & Securities,80,501.0,40080.0,2025-07-07 13:05:48.010052
2025-07-07,38268,2025070703007842,PROFL,Kumari Securities Private Limited,Dakshinkali Investment & Securities Pvt. Ltd.,200,502.0,100400.0,2025-07-07 13:05:48.010255
2025-07-07,36608,2025070703008204,PROFL,Vision Securities Pvt. Ltd,Nepal Investment And Securities Trading Private Limited,50,503.0,25150.0,2025-07-07 13:11:09.104771
2025-07-07,36332,2025070703008269,PROFL,Neev Securities Pvt. Ltd.,KALASH STOCK MARKET PVT. LTD.,200,502.0,100400.0,2025-07-07 13:11:48.126178
2025-07-07,36288,2025070703008286,PROFL,Trishakti Securities Public Limited,Naasa Securities Co. Ltd.,50,505.0,25250.0,2025-07-07 13:12:04.576143
2025-07-07,36287,2025070703008287,PROFL,Trishakti Securities Public Limited,Beni Securities Pvt.Ltd.,150,505.0,75750.0,2025-07-07 13:12:04.576286
2025-07-07,36034,2025070703008329,PROFL,K.B.L. Securities Limited ,Aryatara Investment & Securities,100,504.9,50490.0,2025-07-07 13:13:06.075716
2025-07-07,36033,2025070703008330,PROFL,K.B.L. Securities Limited ,Beni Securities Pvt.Ltd.,150,505.0,75750.0,2025-07-07 13:13:06.075934
2025-07-07,34379,2025070703008685,PROFL,Neev Securities Pvt. Ltd.,Dipshikha Dhitopatra Karobar Co. Pvt Ltd.,100,502.0,50200.0,2025-07-07 13:19:36.648398
2025-07-07,33750,2025070703008789,PROFL,Sani Securities Company Ltd.,Nepal Investment And Securities Trading Private Limited,200,501.0,100200.0,2025-07-07 13:21:54.400723
2025-07-07,32423,2025070703009076,PROFL,Trishakti Securities Public Limited,NIMB Stock Markets Limited,150,501.0,75150.0,2025-07-07 13:26:55.517739
2025-07-07,32395,2025070703009083,PROFL,Trishakti Securities Public Limited,BHOLE GANESH SECURITIES LTD,850,501.0,425850.0,2025-07-07 13:27:03.818620
2025-07-07,32216,2025070703009103,PROFL,Investment Management Nepal Pvt. Ltd.,BHOLE GANESH SECURITIES LTD,150,501.0,75150.0,2025-07-07 13:27:30.027772
2025-07-07,31847,2025070703009178,PROFL,Premier Securities Company Ltd.,Dipshikha Dhitopatra Karobar Co. Pvt Ltd.,100,502.0,50200.0,2025-07-07 13:29:02.462414
2025-07-07,31064,2025070703009337,PROFL,Oxford Securities Pvt. Ltd.,Dipshikha Dhitopatra Karobar Co. Pvt Ltd.,100,502.0,50200.0,2025-07-07 13:32:54.386858
2025-07-07,31015,2025070703009343,PROFL,Premier Securities Company Ltd.,Dipshikha Dhitopatra Karobar Co. Pvt Ltd.,50,502.0,25100.0,2025-07-07 13:33:10.750890
2025-07-07,30421,2025070703009444,PROFL,Online Securities Pvt. Ltd.,Dipshikha Dhitopatra Karobar Co. Pvt Ltd.,50,502.0,25100.0,2025-07-07 13:35:52.285834
2025-07-07,30303,2025070703009475,PROFL,Online Securities Pvt. Ltd.,South Asian Bulls Pvt. Ltd.,100,503.9,50390.0,2025-07-07 13:36:25.537227
2025-07-07,30302,2025070703009476,PROFL,Online Securities Pvt. Ltd.,Imperial Securities Company Pvt. Ltd.,302,504.0,152208.0,2025-07-07 13:36:25.537398
2025-07-07,30301,2025070703009477,PROFL,Online Securities Pvt. Ltd.,Imperial Securities Company Pvt. Ltd.,242,504.0,121968.0,2025-07-07 13:36:25.537453
2025-07-07,30300,2025070703009478,PROFL,Online Securities Pvt. Ltd.,Imperial Securities Company Pvt. Ltd.,206,504.0,103824.0,2025-07-07 13:36:25.537502
2025-07-07,30241,2025070703009488,PROFL,Online Securities Pvt. Ltd.,Imperial Securities Company Pvt. Ltd.,94,504.0,47376.0,2025-07-07 13:36:41.653778
2025-07-07,29787,2025070703009570,PROFL,Online Securities Pvt. Ltd.,Dakshinkali Investment & Securities Pvt. Ltd.,300,504.5,151350.0,2025-07-07 13:38:48.775202
2025-07-07,29682,2025070703009588,PROFL,Online Securities Pvt. Ltd.,Creative Securities Pvt Ltd,106,505.0,53530.0,2025-07-07 13:39:21.213146
2025-07-07,29018,2025070703009852,PROFL,Kohinoor Investment & Securities Pvt. Ltd.,Creative Securities Pvt Ltd,100,505.0,50500.0,2025-07-07 13:41:32.882325
2025-07-07,27182,2025070703010225,PROFL,Capital Max Securities Ltd,Creative Securities Pvt Ltd,50,505.0,25250.0,2025-07-07 13:49:56.303681
2025-07-07,26493,2025070703010448,PROFL,Deevyaa Securities & Stock House Pvt. Ltd,Siprabi Securities Pvt. Ltd.,35,503.0,17605.0,2025-07-07 13:52:22.550183
2025-07-07,24647,2025070703010797,PROFL,Nepal Stock House (PVT) Ltd.,Sri Hari Securities Pvt. Ltd.,20,502.0,10040.0,2025-07-07 13:58:58.045241
2025-07-07,24646,2025070703010798,PROFL,Sweta Securities Private Limited,Sri Hari Securities Pvt. Ltd.,30,502.0,15060.0,2025-07-07 13:58:58.045461
2025-07-07,24645,2025070703010799,PROFL,Kohinoor Investment & Securities Pvt. Ltd.,Sri Hari Securities Pvt. Ltd.,400,502.0,200800.0,2025-07-07 13:58:58.045608
2025-07-07,23129,2025070703011142,PROFL,Vision Securities Pvt. Ltd,Secured Securities Ltd.,492,501.1,246541.2,2025-07-07 14:06:03.352703
2025-07-07,22916,2025070703011198,PROFL,Sani Securities Company Ltd.,Imperial Securities Company Pvt. Ltd.,500,501.0,250500.0,2025-07-07 14:07:15.713905
2025-07-07,22915,2025070703011199,PROFL,Imperial Securities Company Pvt. Ltd.,Imperial Securities Company Pvt. Ltd.,255,501.0,127755.0,2025-07-07 14:07:15.714034
2025-07-07,22480,2025070703011315,PROFL,Imperial Securities Company Pvt. Ltd.,Dipshikha Dhitopatra Karobar Co. Pvt Ltd.,140,501.0,70140.0,2025-07-07 14:09:19.218915
2025-07-07,21619,2025070703011543,PROFL,Sri Hari Securities Pvt. Ltd.,Trishakti Securities Public Limited,100,503.0,50300.0,2025-07-07 14:13:52.092339
2025-07-07,21599,2025070703011545,PROFL,Vision Securities Pvt. Ltd,Sani Securities Company Ltd.,10,501.1,5011.0,2025-07-07 14:13:58.376057
2025-07-07,21598,2025070703011546,PROFL,Imperial Securities Company Pvt. Ltd.,Sani Securities Company Ltd.,105,501.0,52605.0,2025-07-07 14:13:58.376232
2025-07-07,21597,2025070703011547,PROFL,Deevyaa Securities & Stock House Pvt. Ltd,Sani Securities Company Ltd.,235,501.0,117735.0,2025-07-07 14:13:58.376288
2025-07-07,20958,2025070703011668,PROFL,Trisul Securities & Invt. Ltd.,Trishakti Securities Public Limited,10,503.0,5030.0,2025-07-07 14:16:46.715353
2025-07-07,20294,2025070703011775,PROFL,Kalika Securities Pvt. Ltd.,Trishakti Securities Public Limited,60,503.0,30180.0,2025-07-07 14:19:46.841753
2025-07-07,15948,2025070703012617,PROFL,Premier Securities Company Ltd.,Dynamic Money Managers Securities Pvt. Ltd.,50,501.1,25055.0,2025-07-07 14:31:15.860563
2025-07-07,15947,2025070703012618,PROFL,Deevyaa Securities & Stock House Pvt. Ltd,Dynamic Money Managers Securities Pvt. Ltd.,265,501.0,132765.0,2025-07-07 14:31:15.860725
2025-07-07,15946,2025070703012619,PROFL,SUN SECURITIES PVT LTD,Dynamic Money Managers Securities Pvt. Ltd.,300,501.0,150300.0,2025-07-07 14:31:15.860794
2025-07-07,15945,2025070703012620,PROFL,Sani Securities Company Ltd.,Dynamic Money Managers Securities Pvt. Ltd.,385,501.0,192885.0,2025-07-07 14:31:15.860848
2025-07-07,15772,2025070703012643,PROFL,Sani Securities Company Ltd.,Online Securities Pvt. Ltd.,100,501.0,50100.0,2025-07-07 14:31:47.268482
2025-07-07,15763,2025070703012645,PROFL,Sani Securities Company Ltd.,Siprabi Securities Pvt. Ltd.,15,501.0,7515.0,2025-07-07 14:31:50.388086
2025-07-07,15762,2025070703012646,PROFL,South Asian Bulls Pvt. Ltd.,Siprabi Securities Pvt. Ltd.,400,500.8,200320.0,2025-07-07 14:31:50.388251
2025-07-07,15761,2025070703012647,PROFL,Premier Securities Company Ltd.,Siprabi Securities Pvt. Ltd.,50,500.8,25040.0,2025-07-07 14:31:50.388305
2025-07-07,15760,2025070703012648,PROFL,Nepal Stock House (PVT) Ltd.,Siprabi Securities Pvt. Ltd.,30,500.8,15024.0,2025-07-07 14:31:50.388357
2025-07-07,15523,2025070703012685,PROFL,Vision Securities Pvt. Ltd,Siprabi Securities Pvt. Ltd.,50,500.7,25035.0,2025-07-07 14:32:23.790222
2025-07-07,15522,2025070703012686,PROFL,Premier Securities Company Ltd.,Siprabi Securities Pvt. Ltd.,50,500.5,25025.0,2025-07-07 14:32:23.790343
2025-07-07,15521,2025070703012687,PROFL,Arun Securities (PVT) Ltd.,Siprabi Securities Pvt. Ltd.,100,500.0,50000.0,2025-07-07 14:32:23.790396
2025-07-07,15520,2025070703012688,PROFL,Naasa Securities Co. Ltd.,Siprabi Securities Pvt. Ltd.,170,500.0,85000.0,2025-07-07 14:32:23.790447
2025-07-07,15435,2025070703012703,PROFL,Naasa Securities Co. Ltd.,ABC Securities Private Limited,30,500.0,15000.0,2025-07-07 14:32:36.076852
2025-07-07,15434,2025070703012704,PROFL,Naasa Securities Co. Ltd.,ABC Securities Private Limited,200,500.0,100000.0,2025-07-07 14:32:36.076967
2025-07-07,15433,2025070703012705,PROFL,Secured Securities Ltd.,ABC Securities Private Limited,100,500.0,50000.0,2025-07-07 14:32:36.077064
2025-07-07,15432,2025070703012706,PROFL,Naasa Securities Co. Ltd.,ABC Securities Private Limited,180,500.0,90000.0,2025-07-07 14:32:36.077150
2025-07-07,15431,2025070703012707,PROFL,Aryatara Investment & Securities,ABC Securities Private Limited,34,500.0,17000.0,2025-07-07 14:32:36.077220
2025-07-07,15430,2025070703012708,PROFL,Kumari Securities Private Limited,ABC Securities Private Limited,50,500.0,25000.0,2025-07-07 14:32:36.077292
2025-07-07,15429,2025070703012709,PROFL,Thrive Brokerage House Pvt. Ltd,ABC Securities Private Limited,406,500.0,203000.0,2025-07-07 14:32:36.077365
2025-07-07,15153,2025070703012739,PROFL,Thrive Brokerage House Pvt. Ltd,Aryatara Investment & Securities,94,500.0,47000.0,2025-07-07 14:33:19.349504
2025-07-07,15152,2025070703012740,PROFL,Ashutosh Brokerage & Securities (PVT) Ltd.,Aryatara Investment & Securities,35,500.0,17500.0,2025-07-07 14:33:19.349649
2025-07-07,15151,2025070703012741,PROFL,Aryatara Investment & Securities,Aryatara Investment & Securities,81,500.0,40500.0,2025-07-07 14:33:19.349711
2025-07-07,14485,2025070703012871,PROFL,Aryatara Investment & Securities,Hatemalo Financial Services Private Limited,19,500.0,9500.0,2025-07-07 14:34:48.906882
2025-07-07,14484,2025070703012872,PROFL,Dipshikha Dhitopatra Karobar Co. Pvt Ltd.,Hatemalo Financial Services Private Limited,31,500.0,15500.0,2025-07-07 14:34:48.907158
2025-07-07,14482,2025070703012873,PROFL,Dipshikha Dhitopatra Karobar Co. Pvt Ltd.,SUN SECURITIES PVT LTD,19,500.0,9500.0,2025-07-07 14:34:49.288172
2025-07-07,13833,2025070703013093,PROFL,Premier Securities Company Ltd.,Naasa Securities Co. Ltd.,245,499.1,122279.5,2025-07-07 14:36:01.063329
2025-07-07,13832,2025070703013094,PROFL,South Asian Bulls Pvt. Ltd.,Naasa Securities Co. Ltd.,805,499.0,401695.0,2025-07-07 14:36:01.063366
2025-07-07,12878,2025070703013283,PROFL,South Asian Bulls Pvt. Ltd.,Market Securities & Exchange (PVT) Ltd.,100,499.0,49900.0,2025-07-07 14:38:30.673140
2025-07-07,12645,2025070703013314,PROFL,South Asian Bulls Pvt. Ltd.,Siprabi Securities Pvt. Ltd.,95,499.0,47405.0,2025-07-07 14:38:55.451423
2025-07-07,12130,2025070703013432,PROFL,Nepal Investment And Securities Trading Private Limited,Vision Securities Pvt. Ltd,350,499.0,174650.0,2025-07-07 14:40:12.851823
2025-07-07,12012,2025070703013466,PROFL,Nepal Investment And Securities Trading Private Limited,SUN SECURITIES PVT LTD,42,499.0,20958.0,2025-07-07 14:40:30.549466
2025-07-07,11858,2025070703013495,PROFL,Nepal Investment And Securities Trading Private Limited,Agrawal Securities (PVT) Ltd.,41,499.0,20459.0,2025-07-07 14:40:49.928485
2025-07-07,10985,2025070703013793,PROFL,Stoxkarts Securities Limited,Sani Securities Company Ltd.,200,500.0,100000.0,2025-07-07 14:42:35.356730
2025-07-07,10879,2025070703013831,PROFL,Nepal Investment And Securities Trading Private Limited,Malla & Malla Stock Broking Company Pvt. Limited,60,499.0,29940.0,2025-07-07 14:42:48.048904
2025-07-07,9964,2025070703014080,PROFL,Nepal Investment And Securities Trading Private Limited,South Asian Bulls Pvt. Ltd.,10,499.0,4990.0,2025-07-07 14:44:52.367431
2025-07-07,9513,2025070703014195,PROFL,Nepal Stock House (PVT) Ltd.,South Asian Bulls Pvt. Ltd.,30,499.0,14970.0,2025-07-07 14:45:51.697994
2025-07-07,8711,2025070703014353,PROFL,Naasa Securities Co. Ltd.,Siprabi Securities Pvt. Ltd.,30,498.3,14949.0,2025-07-07 14:47:52.671225
2025-07-07,8512,2025070703014404,PROFL,Kohinoor Investment & Securities Pvt. Ltd.,South Asian Bulls Pvt. Ltd.,500,499.0,249500.0,2025-07-07 14:48:23.798246
2025-07-07,5511,2025070703015031,PROFL,Sani Securities Company Ltd.,Siprabi Securities Pvt. Ltd.,15,500.0,7500.0,2025-07-07 14:53:45.933442
2025-07-07,3802,2025070703015315,PROFL,Premier Securities Company Ltd.,Sweta Securities Private Limited,200,499.0,99800.0,2025-07-07 14:56:29.137498
2025-07-07,3740,2025070703015333,PROFL,Sani Securities Company Ltd.,Sweta Securities Private Limited,100,499.0,49900.0,2025-07-07 14:56:35.584358
2025-07-07,3739,2025070703015334,PROFL,Sani Securities Company Ltd.,Sumeru Securities Pvt. Ltd.,50,500.0,25000.0,2025-07-07 14:56:35.584476
2025-07-07,3738,2025070703015335,PROFL,Sani Securities Company Ltd.,Pragyan Securities (PVT) Ltd.,35,500.0,17500.0,2025-07-07 14:56:35.584536
2025-07-07,2848,2025070703015472,PROFL,Imperial Securities Company Pvt. Ltd.,Sweta Securities Private Limited,18,499.0,8982.0,2025-07-07 14:57:56.576166
2025-07-07,1987,2025070703015603,PROFL,Sweta Securities Private Limited,Sweta Securities Private Limited,82,499.0,40918.0,2025-07-07 14:58:45.712792
