Date,S.N.,Contract ID,Symbol,Buyer Broker,Seller Broker,quantity,rate,amount,transaction_time
2025-08-03,151378,2025080301000729,SBL,Cristal Kanchanjanga Securites Pvt. Ltd.,Imperial Securities Company Pvt. Ltd.,10,386.0,3860.0,2025-08-03T11:02:10.250062
2025-08-03,147860,2025080301002904,SBL,Online Securities Pvt. Ltd.,Capital Max Securities Ltd,12,380.0,4560.0,2025-08-03T11:07:34.121974
2025-08-03,147831,2025080301002925,SBL,Online Securities Pvt. Ltd.,Kalika Securities Pvt. Ltd.,188,380.0,71440.0,2025-08-03T11:07:35.858949
2025-08-03,147193,2025080301003290,SBL,Bhrikuti Stock Broking Co. Pvt. Ltd.,Kalika Securities Pvt. Ltd.,10,380.0,3800.0,2025-08-03T11:08:30.395861
2025-08-03,147168,2025080301003302,SBL,Imperial Securities Company Pvt. Ltd.,Midas Stock Broking Company Private Limited,500,379.0,189500.0,2025-08-03T11:08:33.057075
2025-08-03,145899,2025080301003920,SBL,Cristal Kanchanjanga Securites Pvt. Ltd.,Kalika Securities Pvt. Ltd.,20,380.0,7600.0,2025-08-03T11:10:23.484917
2025-08-03,145898,2025080301003921,SBL,Cristal Kanchanjanga Securites Pvt. Ltd.,Midas Stock Broking Company Private Limited,10,382.8,3828.0,2025-08-03T11:10:23.484993
2025-08-03,143052,2025080301005503,SBL,ABC Securities Private Limited,South Asian Bulls Pvt. Ltd.,16,376.0,6016.0,2025-08-03T11:13:39.535514
2025-08-03,142800,2025080301005609,SBL,Trishakti Securities Public Limited,Dakshinkali Investment & Securities Pvt. Ltd.,10,380.0,3800.0,2025-08-03T11:14:00.713653
2025-08-03,142781,2025080301005623,SBL,Trishakti Securities Public Limited,Dakshinkali Investment & Securities Pvt. Ltd.,10,380.0,3800.0,2025-08-03T11:14:01.731377
2025-08-03,142657,2025080301005689,SBL,Sundhara Securities Limited,Vision Securities Pvt. Ltd,150,375.5,56325.0,2025-08-03T11:14:13.664173
2025-08-03,141798,2025080301006145,SBL,South Asian Bulls Pvt. Ltd.,Kalika Securities Pvt. Ltd.,301,375.6,113055.6,2025-08-03T11:15:22.423137
2025-08-03,138680,2025080301007476,SBL,South Asian Bulls Pvt. Ltd.,Dipshikha Dhitopatra Karobar Co. Pvt Ltd.,175,375.6,65730.0,2025-08-03T11:19:37.438155
2025-08-03,138259,2025080301007671,SBL,South Asian Bulls Pvt. Ltd.,Dynamic Money Managers Securities Pvt. Ltd.,525,375.6,197190.0,2025-08-03T11:20:12.849955
2025-08-03,137563,2025080301008036,SBL,Imperial Securities Company Pvt. Ltd.,Aryatara Investment & Securities,30,376.0,11280.0,2025-08-03T11:20:49.180063
2025-08-03,137149,2025080301008224,SBL,Sri Hari Securities Pvt. Ltd.,Aryatara Investment & Securities,50,376.0,18800.0,2025-08-03T11:21:20.618429
2025-08-03,136610,2025080301008470,SBL,Vision Securities Pvt. Ltd,Aryatara Investment & Securities,50,376.0,18800.0,2025-08-03T11:21:55.399736
2025-08-03,136282,2025080301008627,SBL,Sri Hari Securities Pvt. Ltd.,Aryatara Investment & Securities,50,376.0,18800.0,2025-08-03T11:22:16.19157
2025-08-03,136151,2025080301008697,SBL,Siprabi Securities Pvt. Ltd.,Aryatara Investment & Securities,50,376.0,18800.0,2025-08-03T11:22:26.362901
2025-08-03,134943,2025080301009320,SBL,Sri Hari Securities Pvt. Ltd.,Aryatara Investment & Securities,50,376.0,18800.0,2025-08-03T11:23:39.707177
2025-08-03,134863,2025080301009339,SBL,Imperial Securities Company Pvt. Ltd.,Aryatara Investment & Securities,420,376.0,157920.0,2025-08-03T11:23:46.006795
2025-08-03,134862,2025080301009340,SBL,Imperial Securities Company Pvt. Ltd.,Dynamic Money Managers Securities Pvt. Ltd.,80,376.0,30080.0,2025-08-03T11:23:46.006905
2025-08-03,134692,2025080301009416,SBL,Miyo Securities Pvt Ltd,Dynamic Money Managers Securities Pvt. Ltd.,100,376.0,37600.0,2025-08-03T11:24:00.670483
2025-08-03,134034,2025080301009680,SBL,Arun Securities (PVT) Ltd.,Naasa Securities Co. Ltd.,255,375.9,95854.5,2025-08-03T11:24:47.791584
2025-08-03,133844,2025080301009745,SBL,Miyo Securities Pvt Ltd,Dynamic Money Managers Securities Pvt. Ltd.,100,376.0,37600.0,2025-08-03T11:25:02.992567
2025-08-03,133765,2025080301009774,SBL,Capital Max Securities Ltd,Dynamic Money Managers Securities Pvt. Ltd.,175,376.0,65800.0,2025-08-03T11:25:11.197983
2025-08-03,133619,2025080301009850,SBL,Capital Max Securities Ltd,Nepal Investment And Securities Trading Private Limited,50,376.0,18800.0,2025-08-03T11:25:20.036817
2025-08-03,133589,2025080301009866,SBL,South Asian Bulls Pvt. Ltd.,Secured Securities Ltd.,20,376.1,7522.0,2025-08-03T11:25:23.362499
2025-08-03,133267,2025080301010023,SBL,Naasa Securities Co. Ltd.,Neev Securities Pvt. Ltd.,200,377.0,75400.0,2025-08-03T11:25:48.266798
2025-08-03,132836,2025080301010217,SBL,Magnet Securities and Investment Company Private Limited,Imperial Securities Company Pvt. Ltd.,45,376.5,16942.5,2025-08-03T11:26:13.639491
2025-08-03,132835,2025080301010218,SBL,South Asian Bulls Pvt. Ltd.,Imperial Securities Company Pvt. Ltd.,87,376.1,32720.7,2025-08-03T11:26:13.639573
2025-08-03,132756,2025080301010254,SBL,South Asian Bulls Pvt. Ltd.,Naasa Securities Co. Ltd.,200,376.1,75220.0,2025-08-03T11:26:19.911564
2025-08-03,131211,2025080301011108,SBL,South Asian Bulls Pvt. Ltd.,Sundhara Securities Limited,1000,376.1,376100.0,2025-08-03T11:28:11.126569
2025-08-03,131036,2025080301011178,SBL,Sharepro Securities Private Limited,Sundhara Securities Limited,825,376.2,310365.0,2025-08-03T11:28:32.241812
2025-08-03,130300,2025080301011488,SBL,Naasa Securities Co. Ltd.,Online Securities Pvt. Ltd.,150,376.3,56445.0,2025-08-03T11:29:40.393137
2025-08-03,128591,2025080301012302,SBL,Cristal Kanchanjanga Securites Pvt. Ltd.,Midas Stock Broking Company Private Limited,60,376.5,22590.0,2025-08-03T11:32:46.386328
2025-08-03,127205,2025080301012842,SBL,Cristal Kanchanjanga Securites Pvt. Ltd.,Nepal Stock House (PVT) Ltd.,440,376.5,165660.0,2025-08-03T11:34:25.761057
2025-08-03,127204,2025080301012843,SBL,South Asian Bulls Pvt. Ltd.,Nepal Stock House (PVT) Ltd.,1560,376.4,587184.0,2025-08-03T11:34:25.761203
2025-08-03,127056,2025080301012880,SBL,South Asian Bulls Pvt. Ltd.,Sharepro Securities Private Limited,50,376.4,18820.0,2025-08-03T11:34:33.547357
2025-08-03,125804,2025080301013381,SBL,Primo Securities (PVT) Ltd.,Nepal Stock House (PVT) Ltd.,160,376.4,60224.0,2025-08-03T11:35:48.899683
2025-08-03,125803,2025080301013382,SBL,Naasa Securities Co. Ltd.,Nepal Stock House (PVT) Ltd.,150,376.4,56460.0,2025-08-03T11:35:48.899811
2025-08-03,125732,2025080301013402,SBL,Dakshinkali Investment & Securities Pvt. Ltd.,Nepal Stock House (PVT) Ltd.,50,376.4,18820.0,2025-08-03T11:35:55.363389
2025-08-03,125328,2025080301013574,SBL,South Asian Bulls Pvt. Ltd.,Creative Securities Pvt Ltd,1000,376.3,376300.0,2025-08-03T11:36:25.765912
2025-08-03,124520,2025080301013894,SBL,South Asian Bulls Pvt. Ltd.,Agrawal Securities (PVT) Ltd.,82,376.3,30856.6,2025-08-03T11:37:28.537221
2025-08-03,124519,2025080301013895,SBL,Sharepro Securities Private Limited,Agrawal Securities (PVT) Ltd.,1175,376.2,442035.0,2025-08-03T11:37:28.53729
2025-08-03,124518,2025080301013896,SBL,Sharepro Securities Private Limited,Agrawal Securities (PVT) Ltd.,826,376.2,310741.2,2025-08-03T11:37:28.537317
2025-08-03,124200,2025080301014050,SBL,Cristal Kanchanjanga Securites Pvt. Ltd.,Nepal Stock House (PVT) Ltd.,41,376.4,15432.4,2025-08-03T11:37:55.569537
2025-08-03,124122,2025080301014079,SBL,Sharepro Securities Private Limited,Deevyaa Securities & Stock House Pvt. Ltd,1174,376.2,441658.8,2025-08-03T11:38:04.669181
2025-08-03,124121,2025080301014080,SBL,Arun Securities (PVT) Ltd.,Deevyaa Securities & Stock House Pvt. Ltd,245,376.2,92169.0,2025-08-03T11:38:04.669305
2025-08-03,122913,2025080301014708,SBL,Sharepro Securities Private Limited,Deevyaa Securities & Stock House Pvt. Ltd,1081,376.2,406672.2,2025-08-03T11:39:51.659257
2025-08-03,121999,2025080301015125,SBL,Sharepro Securities Private Limited,Dipshikha Dhitopatra Karobar Co. Pvt Ltd.,10,376.1,3761.0,2025-08-03T11:41:12.092956
2025-08-03,121547,2025080301015322,SBL,Sharepro Securities Private Limited,Creative Securities Pvt Ltd,643,376.1,241832.3,2025-08-03T11:41:49.697359
2025-08-03,121258,2025080301015451,SBL,Sharepro Securities Private Limited,Agrawal Securities (PVT) Ltd.,300,376.1,112830.0,2025-08-03T11:42:12.776179
2025-08-03,120345,2025080301015985,SBL,Sharepro Securities Private Limited,Agrawal Securities (PVT) Ltd.,966,376.1,363312.6,2025-08-03T11:43:35.758637
2025-08-03,120344,2025080301015986,SBL,Capital Max Securities Ltd,Agrawal Securities (PVT) Ltd.,464,376.0,174464.0,2025-08-03T11:43:35.758762
2025-08-03,120269,2025080301016020,SBL,Capital Max Securities Ltd,Kohinoor Investment & Securities Pvt. Ltd.,270,376.0,101520.0,2025-08-03T11:43:44.632487
2025-08-03,119518,2025080301016376,SBL,Capital Max Securities Ltd,Dipshikha Dhitopatra Karobar Co. Pvt Ltd.,530,376.0,199280.0,2025-08-03T11:45:03.433008
2025-08-03,117756,2025080301017276,SBL,Capital Max Securities Ltd,Naasa Securities Co. Ltd.,50,376.0,18800.0,2025-08-03T11:47:39.35
2025-08-03,117624,2025080301017353,SBL,Capital Max Securities Ltd,Siprabi Securities Pvt. Ltd.,50,376.0,18800.0,2025-08-03T11:47:51.352785
2025-08-03,117107,2025080301017547,SBL,Capital Max Securities Ltd,Kumari Securities Private Limited,1000,376.0,376000.0,2025-08-03T11:48:35.753905
2025-08-03,117040,2025080301017585,SBL,Capital Max Securities Ltd,Online Securities Pvt. Ltd.,50,376.0,18800.0,2025-08-03T11:48:44.612907
2025-08-03,117017,2025080301017594,SBL,Capital Max Securities Ltd,Investment Management Nepal Pvt. Ltd.,150,376.0,56400.0,2025-08-03T11:48:47.731104
2025-08-03,116674,2025080301017760,SBL,Capital Max Securities Ltd,Dipshikha Dhitopatra Karobar Co. Pvt Ltd.,530,376.0,199280.0,2025-08-03T11:49:24.187651
2025-08-03,116019,2025080301018043,SBL,Capital Max Securities Ltd,Nepal Stock House (PVT) Ltd.,1681,376.0,632056.0,2025-08-03T11:50:23.486874
2025-08-03,116018,2025080301018044,SBL,Vision Securities Pvt. Ltd,Nepal Stock House (PVT) Ltd.,250,376.0,94000.0,2025-08-03T11:50:23.486996
2025-08-03,116017,2025080301018045,SBL,Cristal Kanchanjanga Securites Pvt. Ltd.,Nepal Stock House (PVT) Ltd.,500,376.0,188000.0,2025-08-03T11:50:23.487058
2025-08-03,116016,2025080301018046,SBL,Naasa Securities Co. Ltd.,Nepal Stock House (PVT) Ltd.,500,375.7,187850.0,2025-08-03T11:50:23.487105
2025-08-03,116015,2025080301018047,SBL,Vision Securities Pvt. Ltd,Nepal Stock House (PVT) Ltd.,925,375.7,347522.5,2025-08-03T11:50:23.487153
2025-08-03,116014,2025080301018048,SBL,Sundhara Securities Limited,Nepal Stock House (PVT) Ltd.,1850,375.5,694675.0,2025-08-03T11:50:23.487201
2025-08-03,116013,2025080301018049,SBL,Sani Securities Company Ltd.,Nepal Stock House (PVT) Ltd.,1000,375.5,375500.0,2025-08-03T11:50:23.487248
2025-08-03,116012,2025080301018050,SBL,Agrawal Securities (PVT) Ltd.,Nepal Stock House (PVT) Ltd.,134,375.4,50303.6,2025-08-03T11:50:23.487298
2025-08-03,115396,2025080301018351,SBL,Naasa Securities Co. Ltd.,SUN SECURITIES PVT LTD,6,376.0,2256.0,2025-08-03T11:51:20.278323
2025-08-03,115223,2025080301018428,SBL,Naasa Securities Co. Ltd.,Sani Securities Company Ltd.,2,375.0,750.0,2025-08-03T11:51:35.140109
2025-08-03,114924,2025080301018539,SBL,Naasa Securities Co. Ltd.,Sani Securities Company Ltd.,10,375.5,3755.0,2025-08-03T11:52:12.120915
2025-08-03,114923,2025080301018540,SBL,Agrawal Securities (PVT) Ltd.,Sani Securities Company Ltd.,366,375.4,137396.4,2025-08-03T11:52:12.121039
2025-08-03,114922,2025080301018541,SBL,Capital Max Securities Ltd,Sani Securities Company Ltd.,1924,375.3,722077.2,2025-08-03T11:52:12.121093
2025-08-03,114647,2025080301018669,SBL,Capital Max Securities Ltd,South Asian Bulls Pvt. Ltd.,30,375.3,11259.0,2025-08-03T11:52:32.610074
2025-08-03,113956,2025080301019015,SBL,Capital Max Securities Ltd,Oxford Securities Pvt. Ltd.,400,375.3,150120.0,2025-08-03T11:53:31.436784
2025-08-03,113412,2025080301019278,SBL,Magnet Securities and Investment Company Private Limited,Midas Stock Broking Company Private Limited,100,376.0,37600.0,2025-08-03T11:54:19.476864
2025-08-03,112947,2025080301019455,SBL,Trisul Securities & Invt. Ltd.,Asian Securities Private Ltd.,50,375.9,18795.0,2025-08-03T11:55:02.001607
2025-08-03,112946,2025080301019456,SBL,Trisul Securities & Invt. Ltd.,Naasa Securities Co. Ltd.,25,376.0,9400.0,2025-08-03T11:55:02.001744
2025-08-03,112945,2025080301019457,SBL,Trisul Securities & Invt. Ltd.,Dynamic Money Managers Securities Pvt. Ltd.,25,376.0,9400.0,2025-08-03T11:55:02.001803
2025-08-03,112854,2025080301019520,SBL,Asian Securities Private Ltd.,Dynamic Money Managers Securities Pvt. Ltd.,100,376.0,37600.0,2025-08-03T11:55:10.999013
2025-08-03,112223,2025080301019831,SBL,Deevyaa Securities & Stock House Pvt. Ltd,Sharepro Securities Private Limited,100,375.4,37540.0,2025-08-03T11:56:02.306394
2025-08-03,112113,2025080301019888,SBL,Naasa Securities Co. Ltd.,ABC Securities Private Limited,1,368.0,368.0,2025-08-03T11:56:13.884856
2025-08-03,110703,2025080301020525,SBL,Deevyaa Securities & Stock House Pvt. Ltd,Dynamic Money Managers Securities Pvt. Ltd.,75,376.0,28200.0,2025-08-03T11:58:37.129268
2025-08-03,110702,2025080301020526,SBL,Deevyaa Securities & Stock House Pvt. Ltd,Naasa Securities Co. Ltd.,700,376.0,263200.0,2025-08-03T11:58:37.129394
2025-08-03,110701,2025080301020527,SBL,Deevyaa Securities & Stock House Pvt. Ltd,Thrive Brokerage House Pvt. Ltd,245,376.0,92120.0,2025-08-03T11:58:37.129457
2025-08-03,110635,2025080301020561,SBL,Trishakti Securities Public Limited,Thrive Brokerage House Pvt. Ltd,50,376.0,18800.0,2025-08-03T11:58:43.508981
2025-08-03,110524,2025080301020632,SBL,Trisul Securities & Invt. Ltd.,Thrive Brokerage House Pvt. Ltd,50,376.0,18800.0,2025-08-03T11:58:55.24917
2025-08-03,110234,2025080301020788,SBL,Deevyaa Securities & Stock House Pvt. Ltd,Thrive Brokerage House Pvt. Ltd,74,376.0,27824.0,2025-08-03T11:59:23.379732
2025-08-03,110097,2025080301020855,SBL,Linch Stock Market Ltd.,Thrive Brokerage House Pvt. Ltd,10,376.0,3760.0,2025-08-03T11:59:33.953452
2025-08-03,109931,2025080301020931,SBL,Sharepro Securities Private Limited,Thrive Brokerage House Pvt. Ltd,71,376.0,26696.0,2025-08-03T11:59:48.790893
2025-08-03,109930,2025080301020932,SBL,Sharepro Securities Private Limited,J.F. Securites (PVT) Ltd.,20,376.0,7520.0,2025-08-03T11:59:48.791187
2025-08-03,109929,2025080301020933,SBL,Sharepro Securities Private Limited,Agrawal Securities (PVT) Ltd.,100,376.0,37600.0,2025-08-03T11:59:48.791349
2025-08-03,109624,2025080301021087,SBL,Cristal Kanchanjanga Securites Pvt. Ltd.,Miyo Securities Pvt Ltd,30,376.0,11280.0,2025-08-03T12:00:19.015919
2025-08-03,109446,2025080301021195,SBL,Secured Securities Ltd.,Trisul Securities & Invt. Ltd.,500,376.9,188450.0,2025-08-03T12:00:37.454044
2025-08-03,109445,2025080301021196,SBL,Secured Securities Ltd.,Cristal Kanchanjanga Securites Pvt. Ltd.,100,377.0,37700.0,2025-08-03T12:00:37.454178
2025-08-03,109383,2025080301021215,SBL,Trishakti Securities Public Limited,Cristal Kanchanjanga Securites Pvt. Ltd.,30,377.0,11310.0,2025-08-03T12:00:41.008691
2025-08-03,106984,2025080301022384,SBL,Cristal Kanchanjanga Securites Pvt. Ltd.,Neev Securities Pvt. Ltd.,235,375.7,88289.5,2025-08-03T12:04:26.952351
2025-08-03,105043,2025080301023204,SBL,Cristal Kanchanjanga Securites Pvt. Ltd.,Dakshinkali Investment & Securities Pvt. Ltd.,200,375.7,75140.0,2025-08-03T12:08:07.350814
2025-08-03,102942,2025080301024109,SBL,K.B.L. Securities Limited ,Vision Securities Pvt. Ltd,510,376.9,192219.0,2025-08-03T12:12:02.058491
2025-08-03,102567,2025080301024279,SBL,Dakshinkali Investment & Securities Pvt. Ltd.,Thrive Brokerage House Pvt. Ltd,183,376.5,68899.5,2025-08-03T12:12:56.220544
2025-08-03,102437,2025080301024313,SBL,Cristal Kanchanjanga Securites Pvt. Ltd.,Cristal Kanchanjanga Securites Pvt. Ltd.,870,377.0,327990.0,2025-08-03T12:13:09.896508
2025-08-03,102436,2025080301024314,SBL,Cristal Kanchanjanga Securites Pvt. Ltd.,Primo Securities (PVT) Ltd.,285,377.0,107445.0,2025-08-03T12:13:09.896671
2025-08-03,102109,2025080301024476,SBL,Capital Max Securities Ltd,Aryatara Investment & Securities,600,378.0,226800.0,2025-08-03T12:13:53.02312
2025-08-03,102108,2025080301024477,SBL,Capital Max Securities Ltd,Thrive Brokerage House Pvt. Ltd,400,378.0,151200.0,2025-08-03T12:13:53.023169
2025-08-03,102107,2025080301024478,SBL,Capital Max Securities Ltd,Kalika Securities Pvt. Ltd.,100,378.0,37800.0,2025-08-03T12:13:53.023193
2025-08-03,102106,2025080301024479,SBL,Capital Max Securities Ltd,Kumari Securities Private Limited,204,379.0,77316.0,2025-08-03T12:13:53.023218
2025-08-03,102105,2025080301024480,SBL,Capital Max Securities Ltd,Pragyan Securities (PVT) Ltd.,2496,379.0,945984.0,2025-08-03T12:13:53.023246
2025-08-03,101509,2025080301024739,SBL,Dakshinkali Investment & Securities Pvt. Ltd.,Naasa Securities Co. Ltd.,25,376.5,9412.5,2025-08-03T12:15:09.138467
2025-08-03,100268,2025080301025258,SBL,Dakshinkali Investment & Securities Pvt. Ltd.,Thrive Brokerage House Pvt. Ltd,292,376.5,109938.0,2025-08-03T12:17:50.022335
2025-08-03,100267,2025080301025259,SBL,Sharepro Securities Private Limited,Thrive Brokerage House Pvt. Ltd,1809,376.1,680364.9,2025-08-03T12:17:50.022472
2025-08-03,100266,2025080301025260,SBL,K.B.L. Securities Limited ,Thrive Brokerage House Pvt. Ltd,1000,376.0,376000.0,2025-08-03T12:17:50.022538
2025-08-03,100265,2025080301025261,SBL,Sani Securities Company Ltd.,Thrive Brokerage House Pvt. Ltd,195,376.0,73320.0,2025-08-03T12:17:50.022593
2025-08-03,99413,2025080301025616,SBL,Cristal Kanchanjanga Securites Pvt. Ltd.,Trisul Securities & Invt. Ltd.,35,375.7,13149.5,2025-08-03T12:19:42.526415
2025-08-03,99412,2025080301025617,SBL,Agrawal Securities (PVT) Ltd.,Trisul Securities & Invt. Ltd.,500,375.5,187750.0,2025-08-03T12:19:42.526686
2025-08-03,99411,2025080301025618,SBL,Linch Stock Market Ltd.,Trisul Securities & Invt. Ltd.,30,375.5,11265.0,2025-08-03T12:19:42.526863
2025-08-03,99410,2025080301025619,SBL,Capital Max Securities Ltd,Trisul Securities & Invt. Ltd.,149,375.3,55919.7,2025-08-03T12:19:42.527059
2025-08-03,99365,2025080301025643,SBL,Capital Max Securities Ltd,Trisul Securities & Invt. Ltd.,1000,375.3,375300.0,2025-08-03T12:19:48.569355
2025-08-03,98215,2025080301026150,SBL,Capital Max Securities Ltd,Thrive Brokerage House Pvt. Ltd,1497,375.3,561824.1,2025-08-03T12:21:44.071988
2025-08-03,98214,2025080301026151,SBL,J.F. Securites (PVT) Ltd.,Thrive Brokerage House Pvt. Ltd,100,375.3,37530.0,2025-08-03T12:21:44.07212
2025-08-03,98213,2025080301026152,SBL,Online Securities Pvt. Ltd.,Thrive Brokerage House Pvt. Ltd,300,375.0,112500.0,2025-08-03T12:21:44.072178
2025-08-03,98212,2025080301026153,SBL,Sharepro Securities Private Limited,Thrive Brokerage House Pvt. Ltd,2000,375.0,750000.0,2025-08-03T12:21:44.072239
2025-08-03,98211,2025080301026154,SBL,Aryatara Investment & Securities,Thrive Brokerage House Pvt. Ltd,100,375.0,37500.0,2025-08-03T12:21:44.072295
2025-08-03,98210,2025080301026155,SBL,ABC Securities Private Limited,Thrive Brokerage House Pvt. Ltd,2000,375.0,750000.0,2025-08-03T12:21:44.072352
2025-08-03,98209,2025080301026156,SBL,ABC Securities Private Limited,Thrive Brokerage House Pvt. Ltd,1000,375.0,375000.0,2025-08-03T12:21:44.072407
2025-08-03,98208,2025080301026157,SBL,Premier Securities Company Ltd.,Thrive Brokerage House Pvt. Ltd,50,375.0,18750.0,2025-08-03T12:21:44.072459
2025-08-03,98207,2025080301026158,SBL,N.M.B. SECURITIES LIMITED,Thrive Brokerage House Pvt. Ltd,453,374.1,169467.3,2025-08-03T12:21:44.07251
2025-08-03,98165,2025080301026175,SBL,Sri Hari Securities Pvt. Ltd.,Creative Securities Pvt Ltd,56,376.9,21106.4,2025-08-03T12:21:47.906048
2025-08-03,97226,2025080301026626,SBL,K.B.L. Securities Limited ,Secured Securities Ltd.,197,374.2,73717.4,2025-08-03T12:23:41.491049
2025-08-03,95550,2025080301027397,SBL,Vision Securities Pvt. Ltd,Midas Stock Broking Company Private Limited,20,375.0,7500.0,2025-08-03T12:26:51.426563
2025-08-03,95325,2025080301027508,SBL,Vision Securities Pvt. Ltd,Deevyaa Securities & Stock House Pvt. Ltd,980,375.0,367500.0,2025-08-03T12:27:13.064974
2025-08-03,95324,2025080301027509,SBL,K.B.L. Securities Limited ,Deevyaa Securities & Stock House Pvt. Ltd,103,374.2,38542.6,2025-08-03T12:27:13.065126
2025-08-03,95320,2025080301027512,SBL,Dynamic Money Managers Securities Pvt. Ltd.,Deevyaa Securities & Stock House Pvt. Ltd,100,374.2,37420.0,2025-08-03T12:27:13.71879
2025-08-03,94848,2025080301027741,SBL,Imperial Securities Company Pvt. Ltd.,Trisul Securities & Invt. Ltd.,20,374.3,7486.0,2025-08-03T12:28:06.720137
2025-08-03,93662,2025080301028336,SBL,South Asian Bulls Pvt. Ltd.,Dakshinkali Investment & Securities Pvt. Ltd.,150,375.0,56250.0,2025-08-03T12:30:26.154797
2025-08-03,92162,2025080301029069,SBL,South Asian Bulls Pvt. Ltd.,Sani Securities Company Ltd.,600,375.0,225000.0,2025-08-03T12:33:28.802141
2025-08-03,90689,2025080301029720,SBL,South Asian Bulls Pvt. Ltd.,Linch Stock Market Ltd.,285,375.0,106875.0,2025-08-03T12:36:08.309915
2025-08-03,90389,2025080301029870,SBL,South Asian Bulls Pvt. Ltd.,Asian Securities Private Ltd.,33,375.0,12375.0,2025-08-03T12:36:44.520572
2025-08-03,89942,2025080301030057,SBL,South Asian Bulls Pvt. Ltd.,Sani Securities Company Ltd.,10,375.0,3750.0,2025-08-03T12:37:37.331325
2025-08-03,88407,2025080301030794,SBL,Agrawal Securities (PVT) Ltd.,Property Wiard Limited,500,375.1,187550.0,2025-08-03T12:40:26.522907
2025-08-03,88406,2025080301030795,SBL,South Asian Bulls Pvt. Ltd.,Property Wiard Limited,1006,375.0,377250.0,2025-08-03T12:40:26.523066
2025-08-03,88014,2025080301030966,SBL,Naasa Securities Co. Ltd.,Imperial Securities Company Pvt. Ltd.,10,376.0,3760.0,2025-08-03T12:41:10.198347
2025-08-03,86800,2025080301031527,SBL,South Asian Bulls Pvt. Ltd.,Naasa Securities Co. Ltd.,20,375.0,7500.0,2025-08-03T12:43:27.719557
2025-08-03,86658,2025080301031581,SBL,Thrive Brokerage House Pvt. Ltd,Kohinoor Investment & Securities Pvt. Ltd.,62,375.4,23274.8,2025-08-03T12:43:39.990288
2025-08-03,86452,2025080301031654,SBL,South Asian Bulls Pvt. Ltd.,Vision Securities Pvt. Ltd,30,375.0,11250.0,2025-08-03T12:43:56.742278
2025-08-03,86136,2025080301031794,SBL,South Asian Bulls Pvt. Ltd.,Nepal Investment And Securities Trading Private Limited,447,375.0,167625.0,2025-08-03T12:44:28.006281
2025-08-03,85996,2025080301031853,SBL,South Asian Bulls Pvt. Ltd.,Arun Securities (PVT) Ltd.,419,375.0,157125.0,2025-08-03T12:44:44.724049
2025-08-03,85995,2025080301031854,SBL,Online Securities Pvt. Ltd.,Arun Securities (PVT) Ltd.,81,375.0,30375.0,2025-08-03T12:44:44.724229
2025-08-03,85283,2025080301032151,SBL,Online Securities Pvt. Ltd.,Kalika Securities Pvt. Ltd.,194,375.0,72750.0,2025-08-03T12:45:51.081678
2025-08-03,84992,2025080301032235,SBL,Primo Securities (PVT) Ltd.,Kalika Securities Pvt. Ltd.,80,375.0,30000.0,2025-08-03T12:46:24.297962
2025-08-03,84205,2025080301032497,SBL,South Asian Bulls Pvt. Ltd.,KALASH STOCK MARKET PVT. LTD.,1000,374.4,374400.0,2025-08-03T12:47:39.901749
2025-08-03,83235,2025080301032831,SBL,Imperial Securities Company Pvt. Ltd.,ABC Securities Private Limited,120,374.3,44916.0,2025-08-03T12:49:03.25665
2025-08-03,83234,2025080301032832,SBL,Primo Securities (PVT) Ltd.,ABC Securities Private Limited,170,374.2,63614.0,2025-08-03T12:49:03.256799
2025-08-03,83233,2025080301032833,SBL,Sharepro Securities Private Limited,ABC Securities Private Limited,1210,374.2,452782.0,2025-08-03T12:49:03.256862
2025-08-03,83078,2025080301032899,SBL,Sharepro Securities Private Limited,Citizens Share Broker Limited,2300,374.2,860660.0,2025-08-03T12:49:15.623424
2025-08-03,83022,2025080301032910,SBL,Agrawal Securities (PVT) Ltd.,Sundhara Securities Limited,324,374.3,121273.2,2025-08-03T12:49:22.572446
2025-08-03,82637,2025080301033046,SBL,Agrawal Securities (PVT) Ltd.,Sani Securities Company Ltd.,112,374.3,41921.6,2025-08-03T12:49:52.562613
2025-08-03,82504,2025080301033094,SBL,Agrawal Securities (PVT) Ltd.,Naasa Securities Co. Ltd.,64,374.3,23955.2,2025-08-03T12:50:05.157013
2025-08-03,82503,2025080301033095,SBL,Sharepro Securities Private Limited,Naasa Securities Co. Ltd.,490,374.2,183358.0,2025-08-03T12:50:05.157167
2025-08-03,82502,2025080301033096,SBL,Imperial Securities Company Pvt. Ltd.,Naasa Securities Co. Ltd.,1000,374.1,374100.0,2025-08-03T12:50:05.157227
2025-08-03,82130,2025080301033233,SBL,Malla & Malla Stock Broking Company Pvt. Limited,Opal Securities Investment (PVT) Ltd.,100,374.0,37400.0,2025-08-03T12:50:35.563793
2025-08-03,82129,2025080301033234,SBL,Cristal Kanchanjanga Securites Pvt. Ltd.,Opal Securities Investment (PVT) Ltd.,1000,374.0,374000.0,2025-08-03T12:50:35.563992
2025-08-03,82128,2025080301033235,SBL,Thrive Brokerage House Pvt. Ltd,Opal Securities Investment (PVT) Ltd.,62,374.0,23188.0,2025-08-03T12:50:35.564073
2025-08-03,82127,2025080301033236,SBL,Premier Securities Company Ltd.,Opal Securities Investment (PVT) Ltd.,50,374.0,18700.0,2025-08-03T12:50:35.564128
2025-08-03,81834,2025080301033321,SBL,Thrive Brokerage House Pvt. Ltd,Opal Securities Investment (PVT) Ltd.,50,374.0,18700.0,2025-08-03T12:50:58.318802
2025-08-03,81081,2025080301033630,SBL,Agrawal Securities (PVT) Ltd.,Dipshikha Dhitopatra Karobar Co. Pvt Ltd.,250,373.1,93275.0,2025-08-03T12:52:01.040761
2025-08-03,81080,2025080301033631,SBL,Sri Hari Securities Pvt. Ltd.,Dipshikha Dhitopatra Karobar Co. Pvt Ltd.,350,373.0,130550.0,2025-08-03T12:52:01.040908
2025-08-03,80660,2025080301033823,SBL,Sri Hari Securities Pvt. Ltd.,Imperial Securities Company Pvt. Ltd.,150,373.0,55950.0,2025-08-03T12:52:42.518876
2025-08-03,80659,2025080301033824,SBL,ABC Securities Private Limited,Imperial Securities Company Pvt. Ltd.,116,373.0,43268.0,2025-08-03T12:52:42.519032
2025-08-03,80329,2025080301033960,SBL,ABC Securities Private Limited,Vision Securities Pvt. Ltd,1522,373.0,567706.0,2025-08-03T12:53:08.89721
2025-08-03,80317,2025080301033963,SBL,ABC Securities Private Limited,Sumeru Securities Pvt. Ltd.,362,373.0,135026.0,2025-08-03T12:53:09.951125
2025-08-03,80177,2025080301034003,SBL,Sweta Securities Private Limited,Sumeru Securities Pvt. Ltd.,200,373.0,74600.0,2025-08-03T12:53:21.489582
2025-08-03,80022,2025080301034088,SBL,Malla & Malla Stock Broking Company Pvt. Limited,Sumeru Securities Pvt. Ltd.,50,372.0,18600.0,2025-08-03T12:53:33.10233
2025-08-03,80021,2025080301034089,SBL,Primo Securities (PVT) Ltd.,Sumeru Securities Pvt. Ltd.,1000,372.0,372000.0,2025-08-03T12:53:33.102467
2025-08-03,80020,2025080301034090,SBL,ABC Securities Private Limited,Sumeru Securities Pvt. Ltd.,388,372.0,144336.0,2025-08-03T12:53:33.102524
2025-08-03,79716,2025080301034178,SBL,ABC Securities Private Limited,Midas Stock Broking Company Private Limited,490,372.0,182280.0,2025-08-03T12:53:58.256017
2025-08-03,79494,2025080301034261,SBL,ABC Securities Private Limited,Sani Securities Company Ltd.,10,372.0,3720.0,2025-08-03T12:54:20.611231
2025-08-03,78794,2025080301034538,SBL,ABC Securities Private Limited,Deevyaa Securities & Stock House Pvt. Ltd,17,372.0,6324.0,2025-08-03T12:55:32.964325
2025-08-03,78048,2025080301034821,SBL,ABC Securities Private Limited,Kohinoor Investment & Securities Pvt. Ltd.,135,372.0,50220.0,2025-08-03T12:56:42.032129
2025-08-03,75174,2025080301035963,SBL,Sagarmatha Securities Private Limited,Premier Securities Company Ltd.,64,372.1,23814.4,2025-08-03T13:01:00.012795
2025-08-03,74586,2025080301036199,SBL,Sagarmatha Securities Private Limited,Oxford Securities Pvt. Ltd.,36,372.1,13395.6,2025-08-03T13:01:55.112163
2025-08-03,74585,2025080301036200,SBL,Imperial Securities Company Pvt. Ltd.,Oxford Securities Pvt. Ltd.,500,372.0,186000.0,2025-08-03T13:01:55.112457
2025-08-03,73587,2025080301036614,SBL,Online Securities Pvt. Ltd.,Oxford Securities Pvt. Ltd.,200,372.0,74400.0,2025-08-03T13:03:16.232041
2025-08-03,73419,2025080301036677,SBL,South Asian Bulls Pvt. Ltd.,Oxford Securities Pvt. Ltd.,126,371.1,46758.6,2025-08-03T13:03:35.125037
2025-08-03,72188,2025080301037186,SBL,Vision Securities Pvt. Ltd,Deevyaa Securities & Stock House Pvt. Ltd,100,373.0,37300.0,2025-08-03T13:06:02.681101
2025-08-03,71451,2025080301037426,SBL,Miyo Securities Pvt Ltd,Online Securities Pvt. Ltd.,1000,372.3,372300.0,2025-08-03T13:07:43.830878
2025-08-03,71375,2025080301037459,SBL,Miyo Securities Pvt Ltd,Market Securities & Exchange (PVT) Ltd.,400,372.3,148920.0,2025-08-03T13:07:55.589331
2025-08-03,71105,2025080301037569,SBL,Vision Securities Pvt. Ltd,Deevyaa Securities & Stock House Pvt. Ltd,400,373.0,149200.0,2025-08-03T13:08:43.5896
2025-08-03,71039,2025080301037585,SBL,Vision Securities Pvt. Ltd,Online Securities Pvt. Ltd.,100,373.0,37300.0,2025-08-03T13:08:51.455966
2025-08-03,70473,2025080301037808,SBL,Vision Securities Pvt. Ltd,Bhrikuti Stock Broking Co. Pvt. Ltd.,500,373.0,186500.0,2025-08-03T13:10:15.178538
2025-08-03,70356,2025080301037855,SBL,Nagarik Stock Dealer ,Sagarmatha Securities Private Limited,100,372.4,37240.0,2025-08-03T13:10:37.29374
2025-08-03,69662,2025080301038117,SBL,Nagarik Stock Dealer ,Bhrikuti Stock Broking Co. Pvt. Ltd.,400,372.4,148960.0,2025-08-03T13:12:14.163479
2025-08-03,69661,2025080301038118,SBL,Miyo Securities Pvt Ltd,Bhrikuti Stock Broking Co. Pvt. Ltd.,600,372.3,223380.0,2025-08-03T13:12:14.163666
2025-08-03,69003,2025080301038395,SBL,Pragyan Securities (PVT) Ltd.,Dynamic Money Managers Securities Pvt. Ltd.,100,372.2,37220.0,2025-08-03T13:13:30.899795
2025-08-03,68980,2025080301038404,SBL,Midas Stock Broking Company Private Limited,Imperial Securities Company Pvt. Ltd.,143,373.9,53467.7,2025-08-03T13:13:35.85711
2025-08-03,68445,2025080301038696,SBL,Pragyan Securities (PVT) Ltd.,K.B.L. Securities Limited ,91,372.2,33870.2,2025-08-03T13:14:41.515408
2025-08-03,68444,2025080301038697,SBL,South Asian Bulls Pvt. Ltd.,K.B.L. Securities Limited ,709,371.5,263393.5,2025-08-03T13:14:41.515547
2025-08-03,67777,2025080301038999,SBL,Cristal Kanchanjanga Securites Pvt. Ltd.,Online Securities Pvt. Ltd.,100,371.6,37160.0,2025-08-03T13:16:09.125202
2025-08-03,67746,2025080301039008,SBL,Cristal Kanchanjanga Securites Pvt. Ltd.,Citizens Share Broker Limited,1900,371.6,706040.0,2025-08-03T13:16:13.31483
2025-08-03,67745,2025080301039009,SBL,South Asian Bulls Pvt. Ltd.,Citizens Share Broker Limited,100,371.5,37150.0,2025-08-03T13:16:13.315167
2025-08-03,67442,2025080301039122,SBL,South Asian Bulls Pvt. Ltd.,Sumeru Securities Pvt. Ltd.,300,371.5,111450.0,2025-08-03T13:16:45.120323
2025-08-03,67369,2025080301039147,SBL,South Asian Bulls Pvt. Ltd.,N.M.B. SECURITIES LIMITED,1000,371.5,371500.0,2025-08-03T13:16:54.195812
2025-08-03,67335,2025080301039163,SBL,South Asian Bulls Pvt. Ltd.,Nepal Stock House (PVT) Ltd.,100,371.5,37150.0,2025-08-03T13:16:56.98937
2025-08-03,67329,2025080301039166,SBL,South Asian Bulls Pvt. Ltd.,Online Securities Pvt. Ltd.,100,371.5,37150.0,2025-08-03T13:16:57.716772
2025-08-03,67325,2025080301039167,SBL,South Asian Bulls Pvt. Ltd.,ABC Securities Private Limited,500,371.5,185750.0,2025-08-03T13:16:58.39411
2025-08-03,67108,2025080301039261,SBL,Imperial Securities Company Pvt. Ltd.,Nepal Stock House (PVT) Ltd.,500,371.6,185800.0,2025-08-03T13:17:21.409499
2025-08-03,67107,2025080301039262,SBL,Imperial Securities Company Pvt. Ltd.,Agrawal Securities (PVT) Ltd.,298,373.5,111303.0,2025-08-03T13:17:21.409682
2025-08-03,67106,2025080301039263,SBL,Imperial Securities Company Pvt. Ltd.,Aryatara Investment & Securities,202,373.8,75507.6,2025-08-03T13:17:21.409748
2025-08-03,65783,2025080301039798,SBL,South Asian Bulls Pvt. Ltd.,Aryatara Investment & Securities,500,371.1,185550.0,2025-08-03T13:20:14.893357
2025-08-03,65333,2025080301040003,SBL,Naasa Securities Co. Ltd.,Agrawal Securities (PVT) Ltd.,19,373.8,7102.2,2025-08-03T13:21:04.26781
2025-08-03,64835,2025080301040200,SBL,South Asian Bulls Pvt. Ltd.,Linch Stock Market Ltd.,70,371.1,25977.0,2025-08-03T13:21:51.411871
2025-08-03,63267,2025080301040852,SBL,South Asian Bulls Pvt. Ltd.,Imperial Securities Company Pvt. Ltd.,100,371.1,37110.0,2025-08-03T13:24:39.599804
2025-08-03,62860,2025080301041029,SBL,South Asian Bulls Pvt. Ltd.,Bhrikuti Stock Broking Co. Pvt. Ltd.,1395,371.1,517684.5,2025-08-03T13:25:20.066602
2025-08-03,62859,2025080301041030,SBL,ABC Securities Private Limited,Bhrikuti Stock Broking Co. Pvt. Ltd.,605,371.0,224455.0,2025-08-03T13:25:20.066757
2025-08-03,62540,2025080301041187,SBL,J.F. Securites (PVT) Ltd.,Trishakti Securities Public Limited,100,371.1,37110.0,2025-08-03T13:25:59.641774
2025-08-03,62539,2025080301041188,SBL,ABC Securities Private Limited,Trishakti Securities Public Limited,1395,371.0,517545.0,2025-08-03T13:25:59.641817
2025-08-03,62538,2025080301041189,SBL,Premier Securities Company Ltd.,Trishakti Securities Public Limited,50,371.0,18550.0,2025-08-03T13:25:59.641844
2025-08-03,62537,2025080301041190,SBL,Cristal Kanchanjanga Securites Pvt. Ltd.,Trishakti Securities Public Limited,500,371.0,185500.0,2025-08-03T13:25:59.641879
2025-08-03,62536,2025080301041191,SBL,Creative Securities Pvt Ltd,Trishakti Securities Public Limited,200,370.1,74020.0,2025-08-03T13:25:59.641913
2025-08-03,62535,2025080301041192,SBL,South Asian Bulls Pvt. Ltd.,Trishakti Securities Public Limited,2755,370.1,1019625.5,2025-08-03T13:25:59.641938
2025-08-03,60304,2025080301042178,SBL,Linch Stock Market Ltd.,Dynamic Money Managers Securities Pvt. Ltd.,150,370.1,55515.0,2025-08-03T13:30:13.242207
2025-08-03,60303,2025080301042179,SBL,Imperial Securities Company Pvt. Ltd.,Dynamic Money Managers Securities Pvt. Ltd.,250,370.0,92500.0,2025-08-03T13:30:13.242522
2025-08-03,60046,2025080301042276,SBL,Imperial Securities Company Pvt. Ltd.,Agrawal Securities (PVT) Ltd.,250,370.0,92500.0,2025-08-03T13:30:49.539534
2025-08-03,60045,2025080301042277,SBL,Sewa Securities Pvt. Ltd.,Agrawal Securities (PVT) Ltd.,50,370.0,18500.0,2025-08-03T13:30:49.539848
2025-08-03,60044,2025080301042278,SBL,Sri Hari Securities Pvt. Ltd.,Agrawal Securities (PVT) Ltd.,241,370.0,89170.0,2025-08-03T13:30:49.540049
2025-08-03,58955,2025080301042694,SBL,Investment Management Nepal Pvt. Ltd.,Aryatara Investment & Securities,20,371.0,7420.0,2025-08-03T13:32:52.670895
2025-08-03,58836,2025080301042746,SBL,Sri Hari Securities Pvt. Ltd.,Nepal Stock House (PVT) Ltd.,759,370.0,280830.0,2025-08-03T13:33:05.733307
2025-08-03,58835,2025080301042747,SBL,Cristal Kanchanjanga Securites Pvt. Ltd.,Nepal Stock House (PVT) Ltd.,1000,370.0,370000.0,2025-08-03T13:33:05.733466
2025-08-03,58834,2025080301042748,SBL,Shree Krishna Securities Ltd.,Nepal Stock House (PVT) Ltd.,200,370.0,74000.0,2025-08-03T13:33:05.733531
2025-08-03,58833,2025080301042749,SBL,Malla & Malla Stock Broking Company Pvt. Limited,Nepal Stock House (PVT) Ltd.,50,370.0,18500.0,2025-08-03T13:33:05.733596
2025-08-03,58832,2025080301042750,SBL,Swarna Laxmi Securities Pvt. Ltd.,Nepal Stock House (PVT) Ltd.,50,370.0,18500.0,2025-08-03T13:33:05.733659
2025-08-03,58361,2025080301043002,SBL,Cristal Kanchanjanga Securites Pvt. Ltd.,Kohinoor Investment & Securities Pvt. Ltd.,100,369.8,36980.0,2025-08-03T13:33:54.569034
2025-08-03,58149,2025080301043086,SBL,Magnet Securities and Investment Company Private Limited,Nepal Stock House (PVT) Ltd.,20,370.0,7400.0,2025-08-03T13:34:22.693262
2025-08-03,56892,2025080301043613,SBL,Agrawal Securities (PVT) Ltd.,Sanima Securities Limited,175,369.9,64732.5,2025-08-03T13:36:35.737834
2025-08-03,55871,2025080301044033,SBL,Imperial Securities Company Pvt. Ltd.,Nepal Stock House (PVT) Ltd.,25,370.0,9250.0,2025-08-03T13:38:29.383231
2025-08-03,55413,2025080301044213,SBL,Dakshinkali Investment & Securities Pvt. Ltd.,Nepal Stock House (PVT) Ltd.,1751,370.0,647870.0,2025-08-03T13:39:20.533638
2025-08-03,55412,2025080301044214,SBL,Dakshinkali Investment & Securities Pvt. Ltd.,Nepal Investment And Securities Trading Private Limited,115,370.0,42550.0,2025-08-03T13:39:20.533842
2025-08-03,55411,2025080301044215,SBL,Dakshinkali Investment & Securities Pvt. Ltd.,Imperial Securities Company Pvt. Ltd.,1000,370.0,370000.0,2025-08-03T13:39:20.533908
2025-08-03,55410,2025080301044216,SBL,Dakshinkali Investment & Securities Pvt. Ltd.,Naasa Securities Co. Ltd.,100,370.0,37000.0,2025-08-03T13:39:20.533971
2025-08-03,55409,2025080301044217,SBL,Dakshinkali Investment & Securities Pvt. Ltd.,Nepal Investment And Securities Trading Private Limited,90,370.0,33300.0,2025-08-03T13:39:20.534038
2025-08-03,55408,2025080301044218,SBL,Dakshinkali Investment & Securities Pvt. Ltd.,Dynamic Money Managers Securities Pvt. Ltd.,500,370.0,185000.0,2025-08-03T13:39:20.5341
2025-08-03,54448,2025080301044630,SBL,Agrawal Securities (PVT) Ltd.,Opal Securities Investment (PVT) Ltd.,75,369.9,27742.5,2025-08-03T13:41:06.097845
2025-08-03,54447,2025080301044631,SBL,Sundhara Securities Limited,Opal Securities Investment (PVT) Ltd.,25,369.9,9247.5,2025-08-03T13:41:06.098214
2025-08-03,53830,2025080301044853,SBL,Dakshinkali Investment & Securities Pvt. Ltd.,Imperial Securities Company Pvt. Ltd.,700,370.0,259000.0,2025-08-03T13:42:06.974932
2025-08-03,53474,2025080301044967,SBL,Nepal Stock House (PVT) Ltd.,Trisul Securities & Invt. Ltd.,100,370.0,37000.0,2025-08-03T13:42:39.033899
2025-08-03,53257,2025080301045052,SBL,Nepal Stock House (PVT) Ltd.,Cristal Kanchanjanga Securites Pvt. Ltd.,150,370.0,55500.0,2025-08-03T13:43:02.18125
2025-08-03,52809,2025080301045246,SBL,Ashutosh Brokerage & Securities (PVT) Ltd.,Online Securities Pvt. Ltd.,50,370.2,18510.0,2025-08-03T13:43:46.098383
2025-08-03,52808,2025080301045247,SBL,Agrawal Securities (PVT) Ltd.,Online Securities Pvt. Ltd.,100,370.1,37010.0,2025-08-03T13:43:46.098525
2025-08-03,52807,2025080301045248,SBL,Nepal Stock House (PVT) Ltd.,Online Securities Pvt. Ltd.,152,370.0,56240.0,2025-08-03T13:43:46.098591
2025-08-03,52535,2025080301045345,SBL,Dakshinkali Investment & Securities Pvt. Ltd.,Naasa Securities Co. Ltd.,18,370.1,6661.8,2025-08-03T13:44:19.009841
2025-08-03,52054,2025080301045503,SBL,Property Wiard Limited,Aryatara Investment & Securities,107,371.0,39697.0,2025-08-03T13:44:55.104339
2025-08-03,52053,2025080301045504,SBL,Property Wiard Limited,Aryatara Investment & Securities,30,371.0,11130.0,2025-08-03T13:44:55.104543
2025-08-03,52052,2025080301045505,SBL,Property Wiard Limited,Sani Securities Company Ltd.,370,371.0,137270.0,2025-08-03T13:44:55.10461
2025-08-03,51328,2025080301045823,SBL,Property Wiard Limited,Deevyaa Securities & Stock House Pvt. Ltd,39,371.0,14469.0,2025-08-03T13:46:08.637636
2025-08-03,50688,2025080301046058,SBL,Vision Securities Pvt. Ltd,Siprabi Securities Pvt. Ltd.,150,372.0,55800.0,2025-08-03T13:47:17.652266
2025-08-03,50687,2025080301046059,SBL,Vision Securities Pvt. Ltd,Online Securities Pvt. Ltd.,31,372.0,11532.0,2025-08-03T13:47:17.652366
2025-08-03,50686,2025080301046060,SBL,Vision Securities Pvt. Ltd,Swarna Laxmi Securities Pvt. Ltd.,1000,372.5,372500.0,2025-08-03T13:47:17.652398
2025-08-03,50685,2025080301046061,SBL,Vision Securities Pvt. Ltd,Kumari Securities Private Limited,642,372.5,239145.0,2025-08-03T13:47:17.652425
2025-08-03,50684,2025080301046062,SBL,Vision Securities Pvt. Ltd,Kohinoor Investment & Securities Pvt. Ltd.,177,373.0,66021.0,2025-08-03T13:47:17.65245
2025-08-03,50007,2025080301046298,SBL,Cristal Kanchanjanga Securites Pvt. Ltd.,Vision Securities Pvt. Ltd,1000,372.0,372000.0,2025-08-03T13:48:28.982892
2025-08-03,47913,2025080301047063,SBL,Creative Securities Pvt Ltd,Naasa Securities Co. Ltd.,20,373.5,7470.0,2025-08-03T13:52:32.804983
2025-08-03,47912,2025080301047064,SBL,Creative Securities Pvt Ltd,Dakshinkali Investment & Securities Pvt. Ltd.,500,373.7,186850.0,2025-08-03T13:52:32.805347
2025-08-03,47911,2025080301047065,SBL,Creative Securities Pvt Ltd,Imperial Securities Company Pvt. Ltd.,960,373.7,358752.0,2025-08-03T13:52:32.805572
2025-08-03,47910,2025080301047066,SBL,Creative Securities Pvt Ltd,Imperial Securities Company Pvt. Ltd.,200,373.9,74780.0,2025-08-03T13:52:32.805806
2025-08-03,47909,2025080301047067,SBL,Creative Securities Pvt Ltd,Naasa Securities Co. Ltd.,30,373.9,11217.0,2025-08-03T13:52:32.806005
2025-08-03,47908,2025080301047068,SBL,Creative Securities Pvt Ltd,Vision Securities Pvt. Ltd,1200,373.9,448680.0,2025-08-03T13:52:32.80627
2025-08-03,47907,2025080301047069,SBL,Creative Securities Pvt Ltd,Kumari Securities Private Limited,2000,373.9,747800.0,2025-08-03T13:52:32.806462
2025-08-03,47906,2025080301047070,SBL,Creative Securities Pvt Ltd,Opal Securities Investment (PVT) Ltd.,56,374.0,20944.0,2025-08-03T13:52:32.806655
2025-08-03,47905,2025080301047071,SBL,Creative Securities Pvt Ltd,Siprabi Securities Pvt. Ltd.,34,374.0,12716.0,2025-08-03T13:52:32.806827
2025-08-03,46650,2025080301047487,SBL,Sundhara Securities Limited,Asian Securities Private Ltd.,50,373.0,18650.0,2025-08-03T13:55:09.258101
2025-08-03,45778,2025080301047853,SBL,Sundhara Securities Limited,Agrawal Securities (PVT) Ltd.,642,373.0,239466.0,2025-08-03T13:56:44.81854
2025-08-03,45595,2025080301047948,SBL,Sundhara Securities Limited,Sri Hari Securities Pvt. Ltd.,100,373.0,37300.0,2025-08-03T13:57:09.667944
2025-08-03,45521,2025080301047978,SBL,Sundhara Securities Limited,Sri Hari Securities Pvt. Ltd.,200,373.0,74600.0,2025-08-03T13:57:19.825662
2025-08-03,45469,2025080301047988,SBL,Aryatara Investment & Securities,Nepal Investment And Securities Trading Private Limited,50,372.6,18630.0,2025-08-03T13:57:24.500163
2025-08-03,45468,2025080301047989,SBL,Cristal Kanchanjanga Securites Pvt. Ltd.,Nepal Investment And Securities Trading Private Limited,1000,372.2,372200.0,2025-08-03T13:57:24.500321
2025-08-03,44595,2025080301048312,SBL,Siprabi Securities Pvt. Ltd.,Kumari Securities Private Limited,200,371.0,74200.0,2025-08-03T13:59:10.042269
2025-08-03,44386,2025080301048393,SBL,Siprabi Securities Pvt. Ltd.,Online Securities Pvt. Ltd.,300,371.0,111300.0,2025-08-03T13:59:34.055458
2025-08-03,44385,2025080301048394,SBL,Neev Securities Pvt. Ltd.,Online Securities Pvt. Ltd.,262,371.0,97202.0,2025-08-03T13:59:34.055655
2025-08-03,44272,2025080301048439,SBL,Neev Securities Pvt. Ltd.,Machhapuchchhre Securities Limited,238,371.0,88298.0,2025-08-03T13:59:46.82163
2025-08-03,44182,2025080301048481,SBL,Dakshinkali Investment & Securities Pvt. Ltd.,Machhapuchchhre Securities Limited,50,370.1,18505.0,2025-08-03T13:59:56.850811
2025-08-03,44094,2025080301048523,SBL,Dakshinkali Investment & Securities Pvt. Ltd.,Machhapuchchhre Securities Limited,50,370.1,18505.0,2025-08-03T14:00:06.215058
2025-08-03,44015,2025080301048570,SBL,Dakshinkali Investment & Securities Pvt. Ltd.,Machhapuchchhre Securities Limited,150,370.1,55515.0,2025-08-03T14:00:19.261229
2025-08-03,43934,2025080301048624,SBL,Dakshinkali Investment & Securities Pvt. Ltd.,Machhapuchchhre Securities Limited,300,370.1,111030.0,2025-08-03T14:00:30.292524
2025-08-03,43781,2025080301048673,SBL,Vision Securities Pvt. Ltd,Machhapuchchhre Securities Limited,50,370.2,18510.0,2025-08-03T14:00:49.342466
2025-08-03,43733,2025080301048697,SBL,Vision Securities Pvt. Ltd,Machhapuchchhre Securities Limited,20,370.2,7404.0,2025-08-03T14:00:57.367684
2025-08-03,43665,2025080301048717,SBL,Vision Securities Pvt. Ltd,Machhapuchchhre Securities Limited,100,370.2,37020.0,2025-08-03T14:01:03.388361
2025-08-03,43601,2025080301048744,SBL,Vision Securities Pvt. Ltd,Machhapuchchhre Securities Limited,100,370.2,37020.0,2025-08-03T14:01:12.412098
2025-08-03,43479,2025080301048799,SBL,Vision Securities Pvt. Ltd,Online Securities Pvt. Ltd.,250,370.2,92550.0,2025-08-03T14:01:24.11279
2025-08-03,43477,2025080301048801,SBL,Vision Securities Pvt. Ltd,Machhapuchchhre Securities Limited,25,370.2,9255.0,2025-08-03T14:01:24.444522
2025-08-03,43429,2025080301048820,SBL,Vision Securities Pvt. Ltd,Machhapuchchhre Securities Limited,50,370.2,18510.0,2025-08-03T14:01:31.466699
2025-08-03,43177,2025080301048878,SBL,Vision Securities Pvt. Ltd,Machhapuchchhre Securities Limited,100,370.2,37020.0,2025-08-03T14:02:06.44972
2025-08-03,43094,2025080301048923,SBL,Vision Securities Pvt. Ltd,Machhapuchchhre Securities Limited,100,370.2,37020.0,2025-08-03T14:02:15.585038
2025-08-03,42977,2025080301048977,SBL,Vision Securities Pvt. Ltd,Machhapuchchhre Securities Limited,73,370.2,27024.6,2025-08-03T14:02:30.631984
2025-08-03,42823,2025080301049059,SBL,Vision Securities Pvt. Ltd,Machhapuchchhre Securities Limited,100,370.2,37020.0,2025-08-03T14:02:49.68928
2025-08-03,42713,2025080301049107,SBL,Vision Securities Pvt. Ltd,Machhapuchchhre Securities Limited,32,370.2,11846.4,2025-08-03T14:02:58.720085
2025-08-03,42608,2025080301049162,SBL,Dakshinkali Investment & Securities Pvt. Ltd.,Machhapuchchhre Securities Limited,25,370.1,9252.5,2025-08-03T14:03:12.309977
2025-08-03,42584,2025080301049184,SBL,Sundhara Securities Limited,Machhapuchchhre Securities Limited,18,371.0,6678.0,2025-08-03T14:03:13.210547
2025-08-03,42506,2025080301049224,SBL,Dakshinkali Investment & Securities Pvt. Ltd.,Machhapuchchhre Securities Limited,25,370.1,9252.5,2025-08-03T14:03:25.351108
2025-08-03,42415,2025080301049254,SBL,Dakshinkali Investment & Securities Pvt. Ltd.,Machhapuchchhre Securities Limited,25,370.1,9252.5,2025-08-03T14:03:35.376526
2025-08-03,42100,2025080301049401,SBL,Dakshinkali Investment & Securities Pvt. Ltd.,Nepal Stock House (PVT) Ltd.,50,370.1,18505.0,2025-08-03T14:04:23.228878
2025-08-03,40449,2025080301049894,SBL,Neev Securities Pvt. Ltd.,Midas Stock Broking Company Private Limited,100,370.2,37020.0,2025-08-03T14:08:57.598146
2025-08-03,40391,2025080301049913,SBL,Neev Securities Pvt. Ltd.,Ashutosh Brokerage & Securities (PVT) Ltd.,132,370.2,48866.4,2025-08-03T14:09:09.196883
2025-08-03,40032,2025080301050043,SBL,Neev Securities Pvt. Ltd.,Ashutosh Brokerage & Securities (PVT) Ltd.,568,370.2,210273.6,2025-08-03T14:09:53.473204
2025-08-03,40031,2025080301050044,SBL,Dakshinkali Investment & Securities Pvt. Ltd.,Ashutosh Brokerage & Securities (PVT) Ltd.,1307,370.1,483720.7,2025-08-03T14:09:53.473369
2025-08-03,40030,2025080301050045,SBL,Nepal Stock House (PVT) Ltd.,Ashutosh Brokerage & Securities (PVT) Ltd.,1598,370.0,591260.0,2025-08-03T14:09:53.473436
2025-08-03,40029,2025080301050046,SBL,ABC Securities Private Limited,Ashutosh Brokerage & Securities (PVT) Ltd.,500,370.0,185000.0,2025-08-03T14:09:53.473499
2025-08-03,40028,2025080301050047,SBL,Trishakti Securities Public Limited,Ashutosh Brokerage & Securities (PVT) Ltd.,500,370.0,185000.0,2025-08-03T14:09:53.47356
2025-08-03,38907,2025080301050362,SBL,Sundhara Securities Limited,Sani Securities Company Ltd.,56,369.9,20714.4,2025-08-03T14:12:37.912948
2025-08-03,38401,2025080301050518,SBL,Sundhara Securities Limited,Opal Securities Investment (PVT) Ltd.,50,369.9,18495.0,2025-08-03T14:13:48.992495
2025-08-03,37245,2025080301050805,SBL,Sri Hari Securities Pvt. Ltd.,Imperial Securities Company Pvt. Ltd.,20,370.0,7400.0,2025-08-03T14:16:27.107705
2025-08-03,37169,2025080301050837,SBL,Sundhara Securities Limited,Trisul Securities & Invt. Ltd.,69,369.9,25523.1,2025-08-03T14:16:40.354101
2025-08-03,37008,2025080301050900,SBL,Dakshinkali Investment & Securities Pvt. Ltd.,Imperial Securities Company Pvt. Ltd.,180,370.0,66600.0,2025-08-03T14:17:00.978371
2025-08-03,37007,2025080301050901,SBL,Dakshinkali Investment & Securities Pvt. Ltd.,Imperial Securities Company Pvt. Ltd.,1000,370.0,370000.0,2025-08-03T14:17:00.978546
2025-08-03,36839,2025080301050933,SBL,Cristal Kanchanjanga Securites Pvt. Ltd.,APPLE SECURITIES PRIVATE LIMITED,400,369.8,147920.0,2025-08-03T14:17:17.094566
2025-08-03,36838,2025080301050934,SBL,Vision Securities Pvt. Ltd,APPLE SECURITIES PRIVATE LIMITED,999,369.8,369430.2,2025-08-03T14:17:17.094755
2025-08-03,36671,2025080301050978,SBL,Vision Securities Pvt. Ltd,Ashutosh Brokerage & Securities (PVT) Ltd.,4441,370.5,1645390.5,2025-08-03T14:17:39.760557
2025-08-03,34652,2025080301051615,SBL,Creative Securities Pvt Ltd,Midas Stock Broking Company Private Limited,85,369.9,31441.5,2025-08-03T14:21:42.323572
2025-08-03,34624,2025080301051626,SBL,Creative Securities Pvt Ltd,Naasa Securities Co. Ltd.,145,369.9,53635.5,2025-08-03T14:21:48.827268
2025-08-03,33642,2025080301051882,SBL,Creative Securities Pvt Ltd,Sani Securities Company Ltd.,39,369.9,14426.1,2025-08-03T14:23:31.07597
2025-08-03,33562,2025080301051918,SBL,Creative Securities Pvt Ltd,Online Securities Pvt. Ltd.,29,369.9,10727.1,2025-08-03T14:23:36.997483
2025-08-03,33280,2025080301051997,SBL,Creative Securities Pvt Ltd,Siprabi Securities Pvt. Ltd.,112,369.9,41428.8,2025-08-03T14:24:00.696308
2025-08-03,32354,2025080301052243,SBL,Creative Securities Pvt Ltd,Kohinoor Investment & Securities Pvt. Ltd.,90,369.9,33291.0,2025-08-03T14:25:25.531363
2025-08-03,32353,2025080301052244,SBL,Vision Securities Pvt. Ltd,Kohinoor Investment & Securities Pvt. Ltd.,310,369.8,114638.0,2025-08-03T14:25:25.531528
2025-08-03,31763,2025080301052437,SBL,Vision Securities Pvt. Ltd,Trisul Securities & Invt. Ltd.,221,370.0,81770.0,2025-08-03T14:26:31.338541
2025-08-03,31497,2025080301052563,SBL,Property Wiard Limited,Ashutosh Brokerage & Securities (PVT) Ltd.,454,370.4,168161.6,2025-08-03T14:27:01.350421
2025-08-03,28934,2025080301053306,SBL,Vision Securities Pvt. Ltd,Sundhara Securities Limited,470,370.0,173900.0,2025-08-03T14:30:55.64285
2025-08-03,28933,2025080301053307,SBL,Vision Securities Pvt. Ltd,Sundhara Securities Limited,530,370.0,196100.0,2025-08-03T14:30:55.64301
2025-08-03,28842,2025080301053337,SBL,Vision Securities Pvt. Ltd,Nepal Investment And Securities Trading Private Limited,385,370.0,142450.0,2025-08-03T14:31:04.599962
2025-08-03,28740,2025080301053354,SBL,Vision Securities Pvt. Ltd,Ashutosh Brokerage & Securities (PVT) Ltd.,63,370.0,23310.0,2025-08-03T14:31:08.834918
2025-08-03,27350,2025080301053782,SBL,Vision Securities Pvt. Ltd,Dakshinkali Investment & Securities Pvt. Ltd.,22,370.0,8140.0,2025-08-03T14:33:08.628113
2025-08-03,27349,2025080301053783,SBL,Vision Securities Pvt. Ltd,Dakshinkali Investment & Securities Pvt. Ltd.,478,370.0,176860.0,2025-08-03T14:33:08.628436
2025-08-03,27018,2025080301053887,SBL,Vision Securities Pvt. Ltd,Deevyaa Securities & Stock House Pvt. Ltd,1000,370.0,370000.0,2025-08-03T14:33:34.454523
2025-08-03,26976,2025080301053893,SBL,Vision Securities Pvt. Ltd,Dakshinkali Investment & Securities Pvt. Ltd.,522,370.0,193140.0,2025-08-03T14:33:37.976913
2025-08-03,26697,2025080301053953,SBL,Vision Securities Pvt. Ltd,Dakshinkali Investment & Securities Pvt. Ltd.,478,370.0,176860.0,2025-08-03T14:34:00.443265
2025-08-03,25470,2025080301054318,SBL,Vision Securities Pvt. Ltd,Sundhara Securities Limited,40,370.0,14800.0,2025-08-03T14:35:33.448398
2025-08-03,25032,2025080301054418,SBL,Vision Securities Pvt. Ltd,Dakshinkali Investment & Securities Pvt. Ltd.,500,370.0,185000.0,2025-08-03T14:36:08.282031
2025-08-03,23953,2025080301054680,SBL,Vision Securities Pvt. Ltd,Vision Securities Pvt. Ltd,11,370.0,4070.0,2025-08-03T14:37:32.868037
2025-08-03,23623,2025080301054781,SBL,Vision Securities Pvt. Ltd,South Asian Bulls Pvt. Ltd.,390,370.0,144300.0,2025-08-03T14:38:04.216433
2025-08-03,23093,2025080301054944,SBL,Vision Securities Pvt. Ltd,Kalika Securities Pvt. Ltd.,184,370.0,68080.0,2025-08-03T14:38:55.087896
2025-08-03,22738,2025080301055058,SBL,Vision Securities Pvt. Ltd,Investment Management Nepal Pvt. Ltd.,300,370.0,111000.0,2025-08-03T14:39:24.761523
2025-08-03,21596,2025080301055360,SBL,Vision Securities Pvt. Ltd,K.B.L. Securities Limited ,97,370.0,35890.0,2025-08-03T14:41:04.524031
2025-08-03,21595,2025080301055361,SBL,Primo Securities (PVT) Ltd.,K.B.L. Securities Limited ,118,370.0,43660.0,2025-08-03T14:41:04.524256
2025-08-03,21594,2025080301055362,SBL,Naasa Securities Co. Ltd.,K.B.L. Securities Limited ,60,370.0,22200.0,2025-08-03T14:41:04.52433
2025-08-03,21593,2025080301055363,SBL,Vision Securities Pvt. Ltd,K.B.L. Securities Limited ,131,370.0,48470.0,2025-08-03T14:41:04.524397
2025-08-03,21151,2025080301055518,SBL,Vision Securities Pvt. Ltd,Investment Management Nepal Pvt. Ltd.,100,370.0,37000.0,2025-08-03T14:41:35.745034
2025-08-03,20326,2025080301055737,SBL,Infinity Securities Limited,Aryatara Investment & Securities,17,370.9,6305.3,2025-08-03T14:42:26.908436
2025-08-03,20302,2025080301055745,SBL,Vision Securities Pvt. Ltd,Deevyaa Securities & Stock House Pvt. Ltd,500,370.0,185000.0,2025-08-03T14:42:29.916514
2025-08-03,19249,2025080301056036,SBL,Vision Securities Pvt. Ltd,Imperial Securities Company Pvt. Ltd.,269,370.0,99530.0,2025-08-03T14:43:51.484644
2025-08-03,19248,2025080301056037,SBL,Kohinoor Investment & Securities Pvt. Ltd.,Imperial Securities Company Pvt. Ltd.,20,370.0,7400.0,2025-08-03T14:43:51.484807
2025-08-03,19247,2025080301056038,SBL,Vision Securities Pvt. Ltd,Imperial Securities Company Pvt. Ltd.,1711,370.0,633070.0,2025-08-03T14:43:51.484876
2025-08-03,19240,2025080301056044,SBL,Vision Securities Pvt. Ltd,Sani Securities Company Ltd.,289,370.0,106930.0,2025-08-03T14:43:52.067234
2025-08-03,19239,2025080301056045,SBL,MILKY WAY SHARE BROKER COMPANY LTD ,Sani Securities Company Ltd.,200,370.0,74000.0,2025-08-03T14:43:52.067408
2025-08-03,19238,2025080301056046,SBL,Deevyaa Securities & Stock House Pvt. Ltd,Sani Securities Company Ltd.,217,370.0,80290.0,2025-08-03T14:43:52.067479
2025-08-03,17481,2025080301056543,SBL,Deevyaa Securities & Stock House Pvt. Ltd,SHUBHAKAMANA SECURITIES PVT. LTD,283,370.0,104710.0,2025-08-03T14:45:56.837827
2025-08-03,17480,2025080301056544,SBL,Agrawal Securities (PVT) Ltd.,SHUBHAKAMANA SECURITIES PVT. LTD,100,370.0,37000.0,2025-08-03T14:45:56.837999
2025-08-03,17244,2025080301056601,SBL,Vision Securities Pvt. Ltd,SHUBHAKAMANA SECURITIES PVT. LTD,117,370.3,43325.1,2025-08-03T14:46:19.10709
2025-08-03,17243,2025080301056602,SBL,Vision Securities Pvt. Ltd,Vision Securities Pvt. Ltd,2582,370.4,956372.8,2025-08-03T14:46:19.107151
2025-08-03,17006,2025080301056668,SBL,Aakashbhairab Securities Ltd.,Kumari Securities Private Limited,117,370.0,43290.0,2025-08-03T14:46:36.966556
2025-08-03,16730,2025080301056729,SBL,Aakashbhairab Securities Ltd.,Kumari Securities Private Limited,1883,370.0,696710.0,2025-08-03T14:46:58.362798
2025-08-03,16686,2025080301056739,SBL,Imperial Securities Company Pvt. Ltd.,Vision Securities Pvt. Ltd,90,370.0,33300.0,2025-08-03T14:47:01.904858
2025-08-03,16330,2025080301056924,SBL,Siprabi Securities Pvt. Ltd.,Vision Securities Pvt. Ltd,22,370.0,8140.0,2025-08-03T14:47:22.530374
2025-08-03,16329,2025080301056925,SBL,Siprabi Securities Pvt. Ltd.,Aryatara Investment & Securities,10,370.9,3709.0,2025-08-03T14:47:22.530416
2025-08-03,16217,2025080301056947,SBL,Miyo Securities Pvt Ltd,Opal Securities Investment (PVT) Ltd.,1285,369.9,475321.5,2025-08-03T14:47:31.371649
2025-08-03,15785,2025080301057056,SBL,Siprabi Securities Pvt. Ltd.,Aryatara Investment & Securities,10,370.9,3709.0,2025-08-03T14:47:58.030265
2025-08-03,14839,2025080301057412,SBL,Aakashbhairab Securities Ltd.,Aryatara Investment & Securities,161,370.9,59714.9,2025-08-03T14:49:04.785989
2025-08-03,14838,2025080301057413,SBL,Aakashbhairab Securities Ltd.,Machhapuchchhre Securities Limited,44,371.0,16324.0,2025-08-03T14:49:04.78618
2025-08-03,14837,2025080301057414,SBL,Aakashbhairab Securities Ltd.,Naasa Securities Co. Ltd.,250,371.0,92750.0,2025-08-03T14:49:04.786249
2025-08-03,14836,2025080301057415,SBL,Aakashbhairab Securities Ltd.,Sani Securities Company Ltd.,128,371.0,47488.0,2025-08-03T14:49:04.786315
2025-08-03,14835,2025080301057416,SBL,Aakashbhairab Securities Ltd.,Vision Securities Pvt. Ltd,200,371.0,74200.0,2025-08-03T14:49:04.786379
2025-08-03,14697,2025080301057453,SBL,Cristal Kanchanjanga Securites Pvt. Ltd.,Nepal Investment And Securities Trading Private Limited,10,372.0,3720.0,2025-08-03T14:49:14.595273
2025-08-03,13966,2025080301057699,SBL,Primo Securities (PVT) Ltd.,SHUBHAKAMANA SECURITIES PVT. LTD,500,370.0,185000.0,2025-08-03T14:50:11.683768
2025-08-03,13965,2025080301057700,SBL,Dakshinkali Investment & Securities Pvt. Ltd.,SHUBHAKAMANA SECURITIES PVT. LTD,500,370.0,185000.0,2025-08-03T14:50:11.684116
2025-08-03,13673,2025080301057768,SBL,Trisul Securities & Invt. Ltd.,SHUBHAKAMANA SECURITIES PVT. LTD,10,371.9,3719.0,2025-08-03T14:50:29.63285
2025-08-03,13650,2025080301057773,SBL,Miyo Securities Pvt Ltd,SHUBHAKAMANA SECURITIES PVT. LTD,298,369.9,110230.2,2025-08-03T14:50:30.749658
2025-08-03,13265,2025080301057955,SBL,Trisul Securities & Invt. Ltd.,SHUBHAKAMANA SECURITIES PVT. LTD,10,371.9,3719.0,2025-08-03T14:50:48.766996
2025-08-03,11987,2025080301058319,SBL,Dynamic Money Managers Securities Pvt. Ltd.,Thrive Brokerage House Pvt. Ltd,200,370.1,74020.0,2025-08-03T14:52:10.752449
2025-08-03,11293,2025080301058597,SBL,Dynamic Money Managers Securities Pvt. Ltd.,Vision Securities Pvt. Ltd,130,370.1,48113.0,2025-08-03T14:52:49.5259
2025-08-03,10650,2025080301058828,SBL,Dynamic Money Managers Securities Pvt. Ltd.,Opal Securities Investment (PVT) Ltd.,170,370.1,62917.0,2025-08-03T14:53:31.862918
2025-08-03,10649,2025080301058829,SBL,Naasa Securities Co. Ltd.,Opal Securities Investment (PVT) Ltd.,500,370.0,185000.0,2025-08-03T14:53:31.86327
2025-08-03,10648,2025080301058830,SBL,Miyo Securities Pvt Ltd,Opal Securities Investment (PVT) Ltd.,417,369.9,154248.3,2025-08-03T14:53:31.863541
2025-08-03,10647,2025080301058831,SBL,Opal Securities Investment (PVT) Ltd.,Opal Securities Investment (PVT) Ltd.,2000,369.7,739400.0,2025-08-03T14:53:31.863807
2025-08-03,10646,2025080301058832,SBL,Trishakti Securities Public Limited,Opal Securities Investment (PVT) Ltd.,500,369.5,184750.0,2025-08-03T14:53:31.864096
2025-08-03,10645,2025080301058833,SBL,Imperial Securities Company Pvt. Ltd.,Opal Securities Investment (PVT) Ltd.,10,369.5,3695.0,2025-08-03T14:53:31.864364
2025-08-03,10644,2025080301058834,SBL,Dakshinkali Investment & Securities Pvt. Ltd.,Opal Securities Investment (PVT) Ltd.,2000,369.3,738600.0,2025-08-03T14:53:31.864624
2025-08-03,10643,2025080301058835,SBL,Imperial Securities Company Pvt. Ltd.,Opal Securities Investment (PVT) Ltd.,10,369.3,3693.0,2025-08-03T14:53:31.864875
2025-08-03,10642,2025080301058836,SBL,Dakshinkali Investment & Securities Pvt. Ltd.,Opal Securities Investment (PVT) Ltd.,2000,369.2,738400.0,2025-08-03T14:53:31.86515
2025-08-03,10641,2025080301058837,SBL,Asian Securities Private Ltd.,Opal Securities Investment (PVT) Ltd.,200,369.0,73800.0,2025-08-03T14:53:31.865428
2025-08-03,10640,2025080301058838,SBL,South Asian Bulls Pvt. Ltd.,Opal Securities Investment (PVT) Ltd.,1000,369.0,369000.0,2025-08-03T14:53:31.865688
2025-08-03,10639,2025080301058839,SBL,ABC Securities Private Limited,Opal Securities Investment (PVT) Ltd.,1039,369.0,383391.0,2025-08-03T14:53:31.865948
2025-08-03,10202,2025080301058989,SBL,ABC Securities Private Limited,Trisul Securities & Invt. Ltd.,337,369.0,124353.0,2025-08-03T14:54:02.565072
2025-08-03,10196,2025080301058990,SBL,ABC Securities Private Limited,Opal Securities Investment (PVT) Ltd.,624,369.0,230256.0,2025-08-03T14:54:03.100259
2025-08-03,10195,2025080301058991,SBL,Malla & Malla Stock Broking Company Pvt. Limited,Opal Securities Investment (PVT) Ltd.,50,369.0,18450.0,2025-08-03T14:54:03.100479
2025-08-03,10194,2025080301058992,SBL,Kohinoor Investment & Securities Pvt. Ltd.,Opal Securities Investment (PVT) Ltd.,20,369.0,7380.0,2025-08-03T14:54:03.100548
2025-08-03,10193,2025080301058993,SBL,Thrive Brokerage House Pvt. Ltd,Opal Securities Investment (PVT) Ltd.,50,369.0,18450.0,2025-08-03T14:54:03.100611
2025-08-03,10192,2025080301058994,SBL,Imperial Securities Company Pvt. Ltd.,Opal Securities Investment (PVT) Ltd.,15,369.0,5535.0,2025-08-03T14:54:03.100683
2025-08-03,10191,2025080301058995,SBL,Dipshikha Dhitopatra Karobar Co. Pvt Ltd.,Opal Securities Investment (PVT) Ltd.,500,369.0,184500.0,2025-08-03T14:54:03.100746
2025-08-03,10190,2025080301058996,SBL,Naasa Securities Co. Ltd.,Opal Securities Investment (PVT) Ltd.,100,368.5,36850.0,2025-08-03T14:54:03.100812
2025-08-03,10189,2025080301058997,SBL,Imperial Securities Company Pvt. Ltd.,Opal Securities Investment (PVT) Ltd.,10,368.5,3685.0,2025-08-03T14:54:03.100877
2025-08-03,10188,2025080301058998,SBL,Sri Hari Securities Pvt. Ltd.,Opal Securities Investment (PVT) Ltd.,50,368.3,18415.0,2025-08-03T14:54:03.100937
2025-08-03,10187,2025080301058999,SBL,Naasa Securities Co. Ltd.,Opal Securities Investment (PVT) Ltd.,25,368.1,9202.5,2025-08-03T14:54:03.101001
2025-08-03,10186,2025080301059000,SBL,Creative Securities Pvt Ltd,Opal Securities Investment (PVT) Ltd.,50,368.0,18400.0,2025-08-03T14:54:03.101078
2025-08-03,10185,2025080301059001,SBL,Naasa Securities Co. Ltd.,Opal Securities Investment (PVT) Ltd.,60,368.0,22080.0,2025-08-03T14:54:03.101141
2025-08-03,10184,2025080301059002,SBL,Premier Securities Company Ltd.,Opal Securities Investment (PVT) Ltd.,100,368.0,36800.0,2025-08-03T14:54:03.1012
2025-08-03,10183,2025080301059003,SBL,Malla & Malla Stock Broking Company Pvt. Limited,Opal Securities Investment (PVT) Ltd.,50,368.0,18400.0,2025-08-03T14:54:03.101258
2025-08-03,10182,2025080301059004,SBL,Vision Securities Pvt. Ltd,Opal Securities Investment (PVT) Ltd.,200,368.0,73600.0,2025-08-03T14:54:03.101321
2025-08-03,10181,2025080301059005,SBL,Malla & Malla Stock Broking Company Pvt. Limited,Opal Securities Investment (PVT) Ltd.,50,368.0,18400.0,2025-08-03T14:54:03.101393
2025-08-03,10180,2025080301059006,SBL,Cristal Kanchanjanga Securites Pvt. Ltd.,Opal Securities Investment (PVT) Ltd.,500,368.0,184000.0,2025-08-03T14:54:03.101451
2025-08-03,10179,2025080301059007,SBL,Imperial Securities Company Pvt. Ltd.,Opal Securities Investment (PVT) Ltd.,15,368.0,5520.0,2025-08-03T14:54:03.10151
2025-08-03,10178,2025080301059008,SBL,ABC Securities Private Limited,Opal Securities Investment (PVT) Ltd.,100,367.0,36700.0,2025-08-03T14:54:03.101569
2025-08-03,10177,2025080301059009,SBL,Kohinoor Investment & Securities Pvt. Ltd.,Opal Securities Investment (PVT) Ltd.,25,366.5,9162.5,2025-08-03T14:54:03.101628
2025-08-03,10176,2025080301059010,SBL,Vision Securities Pvt. Ltd,Opal Securities Investment (PVT) Ltd.,555,366.0,203130.0,2025-08-03T14:54:03.101687
2025-08-03,10175,2025080301059011,SBL,Sweta Securities Private Limited,Opal Securities Investment (PVT) Ltd.,1000,366.0,366000.0,2025-08-03T14:54:03.101745
2025-08-03,10174,2025080301059012,SBL,Vision Securities Pvt. Ltd,Opal Securities Investment (PVT) Ltd.,1000,366.0,366000.0,2025-08-03T14:54:03.101802
2025-08-03,10173,2025080301059013,SBL,Opal Securities Investment (PVT) Ltd.,Opal Securities Investment (PVT) Ltd.,5000,366.0,1830000.0,2025-08-03T14:54:03.101863
2025-08-03,10172,2025080301059014,SBL,Secured Securities Ltd.,Opal Securities Investment (PVT) Ltd.,500,366.0,183000.0,2025-08-03T14:54:03.101926
2025-08-03,10171,2025080301059015,SBL,Bhrikuti Stock Broking Co. Pvt. Ltd.,Opal Securities Investment (PVT) Ltd.,1000,365.0,365000.0,2025-08-03T14:54:03.101989
2025-08-03,10170,2025080301059016,SBL,Kohinoor Investment & Securities Pvt. Ltd.,Opal Securities Investment (PVT) Ltd.,216,365.0,78840.0,2025-08-03T14:54:03.102053
2025-08-03,10169,2025080301059017,SBL,Imperial Securities Company Pvt. Ltd.,Opal Securities Investment (PVT) Ltd.,10,365.0,3650.0,2025-08-03T14:54:03.102116
2025-08-03,10168,2025080301059018,SBL,Online Securities Pvt. Ltd.,Opal Securities Investment (PVT) Ltd.,3125,365.0,1140625.0,2025-08-03T14:54:03.102179
2025-08-03,9318,2025080301059365,SBL,Cristal Kanchanjanga Securites Pvt. Ltd.,Trisul Securities & Invt. Ltd.,10,371.8,3718.0,2025-08-03T14:54:41.883726
2025-08-03,8952,2025080301059465,SBL,Creative Securities Pvt Ltd,Vision Securities Pvt. Ltd,500,365.1,182550.0,2025-08-03T14:55:01.544537
2025-08-03,8951,2025080301059466,SBL,Online Securities Pvt. Ltd.,Vision Securities Pvt. Ltd,500,365.0,182500.0,2025-08-03T14:55:01.544809
2025-08-03,8542,2025080301059637,SBL,Vision Securities Pvt. Ltd,SUN SECURITIES PVT LTD,100,370.0,37000.0,2025-08-03T14:55:18.955186
2025-08-03,7044,2025080301060138,SBL,Bhrikuti Stock Broking Co. Pvt. Ltd.,Opal Securities Investment (PVT) Ltd.,50,366.0,18300.0,2025-08-03T14:56:35.736887
2025-08-03,7043,2025080301060139,SBL,Dynamic Money Managers Securities Pvt. Ltd.,Opal Securities Investment (PVT) Ltd.,1000,365.6,365600.0,2025-08-03T14:56:35.737164
2025-08-03,7042,2025080301060140,SBL,Siprabi Securities Pvt. Ltd.,Opal Securities Investment (PVT) Ltd.,100,365.5,36550.0,2025-08-03T14:56:35.737359
2025-08-03,7041,2025080301060141,SBL,KALASH STOCK MARKET PVT. LTD.,Opal Securities Investment (PVT) Ltd.,100,365.1,36510.0,2025-08-03T14:56:35.737525
2025-08-03,7040,2025080301060142,SBL,Online Securities Pvt. Ltd.,Opal Securities Investment (PVT) Ltd.,1375,365.0,501875.0,2025-08-03T14:56:35.73769
2025-08-03,7039,2025080301060143,SBL,Asian Securities Private Ltd.,Opal Securities Investment (PVT) Ltd.,100,365.0,36500.0,2025-08-03T14:56:35.737857
2025-08-03,7038,2025080301060144,SBL,Nepal Stock House (PVT) Ltd.,Opal Securities Investment (PVT) Ltd.,200,365.0,73000.0,2025-08-03T14:56:35.738041
2025-08-03,7037,2025080301060145,SBL,Siprabi Securities Pvt. Ltd.,Opal Securities Investment (PVT) Ltd.,500,365.0,182500.0,2025-08-03T14:56:35.738211
2025-08-03,7036,2025080301060146,SBL,Dakshinkali Investment & Securities Pvt. Ltd.,Opal Securities Investment (PVT) Ltd.,50,365.0,18250.0,2025-08-03T14:56:35.738372
2025-08-03,7035,2025080301060147,SBL,South Asian Bulls Pvt. Ltd.,Opal Securities Investment (PVT) Ltd.,1000,365.0,365000.0,2025-08-03T14:56:35.738533
2025-08-03,7034,2025080301060148,SBL,Nepal Stock House (PVT) Ltd.,Opal Securities Investment (PVT) Ltd.,1000,365.0,365000.0,2025-08-03T14:56:35.738695
2025-08-03,7033,2025080301060149,SBL,Dakshinkali Investment & Securities Pvt. Ltd.,Opal Securities Investment (PVT) Ltd.,200,364.5,72900.0,2025-08-03T14:56:35.738858
2025-08-03,7032,2025080301060150,SBL,Capital Max Securities Ltd,Opal Securities Investment (PVT) Ltd.,150,364.1,54615.0,2025-08-03T14:56:35.739034
2025-08-03,7031,2025080301060151,SBL,Asian Securities Private Ltd.,Opal Securities Investment (PVT) Ltd.,1000,364.0,364000.0,2025-08-03T14:56:35.7392
2025-08-03,7030,2025080301060152,SBL,Thrive Brokerage House Pvt. Ltd,Opal Securities Investment (PVT) Ltd.,100,364.0,36400.0,2025-08-03T14:56:35.73937
2025-08-03,7029,2025080301060153,SBL,Dakshinkali Investment & Securities Pvt. Ltd.,Opal Securities Investment (PVT) Ltd.,2000,363.0,726000.0,2025-08-03T14:56:35.739527
2025-08-03,7028,2025080301060154,SBL,South Asian Bulls Pvt. Ltd.,Opal Securities Investment (PVT) Ltd.,75,363.0,27225.0,2025-08-03T14:56:35.739694
2025-08-03,4533,2025080301061274,SBL,Asian Securities Private Ltd.,Midas Stock Broking Company Private Limited,100,363.2,36320.0,2025-08-03T14:58:03.605972
2025-08-03,4532,2025080301061275,SBL,K.B.L. Securities Limited ,Midas Stock Broking Company Private Limited,900,363.1,326790.0,2025-08-03T14:58:03.606124
2025-08-03,4318,2025080301061338,SBL,Sundhara Securities Limited,Opal Securities Investment (PVT) Ltd.,17,367.0,6239.0,2025-08-03T14:58:11.744467
2025-08-03,4298,2025080301061343,SBL,K.B.L. Securities Limited ,Nepal Stock House (PVT) Ltd.,100,363.1,36310.0,2025-08-03T14:58:12.64703
2025-08-03,4297,2025080301061344,SBL,Aakashbhairab Securities Ltd.,Nepal Stock House (PVT) Ltd.,40,363.1,14524.0,2025-08-03T14:58:12.647204
2025-08-03,4181,2025080301061391,SBL,Dakshinkali Investment & Securities Pvt. Ltd.,Midas Stock Broking Company Private Limited,1000,363.2,363200.0,2025-08-03T14:58:17.785714
2025-08-03,3975,2025080301061449,SBL,Siprabi Securities Pvt. Ltd.,Opal Securities Investment (PVT) Ltd.,100,367.0,36700.0,2025-08-03T14:58:25.070111
2025-08-03,3444,2025080301061639,SBL,Aakashbhairab Securities Ltd.,SHUBHAKAMANA SECURITIES PVT. LTD,500,363.1,181550.0,2025-08-03T14:58:43.440565
2025-08-03,2504,2025080301062047,SBL,Nepal Investment And Securities Trading Private Limited,SHUBHAKAMANA SECURITIES PVT. LTD,200,363.2,72640.0,2025-08-03T14:59:08.525952
2025-08-03,2503,2025080301062048,SBL,Aakashbhairab Securities Ltd.,SHUBHAKAMANA SECURITIES PVT. LTD,300,363.1,108930.0,2025-08-03T14:59:08.526278
2025-08-03,1577,2025080301062313,SBL,Siprabi Securities Pvt. Ltd.,SHUBHAKAMANA SECURITIES PVT. LTD,480,363.3,174384.0,2025-08-03T14:59:31.633598
2025-08-03,1044,2025080301062493,SBL,Vision Securities Pvt. Ltd,SHUBHAKAMANA SECURITIES PVT. LTD,500,364.0,182000.0,2025-08-03T14:59:42.680174
2025-08-03,683,2025080301062624,SBL,Trisul Securities & Invt. Ltd.,K.B.L. Securities Limited ,10,365.0,3650.0,2025-08-03T14:59:50.575021
