contractId,stockSymbol,buyerMemberId,sellerMemberId,quantity,rate,amount,businessDate,tradeBookId,stockId,buyerBrokerName,sellerBrokerName,transaction_time,securityName
2026041704000001,NHPC,58,57,1799,318.0,572082.0,2026-04-17,186754737,152,Naasa Securities Co. Ltd.,Aryatara Investment & Securities,2026-04-17 10:46:00.012938,National Hydro Power Company Limited
2026041704000002,NHPC,58,58,50,318.0,15900.0,2026-04-17,186754741,152,Naasa Securities Co. Ltd.,Naasa Securities Co. Ltd.,2026-04-17 10:46:00.013070,National Hydro Power Company Limited
2026041704000031,NHPC,58,42,100,320.0,32000.0,2026-04-17,186754994,152,Naasa Securities Co. Ltd.,Sani Securities Company Ltd.,2026-04-17 11:00:01.725879,National Hydro Power Company Limited
2026041704000034,NHPC,17,42,900,320.0,288000.0,2026-04-17,186755035,152,ABC Securities Private Limited,Sani Securities Company Ltd.,2026-04-17 11:00:16.965760,National Hydro Power Company Limited
2026041704000035,NHPC,17,42,200,320.0,64000.0,2026-04-17,186755038,152,ABC Securities Private Limited,Sani Securities Company Ltd.,2026-04-17 11:00:16.965875,National Hydro Power Company Limited
2026041704000036,NHPC,58,38,10,320.0,3200.0,2026-04-17,186755042,152,Naasa Securities Co. Ltd.,Dipshikha Dhitopatra Karobar Co. Pvt Ltd.,2026-04-17 11:00:17.918363,National Hydro Power Company Limited
2026041704000101,NHPC,35,7,1000,323.9,323900.0,2026-04-17,186755429,152,Kohinoor Investment & Securities Pvt. Ltd.,J.F. Securites (PVT) Ltd.,2026-04-17 11:01:01.846212,National Hydro Power Company Limited
2026041704000102,NHPC,35,51,1610,324.0,521640.0,2026-04-17,186755431,152,Kohinoor Investment & Securities Pvt. Ltd.,Oxford Securities Pvt. Ltd.,2026-04-17 11:01:01.846429,National Hydro Power Company Limited
2026041704000103,NHPC,35,99,200,324.0,64800.0,2026-04-17,186755433,152,Kohinoor Investment & Securities Pvt. Ltd.,Prabhu Stock Market Limited,2026-04-17 11:01:01.846599,National Hydro Power Company Limited
2026041704000104,NHPC,35,94,300,324.0,97200.0,2026-04-17,186755435,152,Kohinoor Investment & Securities Pvt. Ltd.,K.B.L. Securities Limited ,2026-04-17 11:01:01.846770,National Hydro Power Company Limited
2026041704000105,NHPC,35,13,450,324.9,146205.0,2026-04-17,186755437,152,Kohinoor Investment & Securities Pvt. Ltd.,Thrive Brokerage House Pvt. Ltd,2026-04-17 11:01:01.846938,National Hydro Power Company Limited
2026041704000106,NHPC,35,47,300,325.0,97500.0,2026-04-17,186755439,152,Kohinoor Investment & Securities Pvt. Ltd.,Neev Securities Pvt. Ltd.,2026-04-17 11:01:01.847091,National Hydro Power Company Limited
2026041704000107,NHPC,35,32,856,325.0,278200.0,2026-04-17,186755441,152,Kohinoor Investment & Securities Pvt. Ltd.,Premier Securities Company Ltd.,2026-04-17 11:01:01.847220,National Hydro Power Company Limited
2026041704000108,NHPC,35,58,1284,325.0,417300.0,2026-04-17,186755444,152,Kohinoor Investment & Securities Pvt. Ltd.,Naasa Securities Co. Ltd.,2026-04-17 11:01:01.847369,National Hydro Power Company Limited
2026041704000116,NHPC,60,38,10,324.5,3245.0,2026-04-17,186755497,152,Nagarik Stock Dealer ,Dipshikha Dhitopatra Karobar Co. Pvt Ltd.,2026-04-17 11:01:10.622760,National Hydro Power Company Limited
2026041704000117,NHPC,60,58,638,325.0,207350.0,2026-04-17,186755499,152,Nagarik Stock Dealer ,Naasa Securities Co. Ltd.,2026-04-17 11:01:10.622869,National Hydro Power Company Limited
2026041704000118,NHPC,60,34,800,325.9,260720.0,2026-04-17,186755501,152,Nagarik Stock Dealer ,Vision Securities Pvt. Ltd,2026-04-17 11:01:10.622912,National Hydro Power Company Limited
2026041704000119,NHPC,60,3,6000,326.0,1956000.0,2026-04-17,186755503,152,Nagarik Stock Dealer ,Arun Securities (PVT) Ltd.,2026-04-17 11:01:10.622955,National Hydro Power Company Limited
2026041704000120,NHPC,60,64,2552,326.0,831952.0,2026-04-17,186755506,152,Nagarik Stock Dealer ,SUN SECURITIES PVT LTD,2026-04-17 11:01:10.622995,National Hydro Power Company Limited
2026041704000130,NHPC,58,64,150,326.0,48900.0,2026-04-17,186755604,152,Naasa Securities Co. Ltd.,SUN SECURITIES PVT LTD,2026-04-17 11:01:19.731346,National Hydro Power Company Limited
2026041704000131,NHPC,71,56,100,322.1,32210.0,2026-04-17,186755605,152,SHUBHAKAMANA SECURITIES PVT. LTD,Sri Hari Securities Pvt. Ltd.,2026-04-17 11:01:20.045025,National Hydro Power Company Limited
2026041704000135,NHPC,35,25,100,324.0,32400.0,2026-04-17,186755626,152,Kohinoor Investment & Securities Pvt. Ltd.,Sweta Securities Private Limited,2026-04-17 11:01:22.227644,National Hydro Power Company Limited
2026041704000140,NHPC,56,99,50,323.0,16150.0,2026-04-17,186755762,152,Sri Hari Securities Pvt. Ltd.,Prabhu Stock Market Limited,2026-04-17 11:01:33.561917,National Hydro Power Company Limited
2026041704000141,NHPC,42,99,500,323.0,161500.0,2026-04-17,186755764,152,Sani Securities Company Ltd.,Prabhu Stock Market Limited,2026-04-17 11:01:33.596973,National Hydro Power Company Limited
2026041704000145,NHPC,34,99,400,323.0,129200.0,2026-04-17,186755796,152,Vision Securities Pvt. Ltd,Prabhu Stock Market Limited,2026-04-17 11:01:36.139923,National Hydro Power Company Limited
2026041704000155,NHPC,58,99,50,323.0,16150.0,2026-04-17,186755951,152,Naasa Securities Co. Ltd.,Prabhu Stock Market Limited,2026-04-17 11:01:49.285661,National Hydro Power Company Limited
2026041704000157,NHPC,38,45,1000,323.9,323900.0,2026-04-17,186755994,152,Dipshikha Dhitopatra Karobar Co. Pvt Ltd.,Imperial Securities Company Pvt. Ltd.,2026-04-17 11:01:53.004292,National Hydro Power Company Limited
2026041704000160,NHPC,58,58,101,323.0,32623.0,2026-04-17,186756020,152,Naasa Securities Co. Ltd.,Naasa Securities Co. Ltd.,2026-04-17 11:01:54.338212,National Hydro Power Company Limited
2026041704000161,NHPC,58,58,100,323.0,32300.0,2026-04-17,186756022,152,Naasa Securities Co. Ltd.,Naasa Securities Co. Ltd.,2026-04-17 11:01:54.338377,National Hydro Power Company Limited
2026041704000162,NHPC,35,58,1299,322.3,418667.7,2026-04-17,186756023,152,Kohinoor Investment & Securities Pvt. Ltd.,Naasa Securities Co. Ltd.,2026-04-17 11:01:54.338430,National Hydro Power Company Limited
2026041704000163,NHPC,60,57,1000,323.0,323000.0,2026-04-17,186756037,152,Nagarik Stock Dealer ,Aryatara Investment & Securities,2026-04-17 11:01:55.395020,National Hydro Power Company Limited
2026041704000171,NHPC,41,19,200,323.8,64760.0,2026-04-17,186756195,152,Linch Stock Market Ltd.,Nepal Investment And Securities Trading Private Limited,2026-04-17 11:02:06.960688,National Hydro Power Company Limited
2026041704000172,NHPC,41,45,800,323.9,259120.0,2026-04-17,186756198,152,Linch Stock Market Ltd.,Imperial Securities Company Pvt. Ltd.,2026-04-17 11:02:06.960809,National Hydro Power Company Limited
2026041704000173,NHPC,60,7,1000,323.0,323000.0,2026-04-17,186756213,152,Nagarik Stock Dealer ,J.F. Securites (PVT) Ltd.,2026-04-17 11:02:07.564381,National Hydro Power Company Limited
2026041704000183,NHPC,58,94,100,323.0,32300.0,2026-04-17,186756341,152,Naasa Securities Co. Ltd.,K.B.L. Securities Limited ,2026-04-17 11:02:12.279857,National Hydro Power Company Limited
2026041704000196,NHPC,58,45,300,323.0,96900.0,2026-04-17,186756403,152,Naasa Securities Co. Ltd.,Imperial Securities Company Pvt. Ltd.,2026-04-17 11:02:17.390190,National Hydro Power Company Limited
2026041704000201,NHPC,58,59,100,323.0,32300.0,2026-04-17,186756427,152,Naasa Securities Co. Ltd.,Deevyaa Securities & Stock House Pvt. Ltd,2026-04-17 11:02:19.994775,National Hydro Power Company Limited
2026041704000202,NHPC,58,50,350,323.0,113050.0,2026-04-17,186756430,152,Naasa Securities Co. Ltd.,Cristal Kanchanjanga Securites Pvt. Ltd.,2026-04-17 11:02:20.007459,National Hydro Power Company Limited
2026041704000210,NHPC,35,58,1000,322.3,322300.0,2026-04-17,186756573,152,Kohinoor Investment & Securities Pvt. Ltd.,Naasa Securities Co. Ltd.,2026-04-17 11:02:31.475667,National Hydro Power Company Limited
2026041704000218,NHPC,35,68,287,322.3,92500.1,2026-04-17,186756637,152,Kohinoor Investment & Securities Pvt. Ltd.,Elite Stock House Limited,2026-04-17 11:02:36.049000,National Hydro Power Company Limited
2026041704000220,NHPC,35,64,300,322.3,96690.0,2026-04-17,186756643,152,Kohinoor Investment & Securities Pvt. Ltd.,SUN SECURITIES PVT LTD,2026-04-17 11:02:36.215051,National Hydro Power Company Limited
2026041704000221,NHPC,35,77,114,322.3,36742.2,2026-04-17,186756646,152,Kohinoor Investment & Securities Pvt. Ltd.,Nabil Stock Dealer Ltd.,2026-04-17 11:02:36.271505,National Hydro Power Company Limited
2026041704000222,NHPC,32,77,100,322.2,32220.0,2026-04-17,186756648,152,Premier Securities Company Ltd.,Nabil Stock Dealer Ltd.,2026-04-17 11:02:36.271630,National Hydro Power Company Limited
2026041704000223,NHPC,100,77,5000,322.2,1611000.0,2026-04-17,186756650,152,Sunrise Securities Limited,Nabil Stock Dealer Ltd.,2026-04-17 11:02:36.271686,National Hydro Power Company Limited
2026041704000224,NHPC,60,77,4000,322.1,1288400.0,2026-04-17,186756652,152,Nagarik Stock Dealer ,Nabil Stock Dealer Ltd.,2026-04-17 11:02:36.271742,National Hydro Power Company Limited
2026041704000225,NHPC,14,77,30,322.0,9660.0,2026-04-17,186756654,152,Nepal Stock House (PVT) Ltd.,Nabil Stock Dealer Ltd.,2026-04-17 11:02:36.271796,National Hydro Power Company Limited
2026041704000226,NHPC,60,77,500,321.0,160500.0,2026-04-17,186756656,152,Nagarik Stock Dealer ,Nabil Stock Dealer Ltd.,2026-04-17 11:02:36.271850,National Hydro Power Company Limited
2026041704000227,NHPC,62,77,200,321.0,64200.0,2026-04-17,186756658,152,Capital Max Securities Ltd,Nabil Stock Dealer Ltd.,2026-04-17 11:02:36.271903,National Hydro Power Company Limited
2026041704000228,NHPC,100,77,2000,320.3,640600.0,2026-04-17,186756660,152,Sunrise Securities Limited,Nabil Stock Dealer Ltd.,2026-04-17 11:02:36.271955,National Hydro Power Company Limited
2026041704000229,NHPC,49,77,4000,320.2,1280800.0,2026-04-17,186756662,152,Online Securities Pvt. Ltd.,Nabil Stock Dealer Ltd.,2026-04-17 11:02:36.272007,National Hydro Power Company Limited
2026041704000230,NHPC,71,77,1000,320.0,320000.0,2026-04-17,186756664,152,SHUBHAKAMANA SECURITIES PVT. LTD,Nabil Stock Dealer Ltd.,2026-04-17 11:02:36.272068,National Hydro Power Company Limited
2026041704000231,NHPC,60,77,1100,320.0,352000.0,2026-04-17,186756666,152,Nagarik Stock Dealer ,Nabil Stock Dealer Ltd.,2026-04-17 11:02:36.272120,National Hydro Power Company Limited
2026041704000232,NHPC,58,77,10,320.0,3200.0,2026-04-17,186756668,152,Naasa Securities Co. Ltd.,Nabil Stock Dealer Ltd.,2026-04-17 11:02:36.272170,National Hydro Power Company Limited
2026041704000233,NHPC,26,77,500,320.0,160000.0,2026-04-17,186756670,152,Asian Securities Private Ltd.,Nabil Stock Dealer Ltd.,2026-04-17 11:02:36.272220,National Hydro Power Company Limited
2026041704000234,NHPC,60,77,1446,320.0,462720.0,2026-04-17,186756671,152,Nagarik Stock Dealer ,Nabil Stock Dealer Ltd.,2026-04-17 11:02:36.272280,National Hydro Power Company Limited
2026041704000237,NHPC,60,58,554,320.0,177280.0,2026-04-17,186756718,152,Nagarik Stock Dealer ,Naasa Securities Co. Ltd.,2026-04-17 11:02:39.888919,National Hydro Power Company Limited
2026041704000238,NHPC,64,58,100,320.0,32000.0,2026-04-17,186756720,152,SUN SECURITIES PVT LTD,Naasa Securities Co. Ltd.,2026-04-17 11:02:39.889158,National Hydro Power Company Limited
2026041704000239,NHPC,58,58,100,320.0,32000.0,2026-04-17,186756722,152,Naasa Securities Co. Ltd.,Naasa Securities Co. Ltd.,2026-04-17 11:02:39.889351,National Hydro Power Company Limited
2026041704000240,NHPC,39,58,246,320.0,78720.0,2026-04-17,186756723,152,Sumeru Securities Pvt. Ltd.,Naasa Securities Co. Ltd.,2026-04-17 11:02:39.889506,National Hydro Power Company Limited
2026041704000241,NHPC,51,50,150,323.0,48450.0,2026-04-17,186756731,152,Oxford Securities Pvt. Ltd.,Cristal Kanchanjanga Securites Pvt. Ltd.,2026-04-17 11:02:40.714146,National Hydro Power Company Limited
2026041704000242,NHPC,51,58,500,323.0,161500.0,2026-04-17,186756733,152,Oxford Securities Pvt. Ltd.,Naasa Securities Co. Ltd.,2026-04-17 11:02:40.714278,National Hydro Power Company Limited
2026041704000243,NHPC,51,42,350,323.0,113050.0,2026-04-17,186756736,152,Oxford Securities Pvt. Ltd.,Sani Securities Company Ltd.,2026-04-17 11:02:40.714366,National Hydro Power Company Limited
2026041704000245,NHPC,60,42,500,322.3,161150.0,2026-04-17,186756745,152,Nagarik Stock Dealer ,Sani Securities Company Ltd.,2026-04-17 11:02:42.623259,National Hydro Power Company Limited
2026041704000246,NHPC,60,77,500,322.3,161150.0,2026-04-17,186756748,152,Nagarik Stock Dealer ,Nabil Stock Dealer Ltd.,2026-04-17 11:02:42.850129,National Hydro Power Company Limited
2026041704000247,NHPC,39,77,754,320.0,241280.0,2026-04-17,186756750,152,Sumeru Securities Pvt. Ltd.,Nabil Stock Dealer Ltd.,2026-04-17 11:02:42.850263,National Hydro Power Company Limited
2026041704000248,NHPC,45,77,500,320.0,160000.0,2026-04-17,186756752,152,Imperial Securities Company Pvt. Ltd.,Nabil Stock Dealer Ltd.,2026-04-17 11:02:42.850325,National Hydro Power Company Limited
2026041704000249,NHPC,48,77,155,320.0,49600.0,2026-04-17,186756754,152,Trishakti Securities Public Limited,Nabil Stock Dealer Ltd.,2026-04-17 11:02:42.850380,National Hydro Power Company Limited
2026041704000250,NHPC,38,77,1000,320.0,320000.0,2026-04-17,186756756,152,Dipshikha Dhitopatra Karobar Co. Pvt Ltd.,Nabil Stock Dealer Ltd.,2026-04-17 11:02:42.850450,National Hydro Power Company Limited
2026041704000251,NHPC,71,77,1000,320.0,320000.0,2026-04-17,186756758,152,SHUBHAKAMANA SECURITIES PVT. LTD,Nabil Stock Dealer Ltd.,2026-04-17 11:02:42.883993,National Hydro Power Company Limited
2026041704000256,NHPC,58,77,150,320.0,48000.0,2026-04-17,186756802,152,Naasa Securities Co. Ltd.,Nabil Stock Dealer Ltd.,2026-04-17 11:02:46.305474,National Hydro Power Company Limited
2026041704000260,NHPC,77,77,100,320.0,32000.0,2026-04-17,186756998,152,Nabil Stock Dealer Ltd.,Nabil Stock Dealer Ltd.,2026-04-17 11:02:56.853749,National Hydro Power Company Limited
2026041704000262,NHPC,35,47,3000,319.0,957000.0,2026-04-17,186757063,152,Kohinoor Investment & Securities Pvt. Ltd.,Neev Securities Pvt. Ltd.,2026-04-17 11:03:01.798365,National Hydro Power Company Limited
2026041704000265,NHPC,35,64,1000,319.0,319000.0,2026-04-17,186757142,152,Kohinoor Investment & Securities Pvt. Ltd.,SUN SECURITIES PVT LTD,2026-04-17 11:03:07.581148,National Hydro Power Company Limited
2026041704000266,NHPC,58,64,35,319.0,11165.0,2026-04-17,186757144,152,Naasa Securities Co. Ltd.,SUN SECURITIES PVT LTD,2026-04-17 11:03:07.581199,National Hydro Power Company Limited
2026041704000267,NHPC,70,64,2000,319.0,638000.0,2026-04-17,186757146,152,Infinity Securities Limited,SUN SECURITIES PVT LTD,2026-04-17 11:03:07.581226,National Hydro Power Company Limited
2026041704000268,NHPC,51,64,2000,318.2,636400.0,2026-04-17,186757148,152,Oxford Securities Pvt. Ltd.,SUN SECURITIES PVT LTD,2026-04-17 11:03:07.581252,National Hydro Power Company Limited
2026041704000269,NHPC,53,64,1000,318.0,318000.0,2026-04-17,186757150,152,Investment Management Nepal Pvt. Ltd.,SUN SECURITIES PVT LTD,2026-04-17 11:03:07.581276,National Hydro Power Company Limited
2026041704000270,NHPC,62,64,5000,318.0,1590000.0,2026-04-17,186757152,152,Capital Max Securities Ltd,SUN SECURITIES PVT LTD,2026-04-17 11:03:07.581302,National Hydro Power Company Limited
2026041704000271,NHPC,50,64,3500,318.0,1113000.0,2026-04-17,186757154,152,Cristal Kanchanjanga Securites Pvt. Ltd.,SUN SECURITIES PVT LTD,2026-04-17 11:03:07.581344,National Hydro Power Company Limited
2026041704000272,NHPC,51,64,465,317.5,147637.5,2026-04-17,186757155,152,Oxford Securities Pvt. Ltd.,SUN SECURITIES PVT LTD,2026-04-17 11:03:07.581368,National Hydro Power Company Limited
2026041704000287,NHPC,14,62,100,319.0,31900.0,2026-04-17,186757330,152,Nepal Stock House (PVT) Ltd.,Capital Max Securities Ltd,2026-04-17 11:03:22.911454,National Hydro Power Company Limited
2026041704000288,NHPC,60,62,50,319.0,15950.0,2026-04-17,186757331,152,Nagarik Stock Dealer ,Capital Max Securities Ltd,2026-04-17 11:03:22.911575,National Hydro Power Company Limited
2026041704000289,NHPC,41,42,450,319.9,143955.0,2026-04-17,186757335,152,Linch Stock Market Ltd.,Sani Securities Company Ltd.,2026-04-17 11:03:24.286222,National Hydro Power Company Limited
2026041704000290,NHPC,41,77,3550,320.0,1136000.0,2026-04-17,186757338,152,Linch Stock Market Ltd.,Nabil Stock Dealer Ltd.,2026-04-17 11:03:24.286434,National Hydro Power Company Limited
2026041704000297,NHPC,96,77,2291,320.0,733120.0,2026-04-17,186757445,152,Himalayan Securities Limited,Nabil Stock Dealer Ltd.,2026-04-17 11:03:33.016084,National Hydro Power Company Limited
2026041704000298,NHPC,96,58,50,320.0,16000.0,2026-04-17,186757447,152,Himalayan Securities Limited,Naasa Securities Co. Ltd.,2026-04-17 11:03:33.016354,National Hydro Power Company Limited
2026041704000299,NHPC,96,25,300,320.0,96000.0,2026-04-17,186757449,152,Himalayan Securities Limited,Sweta Securities Private Limited,2026-04-17 11:03:33.016523,National Hydro Power Company Limited
2026041704000300,NHPC,96,56,20,320.0,6400.0,2026-04-17,186757451,152,Himalayan Securities Limited,Sri Hari Securities Pvt. Ltd.,2026-04-17 11:03:33.016688,National Hydro Power Company Limited
2026041704000310,NHPC,60,77,2000,320.0,640000.0,2026-04-17,186757564,152,Nagarik Stock Dealer ,Nabil Stock Dealer Ltd.,2026-04-17 11:03:43.917378,National Hydro Power Company Limited
2026041704000316,NHPC,64,77,240,320.0,76800.0,2026-04-17,186757590,152,SUN SECURITIES PVT LTD,Nabil Stock Dealer Ltd.,2026-04-17 11:03:45.510750,National Hydro Power Company Limited
2026041704000319,NHPC,35,77,400,320.0,128000.0,2026-04-17,186757662,152,Kohinoor Investment & Securities Pvt. Ltd.,Nabil Stock Dealer Ltd.,2026-04-17 11:03:49.794900,National Hydro Power Company Limited
2026041704000320,NHPC,57,77,310,320.0,99200.0,2026-04-17,186757666,152,Aryatara Investment & Securities,Nabil Stock Dealer Ltd.,2026-04-17 11:03:50.243285,National Hydro Power Company Limited
2026041704000325,NHPC,42,77,12,320.0,3840.0,2026-04-17,186757744,152,Sani Securities Company Ltd.,Nabil Stock Dealer Ltd.,2026-04-17 11:03:58.882079,National Hydro Power Company Limited
2026041704000326,NHPC,84,77,2038,320.0,652160.0,2026-04-17,186757779,152,MILKY WAY SHARE BROKER COMPANY LTD ,Nabil Stock Dealer Ltd.,2026-04-17 11:04:00.664683,National Hydro Power Company Limited
2026041704000328,NHPC,84,77,662,320.0,211840.0,2026-04-17,186757816,152,MILKY WAY SHARE BROKER COMPANY LTD ,Nabil Stock Dealer Ltd.,2026-04-17 11:04:04.718146,National Hydro Power Company Limited
2026041704000329,NHPC,58,77,100,320.0,32000.0,2026-04-17,186757818,152,Naasa Securities Co. Ltd.,Nabil Stock Dealer Ltd.,2026-04-17 11:04:04.718290,National Hydro Power Company Limited
2026041704000330,NHPC,96,77,4238,320.0,1356160.0,2026-04-17,186757819,152,Himalayan Securities Limited,Nabil Stock Dealer Ltd.,2026-04-17 11:04:04.718366,National Hydro Power Company Limited
2026041704000333,NHPC,96,29,210,320.0,67200.0,2026-04-17,186757863,152,Himalayan Securities Limited,Trisul Securities & Invt. Ltd.,2026-04-17 11:04:12.444916,National Hydro Power Company Limited
2026041704000336,NHPC,58,77,100,320.1,32010.0,2026-04-17,186757908,152,Naasa Securities Co. Ltd.,Nabil Stock Dealer Ltd.,2026-04-17 11:04:15.963096,National Hydro Power Company Limited
2026041704000337,NHPC,96,77,4891,320.0,1565120.0,2026-04-17,186757910,152,Himalayan Securities Limited,Nabil Stock Dealer Ltd.,2026-04-17 11:04:15.963298,National Hydro Power Company Limited
2026041704000338,NHPC,42,77,200,320.0,64000.0,2026-04-17,186757912,152,Sani Securities Company Ltd.,Nabil Stock Dealer Ltd.,2026-04-17 11:04:15.963402,National Hydro Power Company Limited
2026041704000339,NHPC,60,77,4809,320.0,1538880.0,2026-04-17,186757913,152,Nagarik Stock Dealer ,Nabil Stock Dealer Ltd.,2026-04-17 11:04:16.008091,National Hydro Power Company Limited
2026041704000340,NHPC,60,57,100,322.0,32200.0,2026-04-17,186757915,152,Nagarik Stock Dealer ,Aryatara Investment & Securities,2026-04-17 11:04:16.008227,National Hydro Power Company Limited
2026041704000341,NHPC,60,42,91,323.0,29393.0,2026-04-17,186757918,152,Nagarik Stock Dealer ,Sani Securities Company Ltd.,2026-04-17 11:04:16.008291,National Hydro Power Company Limited
2026041704000343,NHPC,58,64,100,319.1,31910.0,2026-04-17,186757944,152,Naasa Securities Co. Ltd.,SUN SECURITIES PVT LTD,2026-04-17 11:04:17.664783,National Hydro Power Company Limited
2026041704000344,NHPC,58,64,25,319.1,7977.5,2026-04-17,186757946,152,Naasa Securities Co. Ltd.,SUN SECURITIES PVT LTD,2026-04-17 11:04:17.664897,National Hydro Power Company Limited
2026041704000345,NHPC,60,64,950,319.0,303050.0,2026-04-17,186757948,152,Nagarik Stock Dealer ,SUN SECURITIES PVT LTD,2026-04-17 11:04:17.664968,National Hydro Power Company Limited
2026041704000346,NHPC,46,64,1000,319.0,319000.0,2026-04-17,186757950,152,Kalika Securities Pvt. Ltd.,SUN SECURITIES PVT LTD,2026-04-17 11:04:17.665022,National Hydro Power Company Limited
2026041704000347,NHPC,18,64,1000,318.1,318100.0,2026-04-17,186757952,152,Sagarmatha Securities Private Limited,SUN SECURITIES PVT LTD,2026-04-17 11:04:17.665111,National Hydro Power Company Limited
2026041704000348,NHPC,62,64,1925,318.0,612150.0,2026-04-17,186757953,152,Capital Max Securities Ltd,SUN SECURITIES PVT LTD,2026-04-17 11:04:17.665189,National Hydro Power Company Limited
2026041704000367,NHPC,42,29,150,320.0,48000.0,2026-04-17,186758223,152,Sani Securities Company Ltd.,Trisul Securities & Invt. Ltd.,2026-04-17 11:04:37.591049,National Hydro Power Company Limited
2026041704000374,NHPC,56,64,200,320.1,64020.0,2026-04-17,186758364,152,Sri Hari Securities Pvt. Ltd.,SUN SECURITIES PVT LTD,2026-04-17 11:04:51.800100,National Hydro Power Company Limited
2026041704000375,NHPC,100,64,500,320.0,160000.0,2026-04-17,186758366,152,Sunrise Securities Limited,SUN SECURITIES PVT LTD,2026-04-17 11:04:51.800149,National Hydro Power Company Limited
2026041704000376,NHPC,60,64,800,320.0,256000.0,2026-04-17,186758367,152,Nagarik Stock Dealer ,SUN SECURITIES PVT LTD,2026-04-17 11:04:51.800170,National Hydro Power Company Limited
2026041704000380,NHPC,60,77,200,320.0,64000.0,2026-04-17,186758414,152,Nagarik Stock Dealer ,Nabil Stock Dealer Ltd.,2026-04-17 11:04:57.526665,National Hydro Power Company Limited
2026041704000381,NHPC,86,77,1000,320.0,320000.0,2026-04-17,186758416,152,Stoxkarts Securities Limited,Nabil Stock Dealer Ltd.,2026-04-17 11:04:57.526861,National Hydro Power Company Limited
2026041704000382,NHPC,44,77,1700,320.0,544000.0,2026-04-17,186758460,152,Dynamic Money Managers Securities Pvt. Ltd.,Nabil Stock Dealer Ltd.,2026-04-17 11:05:02.443032,National Hydro Power Company Limited
2026041704000386,NHPC,60,77,2100,320.0,672000.0,2026-04-17,186758509,152,Nagarik Stock Dealer ,Nabil Stock Dealer Ltd.,2026-04-17 11:05:08.907953,National Hydro Power Company Limited
2026041704000387,NHPC,60,52,500,320.0,160000.0,2026-04-17,186758511,152,Nagarik Stock Dealer ,Sundhara Securities Limited,2026-04-17 11:05:08.908347,National Hydro Power Company Limited
2026041704000400,NHPC,60,77,1200,320.0,384000.0,2026-04-17,186758600,152,Nagarik Stock Dealer ,Nabil Stock Dealer Ltd.,2026-04-17 11:05:17.885978,National Hydro Power Company Limited
2026041704000406,NHPC,26,77,3800,320.0,1216000.0,2026-04-17,186758635,152,Asian Securities Private Ltd.,Nabil Stock Dealer Ltd.,2026-04-17 11:05:21.710046,National Hydro Power Company Limited
2026041704000407,NHPC,26,45,200,320.0,64000.0,2026-04-17,186758640,152,Asian Securities Private Ltd.,Imperial Securities Company Pvt. Ltd.,2026-04-17 11:05:22.787087,National Hydro Power Company Limited
2026041704000422,NHPC,56,45,200,320.0,64000.0,2026-04-17,186758775,152,Sri Hari Securities Pvt. Ltd.,Imperial Securities Company Pvt. Ltd.,2026-04-17 11:05:35.415797,National Hydro Power Company Limited
2026041704000423,NHPC,56,63,300,320.0,96000.0,2026-04-17,186758777,152,Sri Hari Securities Pvt. Ltd.,Himalayan Brokerage Company Limited,2026-04-17 11:05:35.415973,National Hydro Power Company Limited
2026041704000430,NHPC,56,77,1060,320.0,339200.0,2026-04-17,186758844,152,Sri Hari Securities Pvt. Ltd.,Nabil Stock Dealer Ltd.,2026-04-17 11:05:42.842850,National Hydro Power Company Limited
2026041704000431,NHPC,48,77,455,320.0,145600.0,2026-04-17,186758846,152,Trishakti Securities Public Limited,Nabil Stock Dealer Ltd.,2026-04-17 11:05:42.843222,National Hydro Power Company Limited
2026041704000436,NHPC,51,77,3485,320.0,1115200.0,2026-04-17,186758875,152,Oxford Securities Pvt. Ltd.,Nabil Stock Dealer Ltd.,2026-04-17 11:05:45.456809,National Hydro Power Company Limited
2026041704000441,NHPC,4,49,150,322.0,48300.0,2026-04-17,186758954,152,Opal Securities Investment (PVT) Ltd.,Online Securities Pvt. Ltd.,2026-04-17 11:05:49.209493,National Hydro Power Company Limited
2026041704000449,NHPC,51,64,1515,320.0,484800.0,2026-04-17,186759000,152,Oxford Securities Pvt. Ltd.,SUN SECURITIES PVT LTD,2026-04-17 11:05:54.989572,National Hydro Power Company Limited
2026041704000450,NHPC,56,64,1485,320.0,475200.0,2026-04-17,186759001,152,Sri Hari Securities Pvt. Ltd.,SUN SECURITIES PVT LTD,2026-04-17 11:05:54.989674,National Hydro Power Company Limited
2026041704000481,NHPC,26,77,6000,320.1,1920600.0,2026-04-17,186759206,152,Asian Securities Private Ltd.,Nabil Stock Dealer Ltd.,2026-04-17 11:06:08.723356,National Hydro Power Company Limited
2026041704000482,NHPC,22,77,350,320.1,112035.0,2026-04-17,186759208,152,Siprabi Securities Pvt. Ltd.,Nabil Stock Dealer Ltd.,2026-04-17 11:06:08.723771,National Hydro Power Company Limited
2026041704000483,NHPC,56,77,75,320.0,24000.0,2026-04-17,186759210,152,Sri Hari Securities Pvt. Ltd.,Nabil Stock Dealer Ltd.,2026-04-17 11:06:08.724029,National Hydro Power Company Limited
2026041704000484,NHPC,36,77,400,320.0,128000.0,2026-04-17,186759212,152,Secured Securities Ltd.,Nabil Stock Dealer Ltd.,2026-04-17 11:06:08.724262,National Hydro Power Company Limited
2026041704000485,NHPC,77,77,400,320.0,128000.0,2026-04-17,186759214,152,Nabil Stock Dealer Ltd.,Nabil Stock Dealer Ltd.,2026-04-17 11:06:08.724532,National Hydro Power Company Limited
2026041704000486,NHPC,32,77,50,320.0,16000.0,2026-04-17,186759216,152,Premier Securities Company Ltd.,Nabil Stock Dealer Ltd.,2026-04-17 11:06:08.724778,National Hydro Power Company Limited
2026041704000487,NHPC,56,77,1560,320.0,499200.0,2026-04-17,186759218,152,Sri Hari Securities Pvt. Ltd.,Nabil Stock Dealer Ltd.,2026-04-17 11:06:08.725042,National Hydro Power Company Limited
2026041704000488,NHPC,8,77,500,320.0,160000.0,2026-04-17,186759220,152,Brilliant Securities Pvt. Ltd.,Nabil Stock Dealer Ltd.,2026-04-17 11:06:08.725284,National Hydro Power Company Limited
2026041704000489,NHPC,77,64,200,319.5,63900.0,2026-04-17,186759222,152,Nabil Stock Dealer Ltd.,SUN SECURITIES PVT LTD,2026-04-17 11:06:08.976144,National Hydro Power Company Limited
2026041704000490,NHPC,22,64,150,319.1,47865.0,2026-04-17,186759224,152,Siprabi Securities Pvt. Ltd.,SUN SECURITIES PVT LTD,2026-04-17 11:06:08.976232,National Hydro Power Company Limited
2026041704000491,NHPC,17,64,1000,319.0,319000.0,2026-04-17,186759226,152,ABC Securities Private Limited,SUN SECURITIES PVT LTD,2026-04-17 11:06:08.976338,National Hydro Power Company Limited
2026041704000492,NHPC,77,64,400,319.0,127600.0,2026-04-17,186759228,152,Nabil Stock Dealer Ltd.,SUN SECURITIES PVT LTD,2026-04-17 11:06:08.976408,National Hydro Power Company Limited
2026041704000493,NHPC,58,64,650,319.0,207350.0,2026-04-17,186759229,152,Naasa Securities Co. Ltd.,SUN SECURITIES PVT LTD,2026-04-17 11:06:08.976477,National Hydro Power Company Limited
2026041704000496,NHPC,41,77,300,320.0,96000.0,2026-04-17,186759238,152,Linch Stock Market Ltd.,Nabil Stock Dealer Ltd.,2026-04-17 11:06:09.573676,National Hydro Power Company Limited
2026041704000498,NHPC,34,77,1000,320.0,320000.0,2026-04-17,186759274,152,Vision Securities Pvt. Ltd,Nabil Stock Dealer Ltd.,2026-04-17 11:06:13.153886,National Hydro Power Company Limited
2026041704000500,NHPC,60,77,4365,320.0,1396800.0,2026-04-17,186759299,152,Nagarik Stock Dealer ,Nabil Stock Dealer Ltd.,2026-04-17 11:06:15.943283,National Hydro Power Company Limited
2026041704000503,NHPC,60,64,635,320.0,203200.0,2026-04-17,186759344,152,Nagarik Stock Dealer ,SUN SECURITIES PVT LTD,2026-04-17 11:06:20.080329,National Hydro Power Company Limited
2026041704000504,NHPC,35,64,500,320.0,160000.0,2026-04-17,186759346,152,Kohinoor Investment & Securities Pvt. Ltd.,SUN SECURITIES PVT LTD,2026-04-17 11:06:20.080372,National Hydro Power Company Limited
2026041704000505,NHPC,84,64,3000,320.0,960000.0,2026-04-17,186759348,152,MILKY WAY SHARE BROKER COMPANY LTD ,SUN SECURITIES PVT LTD,2026-04-17 11:06:20.080396,National Hydro Power Company Limited
2026041704000506,NHPC,56,64,865,320.0,276800.0,2026-04-17,186759349,152,Sri Hari Securities Pvt. Ltd.,SUN SECURITIES PVT LTD,2026-04-17 11:06:20.080428,National Hydro Power Company Limited
2026041704000509,NHPC,14,77,50,320.2,16010.0,2026-04-17,186759416,152,Nepal Stock House (PVT) Ltd.,Nabil Stock Dealer Ltd.,2026-04-17 11:06:26.105983,National Hydro Power Company Limited
2026041704000510,NHPC,56,77,695,320.0,222400.0,2026-04-17,186759418,152,Sri Hari Securities Pvt. Ltd.,Nabil Stock Dealer Ltd.,2026-04-17 11:06:26.106203,National Hydro Power Company Limited
2026041704000511,NHPC,45,77,500,320.0,160000.0,2026-04-17,186759420,152,Imperial Securities Company Pvt. Ltd.,Nabil Stock Dealer Ltd.,2026-04-17 11:06:26.106288,National Hydro Power Company Limited
2026041704000512,NHPC,85,77,5000,320.0,1600000.0,2026-04-17,186759422,152,Capital Hub P. Ltd,Nabil Stock Dealer Ltd.,2026-04-17 11:06:26.106383,National Hydro Power Company Limited
2026041704000513,NHPC,54,77,100,320.0,32000.0,2026-04-17,186759424,152,Sewa Securities Pvt. Ltd.,Nabil Stock Dealer Ltd.,2026-04-17 11:06:26.106478,National Hydro Power Company Limited
2026041704000529,NHPC,71,77,1000,320.0,320000.0,2026-04-17,186759492,152,SHUBHAKAMANA SECURITIES PVT. LTD,Nabil Stock Dealer Ltd.,2026-04-17 11:06:31.658868,National Hydro Power Company Limited
2026041704000530,NHPC,44,77,50,320.0,16000.0,2026-04-17,186759506,152,Dynamic Money Managers Securities Pvt. Ltd.,Nabil Stock Dealer Ltd.,2026-04-17 11:06:32.400662,National Hydro Power Company Limited
2026041704000531,NHPC,56,77,1560,320.0,499200.0,2026-04-17,186759508,152,Sri Hari Securities Pvt. Ltd.,Nabil Stock Dealer Ltd.,2026-04-17 11:06:32.583142,National Hydro Power Company Limited
2026041704000532,NHPC,75,77,2000,320.0,640000.0,2026-04-17,186759514,152,N.I.M.B. Stock Markets Limited,Nabil Stock Dealer Ltd.,2026-04-17 11:06:32.948829,National Hydro Power Company Limited
2026041704000539,NHPC,51,77,288,320.0,92160.0,2026-04-17,186759591,152,Oxford Securities Pvt. Ltd.,Nabil Stock Dealer Ltd.,2026-04-17 11:06:39.511000,National Hydro Power Company Limited
2026041704000542,NHPC,56,64,1560,320.1,499356.0,2026-04-17,186759660,152,Sri Hari Securities Pvt. Ltd.,SUN SECURITIES PVT LTD,2026-04-17 11:06:46.126001,National Hydro Power Company Limited
2026041704000543,NHPC,51,64,512,320.0,163840.0,2026-04-17,186759662,152,Oxford Securities Pvt. Ltd.,SUN SECURITIES PVT LTD,2026-04-17 11:06:46.126078,National Hydro Power Company Limited
2026041704000544,NHPC,50,64,1000,320.0,320000.0,2026-04-17,186759664,152,Cristal Kanchanjanga Securites Pvt. Ltd.,SUN SECURITIES PVT LTD,2026-04-17 11:06:46.126107,National Hydro Power Company Limited
2026041704000545,NHPC,84,64,1928,320.0,616960.0,2026-04-17,186759665,152,MILKY WAY SHARE BROKER COMPANY LTD ,SUN SECURITIES PVT LTD,2026-04-17 11:06:46.126130,National Hydro Power Company Limited
2026041704000560,NHPC,39,49,150,322.0,48300.0,2026-04-17,186759833,152,Sumeru Securities Pvt. Ltd.,Online Securities Pvt. Ltd.,2026-04-17 11:07:01.979028,National Hydro Power Company Limited
2026041704000561,NHPC,39,25,200,322.0,64400.0,2026-04-17,186759835,152,Sumeru Securities Pvt. Ltd.,Sweta Securities Private Limited,2026-04-17 11:07:01.979258,National Hydro Power Company Limited
2026041704000562,NHPC,39,8,150,322.0,48300.0,2026-04-17,186759838,152,Sumeru Securities Pvt. Ltd.,Brilliant Securities Pvt. Ltd.,2026-04-17 11:07:01.979365,National Hydro Power Company Limited
2026041704000570,NHPC,21,14,1000,320.3,320300.0,2026-04-17,186759934,152,Midas Stock Broking Company Private Limited,Nepal Stock House (PVT) Ltd.,2026-04-17 11:07:14.036292,National Hydro Power Company Limited
2026041704000571,NHPC,8,14,1000,320.2,320200.0,2026-04-17,186759936,152,Brilliant Securities Pvt. Ltd.,Nepal Stock House (PVT) Ltd.,2026-04-17 11:07:14.036347,National Hydro Power Company Limited
2026041704000572,NHPC,59,14,100,320.1,32010.0,2026-04-17,186759938,152,Deevyaa Securities & Stock House Pvt. Ltd,Nepal Stock House (PVT) Ltd.,2026-04-17 11:07:14.036374,National Hydro Power Company Limited
2026041704000573,NHPC,56,14,1560,320.1,499356.0,2026-04-17,186759940,152,Sri Hari Securities Pvt. Ltd.,Nepal Stock House (PVT) Ltd.,2026-04-17 11:07:14.036401,National Hydro Power Company Limited
2026041704000574,NHPC,45,14,500,320.1,160050.0,2026-04-17,186759942,152,Imperial Securities Company Pvt. Ltd.,Nepal Stock House (PVT) Ltd.,2026-04-17 11:07:14.036432,National Hydro Power Company Limited
2026041704000575,NHPC,84,14,340,320.0,108800.0,2026-04-17,186759943,152,MILKY WAY SHARE BROKER COMPANY LTD ,Nepal Stock House (PVT) Ltd.,2026-04-17 11:07:14.036455,National Hydro Power Company Limited
2026041704000586,NHPC,60,63,100,320.2,32020.0,2026-04-17,186760073,152,Nagarik Stock Dealer ,Himalayan Brokerage Company Limited,2026-04-17 11:07:23.807414,National Hydro Power Company Limited
2026041704000594,NHPC,21,58,300,320.1,96030.0,2026-04-17,186760118,152,Midas Stock Broking Company Private Limited,Naasa Securities Co. Ltd.,2026-04-17 11:07:28.271233,National Hydro Power Company Limited
2026041704000595,NHPC,94,58,1000,320.1,320100.0,2026-04-17,186760120,152,K.B.L. Securities Limited ,Naasa Securities Co. Ltd.,2026-04-17 11:07:28.271666,National Hydro Power Company Limited
2026041704000596,NHPC,56,58,1560,320.1,499356.0,2026-04-17,186760122,152,Sri Hari Securities Pvt. Ltd.,Naasa Securities Co. Ltd.,2026-04-17 11:07:28.271953,National Hydro Power Company Limited
2026041704000597,NHPC,84,58,2732,320.0,874240.0,2026-04-17,186760124,152,MILKY WAY SHARE BROKER COMPANY LTD ,Naasa Securities Co. Ltd.,2026-04-17 11:07:28.272236,National Hydro Power Company Limited
2026041704000598,NHPC,60,58,2000,320.0,640000.0,2026-04-17,186760126,152,Nagarik Stock Dealer ,Naasa Securities Co. Ltd.,2026-04-17 11:07:28.272527,National Hydro Power Company Limited
2026041704000599,NHPC,58,58,200,320.0,64000.0,2026-04-17,186760128,152,Naasa Securities Co. Ltd.,Naasa Securities Co. Ltd.,2026-04-17 11:07:28.272809,National Hydro Power Company Limited
2026041704000600,NHPC,62,58,3605,320.0,1153600.0,2026-04-17,186760129,152,Capital Max Securities Ltd,Naasa Securities Co. Ltd.,2026-04-17 11:07:28.273087,National Hydro Power Company Limited
2026041704000605,NHPC,94,8,850,322.0,273700.0,2026-04-17,186760203,152,K.B.L. Securities Limited ,Brilliant Securities Pvt. Ltd.,2026-04-17 11:07:36.055559,National Hydro Power Company Limited
2026041704000606,NHPC,94,64,2150,322.0,692300.0,2026-04-17,186760222,152,K.B.L. Securities Limited ,SUN SECURITIES PVT LTD,2026-04-17 11:07:38.547905,National Hydro Power Company Limited
2026041704000607,NHPC,28,64,1000,320.1,320100.0,2026-04-17,186760224,152,Shree Krishna Securities Ltd.,SUN SECURITIES PVT LTD,2026-04-17 11:07:38.547968,National Hydro Power Company Limited
2026041704000608,NHPC,75,64,2850,320.1,912285.0,2026-04-17,186760225,152,N.I.M.B. Stock Markets Limited,SUN SECURITIES PVT LTD,2026-04-17 11:07:38.547992,National Hydro Power Company Limited
2026041704000622,NHPC,56,64,1560,320.2,499512.0,2026-04-17,186760406,152,Sri Hari Securities Pvt. Ltd.,SUN SECURITIES PVT LTD,2026-04-17 11:07:47.469652,National Hydro Power Company Limited
2026041704000623,NHPC,75,64,2150,320.1,688215.0,2026-04-17,186760408,152,N.I.M.B. Stock Markets Limited,SUN SECURITIES PVT LTD,2026-04-17 11:07:47.469697,National Hydro Power Company Limited
2026041704000624,NHPC,14,64,1000,320.1,320100.0,2026-04-17,186760410,152,Nepal Stock House (PVT) Ltd.,SUN SECURITIES PVT LTD,2026-04-17 11:07:47.469723,National Hydro Power Company Limited
2026041704000625,NHPC,62,64,395,320.0,126400.0,2026-04-17,186760412,152,Capital Max Securities Ltd,SUN SECURITIES PVT LTD,2026-04-17 11:07:47.469751,National Hydro Power Company Limited
2026041704000626,NHPC,58,64,10,320.0,3200.0,2026-04-17,186760414,152,Naasa Securities Co. Ltd.,SUN SECURITIES PVT LTD,2026-04-17 11:07:47.469783,National Hydro Power Company Limited
2026041704000627,NHPC,58,64,10,320.0,3200.0,2026-04-17,186760416,152,Naasa Securities Co. Ltd.,SUN SECURITIES PVT LTD,2026-04-17 11:07:47.469808,National Hydro Power Company Limited
2026041704000628,NHPC,42,64,3000,320.0,960000.0,2026-04-17,186760418,152,Sani Securities Company Ltd.,SUN SECURITIES PVT LTD,2026-04-17 11:07:47.469831,National Hydro Power Company Limited
2026041704000629,NHPC,49,64,100,320.0,32000.0,2026-04-17,186760420,152,Online Securities Pvt. Ltd.,SUN SECURITIES PVT LTD,2026-04-17 11:07:47.469861,National Hydro Power Company Limited
2026041704000630,NHPC,66,64,400,320.0,128000.0,2026-04-17,186760422,152,Miyo Securities Pvt Ltd,SUN SECURITIES PVT LTD,2026-04-17 11:07:47.469888,National Hydro Power Company Limited
2026041704000631,NHPC,85,64,1193,320.0,381760.0,2026-04-17,186760424,152,Capital Hub P. Ltd,SUN SECURITIES PVT LTD,2026-04-17 11:07:47.469911,National Hydro Power Company Limited
2026041704000632,NHPC,58,64,20,320.0,6400.0,2026-04-17,186760426,152,Naasa Securities Co. Ltd.,SUN SECURITIES PVT LTD,2026-04-17 11:07:47.469933,National Hydro Power Company Limited
2026041704000633,NHPC,32,64,162,320.0,51840.0,2026-04-17,186760427,152,Premier Securities Company Ltd.,SUN SECURITIES PVT LTD,2026-04-17 11:07:47.469956,National Hydro Power Company Limited
2026041704000660,NHPC,69,58,100,320.2,32020.0,2026-04-17,186760683,152,INDEX SECURITIES LIMITED,Naasa Securities Co. Ltd.,2026-04-17 11:08:09.557473,National Hydro Power Company Limited
2026041704000666,NHPC,77,58,5,319.0,1595.0,2026-04-17,186760787,152,Nabil Stock Dealer Ltd.,Naasa Securities Co. Ltd.,2026-04-17 11:08:17.173813,National Hydro Power Company Limited
2026041704000677,NHPC,69,63,100,322.0,32200.0,2026-04-17,186760877,152,INDEX SECURITIES LIMITED,Himalayan Brokerage Company Limited,2026-04-17 11:08:21.478245,National Hydro Power Company Limited
2026041704000678,NHPC,69,26,300,322.0,96600.0,2026-04-17,186760880,152,INDEX SECURITIES LIMITED,Asian Securities Private Ltd.,2026-04-17 11:08:21.478562,National Hydro Power Company Limited
2026041704000685,NHPC,58,14,64,321.0,20544.0,2026-04-17,186760974,152,Naasa Securities Co. Ltd.,Nepal Stock House (PVT) Ltd.,2026-04-17 11:08:31.769843,National Hydro Power Company Limited
2026041704000686,NHPC,26,14,436,321.0,139956.0,2026-04-17,186760975,152,Asian Securities Private Ltd.,Nepal Stock House (PVT) Ltd.,2026-04-17 11:08:31.770099,National Hydro Power Company Limited
2026041704000688,NHPC,7,26,200,322.0,64400.0,2026-04-17,186760998,152,J.F. Securites (PVT) Ltd.,Asian Securities Private Ltd.,2026-04-17 11:08:33.555402,National Hydro Power Company Limited
2026041704000698,NHPC,77,26,500,322.0,161000.0,2026-04-17,186761101,152,Nabil Stock Dealer Ltd.,Asian Securities Private Ltd.,2026-04-17 11:08:41.563436,National Hydro Power Company Limited
2026041704000699,NHPC,77,62,150,322.5,48375.0,2026-04-17,186761103,152,Nabil Stock Dealer Ltd.,Capital Max Securities Ltd,2026-04-17 11:08:41.563708,National Hydro Power Company Limited
2026041704000700,NHPC,77,14,100,322.5,32250.0,2026-04-17,186761105,152,Nabil Stock Dealer Ltd.,Nepal Stock House (PVT) Ltd.,2026-04-17 11:08:41.563822,National Hydro Power Company Limited
2026041704000701,NHPC,77,29,120,322.9,38748.0,2026-04-17,186761107,152,Nabil Stock Dealer Ltd.,Trisul Securities & Invt. Ltd.,2026-04-17 11:08:41.563935,National Hydro Power Company Limited
2026041704000702,NHPC,77,36,1000,323.0,323000.0,2026-04-17,186761109,152,Nabil Stock Dealer Ltd.,Secured Securities Ltd.,2026-04-17 11:08:41.564040,National Hydro Power Company Limited
2026041704000703,NHPC,77,66,1000,323.0,323000.0,2026-04-17,186761111,152,Nabil Stock Dealer Ltd.,Miyo Securities Pvt Ltd,2026-04-17 11:08:41.564164,National Hydro Power Company Limited
2026041704000704,NHPC,77,49,50,323.0,16150.0,2026-04-17,186761113,152,Nabil Stock Dealer Ltd.,Online Securities Pvt. Ltd.,2026-04-17 11:08:41.564269,National Hydro Power Company Limited
2026041704000705,NHPC,77,25,400,323.0,129200.0,2026-04-17,186761115,152,Nabil Stock Dealer Ltd.,Sweta Securities Private Limited,2026-04-17 11:08:41.564375,National Hydro Power Company Limited
2026041704000706,NHPC,77,36,1000,323.0,323000.0,2026-04-17,186761117,152,Nabil Stock Dealer Ltd.,Secured Securities Ltd.,2026-04-17 11:08:41.564500,National Hydro Power Company Limited
2026041704000707,NHPC,77,66,300,323.0,96900.0,2026-04-17,186761119,152,Nabil Stock Dealer Ltd.,Miyo Securities Pvt Ltd,2026-04-17 11:08:41.564625,National Hydro Power Company Limited
2026041704000708,NHPC,77,58,10,323.0,3230.0,2026-04-17,186761121,152,Nabil Stock Dealer Ltd.,Naasa Securities Co. Ltd.,2026-04-17 11:08:41.564731,National Hydro Power Company Limited
2026041704000709,NHPC,77,58,370,323.0,119510.0,2026-04-17,186761124,152,Nabil Stock Dealer Ltd.,Naasa Securities Co. Ltd.,2026-04-17 11:08:41.564832,National Hydro Power Company Limited
2026041704000714,NHPC,32,58,630,323.0,203490.0,2026-04-17,186761141,152,Premier Securities Company Ltd.,Naasa Securities Co. Ltd.,2026-04-17 11:08:43.048649,National Hydro Power Company Limited
2026041704000715,NHPC,32,11,70,323.0,22610.0,2026-04-17,186761143,152,Premier Securities Company Ltd.,Malla & Malla Stock Broking Company Pvt. Limited,2026-04-17 11:08:43.048679,National Hydro Power Company Limited
2026041704000716,NHPC,32,58,300,323.0,96900.0,2026-04-17,186761146,152,Premier Securities Company Ltd.,Naasa Securities Co. Ltd.,2026-04-17 11:08:43.048697,National Hydro Power Company Limited
2026041704000725,NHPC,67,58,30,323.0,9690.0,2026-04-17,186761281,152,Property Wiard Limited,Naasa Securities Co. Ltd.,2026-04-17 11:08:55.208509,National Hydro Power Company Limited
2026041704000726,NHPC,67,58,470,323.1,151857.0,2026-04-17,186761284,152,Property Wiard Limited,Naasa Securities Co. Ltd.,2026-04-17 11:08:55.208952,National Hydro Power Company Limited
2026041704000738,NHPC,35,58,200,323.1,64620.0,2026-04-17,186761409,152,Kohinoor Investment & Securities Pvt. Ltd.,Naasa Securities Co. Ltd.,2026-04-17 11:09:08.083479,National Hydro Power Company Limited
2026041704000739,NHPC,35,58,14,323.5,4529.0,2026-04-17,186761411,152,Kohinoor Investment & Securities Pvt. Ltd.,Naasa Securities Co. Ltd.,2026-04-17 11:09:08.083736,National Hydro Power Company Limited
2026041704000740,NHPC,35,45,200,323.9,64780.0,2026-04-17,186761413,152,Kohinoor Investment & Securities Pvt. Ltd.,Imperial Securities Company Pvt. Ltd.,2026-04-17 11:09:08.083849,National Hydro Power Company Limited
2026041704000741,NHPC,35,25,300,324.0,97200.0,2026-04-17,186761415,152,Kohinoor Investment & Securities Pvt. Ltd.,Sweta Securities Private Limited,2026-04-17 11:09:08.083969,National Hydro Power Company Limited
2026041704000742,NHPC,35,49,4286,324.0,1388664.0,2026-04-17,186761418,152,Kohinoor Investment & Securities Pvt. Ltd.,Online Securities Pvt. Ltd.,2026-04-17 11:09:08.084083,National Hydro Power Company Limited
2026041704000765,NHPC,26,49,364,324.0,117936.0,2026-04-17,186761530,152,Asian Securities Private Ltd.,Online Securities Pvt. Ltd.,2026-04-17 11:09:15.019696,National Hydro Power Company Limited
2026041704000766,NHPC,7,49,150,324.0,48600.0,2026-04-17,186761536,152,J.F. Securites (PVT) Ltd.,Online Securities Pvt. Ltd.,2026-04-17 11:09:15.635373,National Hydro Power Company Limited
2026041704000770,NHPC,49,49,305,324.0,98820.0,2026-04-17,186761577,152,Online Securities Pvt. Ltd.,Online Securities Pvt. Ltd.,2026-04-17 11:09:18.800568,National Hydro Power Company Limited
2026041704000771,NHPC,49,44,358,324.0,115992.0,2026-04-17,186761579,152,Online Securities Pvt. Ltd.,Dynamic Money Managers Securities Pvt. Ltd.,2026-04-17 11:09:18.800833,National Hydro Power Company Limited
2026041704000783,NHPC,44,58,300,324.1,97230.0,2026-04-17,186761658,152,Dynamic Money Managers Securities Pvt. Ltd.,Naasa Securities Co. Ltd.,2026-04-17 11:09:28.288364,National Hydro Power Company Limited
2026041704000784,NHPC,25,58,22,324.1,7130.2,2026-04-17,186761662,152,Sweta Securities Private Limited,Naasa Securities Co. Ltd.,2026-04-17 11:09:28.320629,National Hydro Power Company Limited
2026041704000807,NHPC,49,99,837,324.0,271188.0,2026-04-17,186761822,152,Online Securities Pvt. Ltd.,Prabhu Stock Market Limited,2026-04-17 11:09:43.745682,National Hydro Power Company Limited
2026041704000808,NHPC,58,99,10,324.0,3240.0,2026-04-17,186761824,152,Naasa Securities Co. Ltd.,Prabhu Stock Market Limited,2026-04-17 11:09:43.745937,National Hydro Power Company Limited
2026041704000829,NHPC,80,99,4153,324.0,1345572.0,2026-04-17,186762025,152,Indira securities pvt. ltd,Prabhu Stock Market Limited,2026-04-17 11:10:01.196374,National Hydro Power Company Limited
2026041704000830,NHPC,80,35,100,324.0,32400.0,2026-04-17,186762027,152,Indira securities pvt. ltd,Kohinoor Investment & Securities Pvt. Ltd.,2026-04-17 11:10:01.196854,National Hydro Power Company Limited
2026041704000842,NHPC,80,58,18,324.0,5832.0,2026-04-17,186762095,152,Indira securities pvt. ltd,Naasa Securities Co. Ltd.,2026-04-17 11:10:06.475756,National Hydro Power Company Limited
2026041704000845,NHPC,80,47,100,324.0,32400.0,2026-04-17,186762183,152,Indira securities pvt. ltd,Neev Securities Pvt. Ltd.,2026-04-17 11:10:08.393763,National Hydro Power Company Limited
2026041704000847,NHPC,80,58,10,324.0,3240.0,2026-04-17,186762215,152,Indira securities pvt. ltd,Naasa Securities Co. Ltd.,2026-04-17 11:10:12.813502,National Hydro Power Company Limited
2026041704000849,NHPC,80,64,20,324.0,6480.0,2026-04-17,186762231,152,Indira securities pvt. ltd,SUN SECURITIES PVT LTD,2026-04-17 11:10:13.405389,National Hydro Power Company Limited
2026041704000850,NHPC,56,58,100,324.1,32410.0,2026-04-17,186762242,152,Sri Hari Securities Pvt. Ltd.,Naasa Securities Co. Ltd.,2026-04-17 11:10:14.645832,National Hydro Power Company Limited
2026041704000853,NHPC,80,99,599,324.0,194076.0,2026-04-17,186762272,152,Indira securities pvt. ltd,Prabhu Stock Market Limited,2026-04-17 11:10:15.983993,National Hydro Power Company Limited
2026041704000854,NHPC,45,99,105,324.0,34020.0,2026-04-17,186762292,152,Imperial Securities Company Pvt. Ltd.,Prabhu Stock Market Limited,2026-04-17 11:10:17.531241,National Hydro Power Company Limited
2026041704000872,NHPC,94,99,1000,324.0,324000.0,2026-04-17,186762490,152,K.B.L. Securities Limited ,Prabhu Stock Market Limited,2026-04-17 11:10:35.635883,National Hydro Power Company Limited
2026041704000894,NHPC,18,64,1000,323.0,323000.0,2026-04-17,186762713,152,Sagarmatha Securities Private Limited,SUN SECURITIES PVT LTD,2026-04-17 11:10:51.713875,National Hydro Power Company Limited
2026041704000901,NHPC,57,99,100,323.0,32300.0,2026-04-17,186762782,152,Aryatara Investment & Securities,Prabhu Stock Market Limited,2026-04-17 11:10:56.952767,National Hydro Power Company Limited
2026041704000902,NHPC,51,99,100,322.3,32230.0,2026-04-17,186762784,152,Oxford Securities Pvt. Ltd.,Prabhu Stock Market Limited,2026-04-17 11:10:56.953066,National Hydro Power Company Limited
2026041704000903,NHPC,58,99,150,322.2,48330.0,2026-04-17,186762786,152,Naasa Securities Co. Ltd.,Prabhu Stock Market Limited,2026-04-17 11:10:56.953227,National Hydro Power Company Limited
2026041704000904,NHPC,77,99,295,322.1,95019.5,2026-04-17,186762788,152,Nabil Stock Dealer Ltd.,Prabhu Stock Market Limited,2026-04-17 11:10:56.953375,National Hydro Power Company Limited
2026041704000905,NHPC,69,99,500,322.0,161000.0,2026-04-17,186762790,152,INDEX SECURITIES LIMITED,Prabhu Stock Market Limited,2026-04-17 11:10:56.953507,National Hydro Power Company Limited
2026041704000906,NHPC,43,99,10,322.0,3220.0,2026-04-17,186762792,152,South Asian Bulls Pvt. Ltd.,Prabhu Stock Market Limited,2026-04-17 11:10:56.953625,National Hydro Power Company Limited
2026041704000907,NHPC,51,99,200,322.0,64400.0,2026-04-17,186762794,152,Oxford Securities Pvt. Ltd.,Prabhu Stock Market Limited,2026-04-17 11:10:56.953754,National Hydro Power Company Limited
2026041704000908,NHPC,89,99,108,322.0,34776.0,2026-04-17,186762796,152,Global IME Securities Limited,Prabhu Stock Market Limited,2026-04-17 11:10:56.953879,National Hydro Power Company Limited
2026041704000909,NHPC,87,99,5000,322.0,1610000.0,2026-04-17,186762798,152,S.P.S.A. Securities Limited,Prabhu Stock Market Limited,2026-04-17 11:10:56.953996,National Hydro Power Company Limited
2026041704000910,NHPC,58,99,25,322.0,8050.0,2026-04-17,186762800,152,Naasa Securities Co. Ltd.,Prabhu Stock Market Limited,2026-04-17 11:10:56.954121,National Hydro Power Company Limited
2026041704000912,NHPC,96,99,3000,322.0,966000.0,2026-04-17,186762810,152,Himalayan Securities Limited,Prabhu Stock Market Limited,2026-04-17 11:10:57.566804,National Hydro Power Company Limited
2026041704000916,NHPC,36,99,30,322.0,9660.0,2026-04-17,186762868,152,Secured Securities Ltd.,Prabhu Stock Market Limited,2026-04-17 11:11:03.722666,National Hydro Power Company Limited
2026041704000929,NHPC,77,64,300,321.1,96330.0,2026-04-17,186762998,152,Nabil Stock Dealer Ltd.,SUN SECURITIES PVT LTD,2026-04-17 11:11:13.791676,National Hydro Power Company Limited
2026041704000930,NHPC,4,64,625,321.0,200625.0,2026-04-17,186763000,152,Opal Securities Investment (PVT) Ltd.,SUN SECURITIES PVT LTD,2026-04-17 11:11:13.791731,National Hydro Power Company Limited
2026041704000931,NHPC,58,64,300,321.0,96300.0,2026-04-17,186763002,152,Naasa Securities Co. Ltd.,SUN SECURITIES PVT LTD,2026-04-17 11:11:13.791758,National Hydro Power Company Limited
2026041704000932,NHPC,48,64,5000,321.0,1605000.0,2026-04-17,186763004,152,Trishakti Securities Public Limited,SUN SECURITIES PVT LTD,2026-04-17 11:11:13.791782,National Hydro Power Company Limited
2026041704000933,NHPC,16,64,300,320.7,96210.0,2026-04-17,186763006,152,Primo Securities (PVT) Ltd.,SUN SECURITIES PVT LTD,2026-04-17 11:11:13.791806,National Hydro Power Company Limited
2026041704000934,NHPC,42,64,90,320.6,28854.0,2026-04-17,186763008,152,Sani Securities Company Ltd.,SUN SECURITIES PVT LTD,2026-04-17 11:11:13.791834,National Hydro Power Company Limited
2026041704000935,NHPC,52,64,1000,320.6,320600.0,2026-04-17,186763010,152,Sundhara Securities Limited,SUN SECURITIES PVT LTD,2026-04-17 11:11:13.791865,National Hydro Power Company Limited
2026041704000936,NHPC,35,64,2385,320.6,764631.0,2026-04-17,186763011,152,Kohinoor Investment & Securities Pvt. Ltd.,SUN SECURITIES PVT LTD,2026-04-17 11:11:13.791889,National Hydro Power Company Limited
2026041704000942,NHPC,35,64,115,320.6,36869.0,2026-04-17,186763228,152,Kohinoor Investment & Securities Pvt. Ltd.,SUN SECURITIES PVT LTD,2026-04-17 11:11:27.464648,National Hydro Power Company Limited
2026041704000943,NHPC,94,64,4885,320.6,1566131.0,2026-04-17,186763229,152,K.B.L. Securities Limited ,SUN SECURITIES PVT LTD,2026-04-17 11:11:27.464718,National Hydro Power Company Limited
2026041704000964,NHPC,65,99,250,322.0,80500.0,2026-04-17,186763424,152,Sharepro Securities Private Limited,Prabhu Stock Market Limited,2026-04-17 11:11:45.800007,National Hydro Power Company Limited
2026041704000984,NHPC,58,99,100,322.0,32200.0,2026-04-17,186763650,152,Naasa Securities Co. Ltd.,Prabhu Stock Market Limited,2026-04-17 11:12:03.580175,National Hydro Power Company Limited
2026041704001006,NHPC,58,99,10,322.0,3220.0,2026-04-17,186763816,152,Naasa Securities Co. Ltd.,Prabhu Stock Market Limited,2026-04-17 11:12:23.650383,National Hydro Power Company Limited
2026041704001012,NHPC,87,99,122,322.0,39284.0,2026-04-17,186763905,152,S.P.S.A. Securities Limited,Prabhu Stock Market Limited,2026-04-17 11:12:35.921370,National Hydro Power Company Limited
2026041704001013,NHPC,87,36,500,322.0,161000.0,2026-04-17,186763907,152,S.P.S.A. Securities Limited,Secured Securities Ltd.,2026-04-17 11:12:35.921655,National Hydro Power Company Limited
2026041704001017,NHPC,77,8,10,322.5,3225.0,2026-04-17,186763946,152,Nabil Stock Dealer Ltd.,Brilliant Securities Pvt. Ltd.,2026-04-17 11:12:39.854306,National Hydro Power Company Limited
2026041704001030,NHPC,87,64,360,322.0,115920.0,2026-04-17,186764115,152,S.P.S.A. Securities Limited,SUN SECURITIES PVT LTD,2026-04-17 11:12:52.053009,National Hydro Power Company Limited
2026041704001032,NHPC,70,8,1990,322.5,641775.0,2026-04-17,186764147,152,Infinity Securities Limited,Brilliant Securities Pvt. Ltd.,2026-04-17 11:12:55.763352,National Hydro Power Company Limited
2026041704001051,NHPC,70,95,1010,322.9,326129.0,2026-04-17,186764354,152,Infinity Securities Limited,Magnet Securities and Investment Company Private Limited,2026-04-17 11:13:15.847900,National Hydro Power Company Limited
2026041704001056,NHPC,35,50,200,322.5,64500.0,2026-04-17,186764410,152,Kohinoor Investment & Securities Pvt. Ltd.,Cristal Kanchanjanga Securites Pvt. Ltd.,2026-04-17 11:13:23.339136,National Hydro Power Company Limited
2026041704001057,NHPC,87,50,3800,322.0,1223600.0,2026-04-17,186764411,152,S.P.S.A. Securities Limited,Cristal Kanchanjanga Securites Pvt. Ltd.,2026-04-17 11:13:23.339480,National Hydro Power Company Limited
2026041704001069,NHPC,53,95,500,322.9,161450.0,2026-04-17,186764546,152,Investment Management Nepal Pvt. Ltd.,Magnet Securities and Investment Company Private Limited,2026-04-17 11:13:29.361292,National Hydro Power Company Limited
2026041704001080,NHPC,87,50,218,322.0,70196.0,2026-04-17,186764722,152,S.P.S.A. Securities Limited,Cristal Kanchanjanga Securites Pvt. Ltd.,2026-04-17 11:13:47.650741,National Hydro Power Company Limited
2026041704001081,NHPC,62,50,60,322.0,19320.0,2026-04-17,186764724,152,Capital Max Securities Ltd,Cristal Kanchanjanga Securites Pvt. Ltd.,2026-04-17 11:13:47.651051,National Hydro Power Company Limited
2026041704001082,NHPC,58,50,63,322.0,20286.0,2026-04-17,186764726,152,Naasa Securities Co. Ltd.,Cristal Kanchanjanga Securites Pvt. Ltd.,2026-04-17 11:13:47.651188,National Hydro Power Company Limited
2026041704001087,NHPC,60,50,1100,322.0,354200.0,2026-04-17,186764760,152,Nagarik Stock Dealer ,Cristal Kanchanjanga Securites Pvt. Ltd.,2026-04-17 11:13:50.575760,National Hydro Power Company Limited
2026041704001109,NHPC,49,50,559,322.0,179998.0,2026-04-17,186764925,152,Online Securities Pvt. Ltd.,Cristal Kanchanjanga Securites Pvt. Ltd.,2026-04-17 11:14:05.904983,National Hydro Power Company Limited
2026041704001121,NHPC,8,95,590,322.9,190511.0,2026-04-17,186765102,152,Brilliant Securities Pvt. Ltd.,Magnet Securities and Investment Company Private Limited,2026-04-17 11:14:18.549278,National Hydro Power Company Limited
2026041704001138,NHPC,8,42,1000,323.0,323000.0,2026-04-17,186765284,152,Brilliant Securities Pvt. Ltd.,Sani Securities Company Ltd.,2026-04-17 11:14:32.873379,National Hydro Power Company Limited
2026041704001144,NHPC,49,48,300,322.0,96600.0,2026-04-17,186765319,152,Online Securities Pvt. Ltd.,Trishakti Securities Public Limited,2026-04-17 11:14:35.714928,National Hydro Power Company Limited
2026041704001151,NHPC,46,58,20,322.9,6458.0,2026-04-17,186765387,152,Kalika Securities Pvt. Ltd.,Naasa Securities Co. Ltd.,2026-04-17 11:14:38.996646,National Hydro Power Company Limited
2026041704001153,NHPC,56,66,100,323.0,32300.0,2026-04-17,186765394,152,Sri Hari Securities Pvt. Ltd.,Miyo Securities Pvt Ltd,2026-04-17 11:14:39.332056,National Hydro Power Company Limited
2026041704001157,NHPC,97,66,400,323.0,129200.0,2026-04-17,186765429,152,R.B.B. Securities Company Ltd,Miyo Securities Pvt Ltd,2026-04-17 11:14:44.846410,National Hydro Power Company Limited
2026041704001158,NHPC,97,25,200,323.0,64600.0,2026-04-17,186765431,152,R.B.B. Securities Company Ltd,Sweta Securities Private Limited,2026-04-17 11:14:44.846461,National Hydro Power Company Limited
2026041704001159,NHPC,97,25,200,323.0,64600.0,2026-04-17,186765433,152,R.B.B. Securities Company Ltd,Sweta Securities Private Limited,2026-04-17 11:14:44.846493,National Hydro Power Company Limited
2026041704001160,NHPC,97,50,200,323.2,64640.0,2026-04-17,186765436,152,R.B.B. Securities Company Ltd,Cristal Kanchanjanga Securites Pvt. Ltd.,2026-04-17 11:14:44.846537,National Hydro Power Company Limited
2026041704001222,NHPC,96,35,1000,323.0,323000.0,2026-04-17,186765863,152,Himalayan Securities Limited,Kohinoor Investment & Securities Pvt. Ltd.,2026-04-17 11:15:16.439012,National Hydro Power Company Limited
2026041704001223,NHPC,96,71,5000,323.0,1615000.0,2026-04-17,186765866,152,Himalayan Securities Limited,SHUBHAKAMANA SECURITIES PVT. LTD,2026-04-17 11:15:16.439644,National Hydro Power Company Limited
2026041704001241,NHPC,46,50,80,322.9,25832.0,2026-04-17,186766070,152,Kalika Securities Pvt. Ltd.,Cristal Kanchanjanga Securites Pvt. Ltd.,2026-04-17 11:15:29.372635,National Hydro Power Company Limited
2026041704001242,NHPC,49,50,141,322.0,45402.0,2026-04-17,186766072,152,Online Securities Pvt. Ltd.,Cristal Kanchanjanga Securites Pvt. Ltd.,2026-04-17 11:15:29.372982,National Hydro Power Company Limited
2026041704001243,NHPC,11,50,39,322.0,12558.0,2026-04-17,186766074,152,Malla & Malla Stock Broking Company Pvt. Limited,Cristal Kanchanjanga Securites Pvt. Ltd.,2026-04-17 11:15:29.373148,National Hydro Power Company Limited
2026041704001244,NHPC,49,50,315,322.0,101430.0,2026-04-17,186766076,152,Online Securities Pvt. Ltd.,Cristal Kanchanjanga Securites Pvt. Ltd.,2026-04-17 11:15:29.373318,National Hydro Power Company Limited
2026041704001245,NHPC,94,50,200,321.6,64320.0,2026-04-17,186766078,152,K.B.L. Securities Limited ,Cristal Kanchanjanga Securites Pvt. Ltd.,2026-04-17 11:15:29.373470,National Hydro Power Company Limited
2026041704001246,NHPC,38,50,240,321.6,77184.0,2026-04-17,186766080,152,Dipshikha Dhitopatra Karobar Co. Pvt Ltd.,Cristal Kanchanjanga Securites Pvt. Ltd.,2026-04-17 11:15:29.373629,National Hydro Power Company Limited
2026041704001247,NHPC,71,50,100,321.5,32150.0,2026-04-17,186766082,152,SHUBHAKAMANA SECURITIES PVT. LTD,Cristal Kanchanjanga Securites Pvt. Ltd.,2026-04-17 11:15:29.373776,National Hydro Power Company Limited
2026041704001248,NHPC,34,50,250,321.5,80375.0,2026-04-17,186766084,152,Vision Securities Pvt. Ltd,Cristal Kanchanjanga Securites Pvt. Ltd.,2026-04-17 11:15:29.373932,National Hydro Power Company Limited
2026041704001249,NHPC,58,50,500,321.5,160750.0,2026-04-17,186766086,152,Naasa Securities Co. Ltd.,Cristal Kanchanjanga Securites Pvt. Ltd.,2026-04-17 11:15:29.374082,National Hydro Power Company Limited
2026041704001250,NHPC,94,50,1500,321.4,482100.0,2026-04-17,186766088,152,K.B.L. Securities Limited ,Cristal Kanchanjanga Securites Pvt. Ltd.,2026-04-17 11:15:29.374233,National Hydro Power Company Limited
2026041704001251,NHPC,58,50,150,321.3,48195.0,2026-04-17,186766090,152,Naasa Securities Co. Ltd.,Cristal Kanchanjanga Securites Pvt. Ltd.,2026-04-17 11:15:29.374393,National Hydro Power Company Limited
2026041704001252,NHPC,62,50,262,321.2,84154.4,2026-04-17,186766092,152,Capital Max Securities Ltd,Cristal Kanchanjanga Securites Pvt. Ltd.,2026-04-17 11:15:29.374539,National Hydro Power Company Limited
2026041704001253,NHPC,96,50,1223,321.1,392705.3,2026-04-17,186766093,152,Himalayan Securities Limited,Cristal Kanchanjanga Securites Pvt. Ltd.,2026-04-17 11:15:29.374678,National Hydro Power Company Limited
2026041704001261,NHPC,96,50,1777,321.1,570594.7,2026-04-17,186766134,152,Himalayan Securities Limited,Cristal Kanchanjanga Securites Pvt. Ltd.,2026-04-17 11:15:36.348659,National Hydro Power Company Limited
2026041704001262,NHPC,85,50,3223,321.0,1034583.0,2026-04-17,186766135,152,Capital Hub P. Ltd,Cristal Kanchanjanga Securites Pvt. Ltd.,2026-04-17 11:15:36.348970,National Hydro Power Company Limited
2026041704001272,NHPC,36,38,20,322.9,6458.0,2026-04-17,186766242,152,Secured Securities Ltd.,Dipshikha Dhitopatra Karobar Co. Pvt Ltd.,2026-04-17 11:15:45.313400,National Hydro Power Company Limited
2026041704001275,NHPC,85,64,1777,321.0,570417.0,2026-04-17,186766280,152,Capital Hub P. Ltd,SUN SECURITIES PVT LTD,2026-04-17 11:15:48.261036,National Hydro Power Company Limited
2026041704001276,NHPC,34,64,1000,321.0,321000.0,2026-04-17,186766282,152,Vision Securities Pvt. Ltd,SUN SECURITIES PVT LTD,2026-04-17 11:15:48.261153,National Hydro Power Company Limited
2026041704001277,NHPC,77,64,150,320.9,48135.0,2026-04-17,186766284,152,Nabil Stock Dealer Ltd.,SUN SECURITIES PVT LTD,2026-04-17 11:15:48.261213,National Hydro Power Company Limited
2026041704001278,NHPC,14,64,1073,320.7,344111.1,2026-04-17,186766285,152,Nepal Stock House (PVT) Ltd.,SUN SECURITIES PVT LTD,2026-04-17 11:15:48.261280,National Hydro Power Company Limited
2026041704001314,NHPC,71,64,100,320.8,32080.0,2026-04-17,186766550,152,SHUBHAKAMANA SECURITIES PVT. LTD,SUN SECURITIES PVT LTD,2026-04-17 11:16:07.776571,National Hydro Power Company Limited
2026041704001315,NHPC,32,64,60,320.8,19248.0,2026-04-17,186766552,152,Premier Securities Company Ltd.,SUN SECURITIES PVT LTD,2026-04-17 11:16:07.777248,National Hydro Power Company Limited
2026041704001316,NHPC,14,64,927,320.7,297288.9,2026-04-17,186766554,152,Nepal Stock House (PVT) Ltd.,SUN SECURITIES PVT LTD,2026-04-17 11:16:07.777758,National Hydro Power Company Limited
2026041704001317,NHPC,94,64,115,320.6,36869.0,2026-04-17,186766556,152,K.B.L. Securities Limited ,SUN SECURITIES PVT LTD,2026-04-17 11:16:07.778373,National Hydro Power Company Limited
2026041704001318,NHPC,21,64,50,320.4,16020.0,2026-04-17,186766558,152,Midas Stock Broking Company Private Limited,SUN SECURITIES PVT LTD,2026-04-17 11:16:07.778883,National Hydro Power Company Limited
2026041704001319,NHPC,22,64,3748,320.4,1200859.2,2026-04-17,186766559,152,Siprabi Securities Pvt. Ltd.,SUN SECURITIES PVT LTD,2026-04-17 11:16:07.779528,National Hydro Power Company Limited
2026041704001337,NHPC,22,64,120,320.4,38448.0,2026-04-17,186766677,152,Siprabi Securities Pvt. Ltd.,SUN SECURITIES PVT LTD,2026-04-17 11:16:15.194678,National Hydro Power Company Limited
2026041704001347,NHPC,22,99,1132,320.4,362692.8,2026-04-17,186766772,152,Siprabi Securities Pvt. Ltd.,Prabhu Stock Market Limited,2026-04-17 11:16:21.822807,National Hydro Power Company Limited
2026041704001348,NHPC,8,99,100,320.3,32030.0,2026-04-17,186766774,152,Brilliant Securities Pvt. Ltd.,Prabhu Stock Market Limited,2026-04-17 11:16:21.823477,National Hydro Power Company Limited
2026041704001349,NHPC,75,99,2400,320.3,768720.0,2026-04-17,186766776,152,N.I.M.B. Stock Markets Limited,Prabhu Stock Market Limited,2026-04-17 11:16:21.823930,National Hydro Power Company Limited
2026041704001350,NHPC,58,99,100,320.2,32020.0,2026-04-17,186766778,152,Naasa Securities Co. Ltd.,Prabhu Stock Market Limited,2026-04-17 11:16:21.824372,National Hydro Power Company Limited
2026041704001351,NHPC,61,99,1000,320.2,320200.0,2026-04-17,186766780,152,BHOLE GANESH SECURITIES LTD,Prabhu Stock Market Limited,2026-04-17 11:16:21.824801,National Hydro Power Company Limited
2026041704001352,NHPC,56,99,1500,320.1,480150.0,2026-04-17,186766782,152,Sri Hari Securities Pvt. Ltd.,Prabhu Stock Market Limited,2026-04-17 11:16:21.825215,National Hydro Power Company Limited
2026041704001353,NHPC,56,99,82,320.1,26248.2,2026-04-17,186766784,152,Sri Hari Securities Pvt. Ltd.,Prabhu Stock Market Limited,2026-04-17 11:16:21.825648,National Hydro Power Company Limited
2026041704001354,NHPC,17,99,100,320.1,32010.0,2026-04-17,186766786,152,ABC Securities Private Limited,Prabhu Stock Market Limited,2026-04-17 11:16:21.826100,National Hydro Power Company Limited
2026041704001355,NHPC,51,99,1500,320.1,480150.0,2026-04-17,186766788,152,Oxford Securities Pvt. Ltd.,Prabhu Stock Market Limited,2026-04-17 11:16:21.826537,National Hydro Power Company Limited
2026041704001356,NHPC,77,99,320,320.1,102432.0,2026-04-17,186766790,152,Nabil Stock Dealer Ltd.,Prabhu Stock Market Limited,2026-04-17 11:16:21.826972,National Hydro Power Company Limited
2026041704001357,NHPC,32,99,500,320.1,160050.0,2026-04-17,186766792,152,Premier Securities Company Ltd.,Prabhu Stock Market Limited,2026-04-17 11:16:21.827407,National Hydro Power Company Limited
2026041704001358,NHPC,36,99,50,320.0,16000.0,2026-04-17,186766794,152,Secured Securities Ltd.,Prabhu Stock Market Limited,2026-04-17 11:16:21.827828,National Hydro Power Company Limited
2026041704001359,NHPC,77,99,300,320.0,96000.0,2026-04-17,186766796,152,Nabil Stock Dealer Ltd.,Prabhu Stock Market Limited,2026-04-17 11:16:21.828258,National Hydro Power Company Limited
2026041704001360,NHPC,77,99,350,320.0,112000.0,2026-04-17,186766798,152,Nabil Stock Dealer Ltd.,Prabhu Stock Market Limited,2026-04-17 11:16:21.828701,National Hydro Power Company Limited
2026041704001361,NHPC,77,99,350,320.0,112000.0,2026-04-17,186766800,152,Nabil Stock Dealer Ltd.,Prabhu Stock Market Limited,2026-04-17 11:16:21.829128,National Hydro Power Company Limited
2026041704001362,NHPC,50,99,25,320.0,8000.0,2026-04-17,186766803,152,Cristal Kanchanjanga Securites Pvt. Ltd.,Prabhu Stock Market Limited,2026-04-17 11:16:21.829576,National Hydro Power Company Limited
2026041704001363,NHPC,77,99,300,320.0,96000.0,2026-04-17,186766806,152,Nabil Stock Dealer Ltd.,Prabhu Stock Market Limited,2026-04-17 11:16:21.830006,National Hydro Power Company Limited
2026041704001364,NHPC,10,99,3000,320.0,960000.0,2026-04-17,186766808,152,Pragyan Securities (PVT) Ltd.,Prabhu Stock Market Limited,2026-04-17 11:16:21.830438,National Hydro Power Company Limited
2026041704001365,NHPC,32,99,338,320.0,108160.0,2026-04-17,186766810,152,Premier Securities Company Ltd.,Prabhu Stock Market Limited,2026-04-17 11:16:21.830874,National Hydro Power Company Limited
2026041704001366,NHPC,56,99,1560,320.0,499200.0,2026-04-17,186766812,152,Sri Hari Securities Pvt. Ltd.,Prabhu Stock Market Limited,2026-04-17 11:16:21.831302,National Hydro Power Company Limited
2026041704001367,NHPC,56,99,1500,320.0,480000.0,2026-04-17,186766814,152,Sri Hari Securities Pvt. Ltd.,Prabhu Stock Market Limited,2026-04-17 11:16:21.831715,National Hydro Power Company Limited
2026041704001368,NHPC,44,99,5000,320.0,1600000.0,2026-04-17,186766816,152,Dynamic Money Managers Securities Pvt. Ltd.,Prabhu Stock Market Limited,2026-04-17 11:16:21.832128,National Hydro Power Company Limited
2026041704001369,NHPC,56,99,1500,320.0,480000.0,2026-04-17,186766818,152,Sri Hari Securities Pvt. Ltd.,Prabhu Stock Market Limited,2026-04-17 11:16:21.832543,National Hydro Power Company Limited
2026041704001370,NHPC,56,99,1560,320.0,499200.0,2026-04-17,186766820,152,Sri Hari Securities Pvt. Ltd.,Prabhu Stock Market Limited,2026-04-17 11:16:21.832955,National Hydro Power Company Limited
2026041704001371,NHPC,77,99,300,320.0,96000.0,2026-04-17,186766822,152,Nabil Stock Dealer Ltd.,Prabhu Stock Market Limited,2026-04-17 11:16:21.833371,National Hydro Power Company Limited
2026041704001372,NHPC,56,99,1560,320.0,499200.0,2026-04-17,186766824,152,Sri Hari Securities Pvt. Ltd.,Prabhu Stock Market Limited,2026-04-17 11:16:21.833786,National Hydro Power Company Limited
2026041704001373,NHPC,14,99,300,320.0,96000.0,2026-04-17,186766826,152,Nepal Stock House (PVT) Ltd.,Prabhu Stock Market Limited,2026-04-17 11:16:21.834189,National Hydro Power Company Limited
2026041704001374,NHPC,51,99,200,320.0,64000.0,2026-04-17,186766828,152,Oxford Securities Pvt. Ltd.,Prabhu Stock Market Limited,2026-04-17 11:16:21.834602,National Hydro Power Company Limited
2026041704001375,NHPC,56,99,1500,320.0,480000.0,2026-04-17,186766830,152,Sri Hari Securities Pvt. Ltd.,Prabhu Stock Market Limited,2026-04-17 11:16:21.835005,National Hydro Power Company Limited
2026041704001376,NHPC,59,99,100,320.0,32000.0,2026-04-17,186766832,152,Deevyaa Securities & Stock House Pvt. Ltd,Prabhu Stock Market Limited,2026-04-17 11:16:21.835415,National Hydro Power Company Limited
2026041704001377,NHPC,6,99,25,320.0,8000.0,2026-04-17,186766834,152,Agrawal Securities (PVT) Ltd.,Prabhu Stock Market Limited,2026-04-17 11:16:21.835808,National Hydro Power Company Limited
2026041704001378,NHPC,56,99,195,320.0,62400.0,2026-04-17,186766836,152,Sri Hari Securities Pvt. Ltd.,Prabhu Stock Market Limited,2026-04-17 11:16:21.836204,National Hydro Power Company Limited
2026041704001379,NHPC,47,99,480,320.0,153600.0,2026-04-17,186766838,152,Neev Securities Pvt. Ltd.,Prabhu Stock Market Limited,2026-04-17 11:16:21.836599,National Hydro Power Company Limited
2026041704001380,NHPC,58,99,50,320.0,16000.0,2026-04-17,186766840,152,Naasa Securities Co. Ltd.,Prabhu Stock Market Limited,2026-04-17 11:16:21.836732,National Hydro Power Company Limited
2026041704001381,NHPC,62,99,155,320.0,49600.0,2026-04-17,186766842,152,Capital Max Securities Ltd,Prabhu Stock Market Limited,2026-04-17 11:16:21.836862,National Hydro Power Company Limited
2026041704001382,NHPC,81,99,568,320.0,181760.0,2026-04-17,186766843,152,Aakashbhairab Securities Ltd.,Prabhu Stock Market Limited,2026-04-17 11:16:21.836994,National Hydro Power Company Limited
2026041704001415,NHPC,22,99,5000,320.4,1602000.0,2026-04-17,186767044,152,Siprabi Securities Pvt. Ltd.,Prabhu Stock Market Limited,2026-04-17 11:16:29.557289,National Hydro Power Company Limited
2026041704001416,NHPC,81,99,4432,320.0,1418240.0,2026-04-17,186767046,152,Aakashbhairab Securities Ltd.,Prabhu Stock Market Limited,2026-04-17 11:16:29.557603,National Hydro Power Company Limited
2026041704001417,NHPC,58,99,50,320.0,16000.0,2026-04-17,186767048,152,Naasa Securities Co. Ltd.,Prabhu Stock Market Limited,2026-04-17 11:16:29.557749,National Hydro Power Company Limited
2026041704001418,NHPC,62,99,1000,320.0,320000.0,2026-04-17,186767050,152,Capital Max Securities Ltd,Prabhu Stock Market Limited,2026-04-17 11:16:29.557883,National Hydro Power Company Limited
2026041704001419,NHPC,13,99,800,320.0,256000.0,2026-04-17,186767052,152,Thrive Brokerage House Pvt. Ltd,Prabhu Stock Market Limited,2026-04-17 11:16:29.558020,National Hydro Power Company Limited
2026041704001420,NHPC,64,99,200,320.0,64000.0,2026-04-17,186767054,152,SUN SECURITIES PVT LTD,Prabhu Stock Market Limited,2026-04-17 11:16:29.558152,National Hydro Power Company Limited
2026041704001421,NHPC,56,99,70,320.0,22400.0,2026-04-17,186767056,152,Sri Hari Securities Pvt. Ltd.,Prabhu Stock Market Limited,2026-04-17 11:16:29.558300,National Hydro Power Company Limited
2026041704001422,NHPC,58,99,500,320.0,160000.0,2026-04-17,186767058,152,Naasa Securities Co. Ltd.,Prabhu Stock Market Limited,2026-04-17 11:16:29.558441,National Hydro Power Company Limited
2026041704001427,NHPC,17,99,100,320.0,32000.0,2026-04-17,186767086,152,ABC Securities Private Limited,Prabhu Stock Market Limited,2026-04-17 11:16:32.267461,National Hydro Power Company Limited
2026041704001435,NHPC,17,99,2848,320.0,911360.0,2026-04-17,186767147,152,ABC Securities Private Limited,Prabhu Stock Market Limited,2026-04-17 11:16:41.175525,National Hydro Power Company Limited
2026041704001438,NHPC,17,64,152,320.0,48640.0,2026-04-17,186767164,152,ABC Securities Private Limited,SUN SECURITIES PVT LTD,2026-04-17 11:16:43.032982,National Hydro Power Company Limited
2026041704001439,NHPC,22,64,4848,320.0,1551360.0,2026-04-17,186767165,152,Siprabi Securities Pvt. Ltd.,SUN SECURITIES PVT LTD,2026-04-17 11:16:43.033598,National Hydro Power Company Limited
2026041704001474,NHPC,22,39,10,320.0,3200.0,2026-04-17,186767435,152,Siprabi Securities Pvt. Ltd.,Sumeru Securities Pvt. Ltd.,2026-04-17 11:17:01.044162,National Hydro Power Company Limited
2026041704001491,NHPC,70,57,500,321.9,160950.0,2026-04-17,186767584,152,Infinity Securities Limited,Aryatara Investment & Securities,2026-04-17 11:17:08.749950,National Hydro Power Company Limited
2026041704001497,NHPC,60,64,5000,320.1,1600500.0,2026-04-17,186767609,152,Nagarik Stock Dealer ,SUN SECURITIES PVT LTD,2026-04-17 11:17:11.080399,National Hydro Power Company Limited
2026041704001499,NHPC,60,50,1900,320.1,608190.0,2026-04-17,186767620,152,Nagarik Stock Dealer ,Cristal Kanchanjanga Securites Pvt. Ltd.,2026-04-17 11:17:11.905158,National Hydro Power Company Limited
2026041704001500,NHPC,22,50,142,320.0,45440.0,2026-04-17,186767622,152,Siprabi Securities Pvt. Ltd.,Cristal Kanchanjanga Securites Pvt. Ltd.,2026-04-17 11:17:11.905469,National Hydro Power Company Limited
2026041704001501,NHPC,51,50,400,320.0,128000.0,2026-04-17,186767624,152,Oxford Securities Pvt. Ltd.,Cristal Kanchanjanga Securites Pvt. Ltd.,2026-04-17 11:17:11.905623,National Hydro Power Company Limited
2026041704001502,NHPC,56,50,1000,320.0,320000.0,2026-04-17,186767626,152,Sri Hari Securities Pvt. Ltd.,Cristal Kanchanjanga Securites Pvt. Ltd.,2026-04-17 11:17:11.905789,National Hydro Power Company Limited
2026041704001505,NHPC,71,50,1000,320.0,320000.0,2026-04-17,186767676,152,SHUBHAKAMANA SECURITIES PVT. LTD,Cristal Kanchanjanga Securites Pvt. Ltd.,2026-04-17 11:17:14.166978,National Hydro Power Company Limited
2026041704001531,NHPC,77,99,100,319.4,31940.0,2026-04-17,186767862,152,Nabil Stock Dealer Ltd.,Prabhu Stock Market Limited,2026-04-17 11:17:26.072284,National Hydro Power Company Limited
2026041704001532,NHPC,58,99,10,319.3,3193.0,2026-04-17,186767864,152,Naasa Securities Co. Ltd.,Prabhu Stock Market Limited,2026-04-17 11:17:26.072604,National Hydro Power Company Limited
2026041704001533,NHPC,96,99,1000,319.3,319300.0,2026-04-17,186767866,152,Himalayan Securities Limited,Prabhu Stock Market Limited,2026-04-17 11:17:26.072783,National Hydro Power Company Limited
2026041704001534,NHPC,94,99,1000,319.2,319200.0,2026-04-17,186767868,152,K.B.L. Securities Limited ,Prabhu Stock Market Limited,2026-04-17 11:17:26.072929,National Hydro Power Company Limited
2026041704001535,NHPC,94,99,1000,319.2,319200.0,2026-04-17,186767870,152,K.B.L. Securities Limited ,Prabhu Stock Market Limited,2026-04-17 11:17:26.073067,National Hydro Power Company Limited
2026041704001536,NHPC,22,99,200,319.1,63820.0,2026-04-17,186767872,152,Siprabi Securities Pvt. Ltd.,Prabhu Stock Market Limited,2026-04-17 11:17:26.073239,National Hydro Power Company Limited
2026041704001537,NHPC,45,99,1000,319.1,319100.0,2026-04-17,186767874,152,Imperial Securities Company Pvt. Ltd.,Prabhu Stock Market Limited,2026-04-17 11:17:26.073396,National Hydro Power Company Limited
2026041704001538,NHPC,85,99,690,319.1,220179.0,2026-04-17,186767875,152,Capital Hub P. Ltd,Prabhu Stock Market Limited,2026-04-17 11:17:26.073536,National Hydro Power Company Limited
2026041704001544,NHPC,85,21,1000,319.1,319100.0,2026-04-17,186768055,152,Capital Hub P. Ltd,Midas Stock Broking Company Private Limited,2026-04-17 11:17:35.780660,National Hydro Power Company Limited
2026041704001546,NHPC,85,44,3310,319.1,1056221.0,2026-04-17,186768064,152,Capital Hub P. Ltd,Dynamic Money Managers Securities Pvt. Ltd.,2026-04-17 11:17:36.556126,National Hydro Power Company Limited
2026041704001547,NHPC,58,44,1690,319.0,539110.0,2026-04-17,186768065,152,Naasa Securities Co. Ltd.,Dynamic Money Managers Securities Pvt. Ltd.,2026-04-17 11:17:36.556798,National Hydro Power Company Limited
2026041704001550,NHPC,58,99,2660,319.0,848540.0,2026-04-17,186768076,152,Naasa Securities Co. Ltd.,Prabhu Stock Market Limited,2026-04-17 11:17:37.674123,National Hydro Power Company Limited
2026041704001551,NHPC,61,99,500,319.0,159500.0,2026-04-17,186768078,152,BHOLE GANESH SECURITIES LTD,Prabhu Stock Market Limited,2026-04-17 11:17:37.674741,National Hydro Power Company Limited
2026041704001552,NHPC,60,99,340,319.0,108460.0,2026-04-17,186768079,152,Nagarik Stock Dealer ,Prabhu Stock Market Limited,2026-04-17 11:17:37.675178,National Hydro Power Company Limited
2026041704001555,NHPC,60,58,660,319.0,210540.0,2026-04-17,186768110,152,Nagarik Stock Dealer ,Naasa Securities Co. Ltd.,2026-04-17 11:17:40.035031,National Hydro Power Company Limited
2026041704001556,NHPC,94,58,340,319.0,108460.0,2026-04-17,186768111,152,K.B.L. Securities Limited ,Naasa Securities Co. Ltd.,2026-04-17 11:17:40.035336,National Hydro Power Company Limited
2026041704001574,NHPC,94,64,5000,319.0,1595000.0,2026-04-17,186768223,152,K.B.L. Securities Limited ,SUN SECURITIES PVT LTD,2026-04-17 11:17:45.540748,National Hydro Power Company Limited
2026041704001577,NHPC,94,49,270,319.0,86130.0,2026-04-17,186768236,152,K.B.L. Securities Limited ,Online Securities Pvt. Ltd.,2026-04-17 11:17:46.175631,National Hydro Power Company Limited
2026041704001578,NHPC,14,49,230,319.0,73370.0,2026-04-17,186768237,152,Nepal Stock House (PVT) Ltd.,Online Securities Pvt. Ltd.,2026-04-17 11:17:46.175981,National Hydro Power Company Limited
2026041704001603,NHPC,14,29,270,319.0,86130.0,2026-04-17,186768397,152,Nepal Stock House (PVT) Ltd.,Trisul Securities & Invt. Ltd.,2026-04-17 11:17:56.380073,National Hydro Power Company Limited
2026041704001639,NHPC,5,57,100,319.0,31900.0,2026-04-17,186768686,152,Market Securities & Exchange (PVT) Ltd.,Aryatara Investment & Securities,2026-04-17 11:18:08.831194,National Hydro Power Company Limited
2026041704001686,NHPC,71,21,1000,318.9,318900.0,2026-04-17,186769232,152,SHUBHAKAMANA SECURITIES PVT. LTD,Midas Stock Broking Company Private Limited,2026-04-17 11:18:38.183773,National Hydro Power Company Limited
2026041704001687,NHPC,56,21,200,318.9,63780.0,2026-04-17,186769233,152,Sri Hari Securities Pvt. Ltd.,Midas Stock Broking Company Private Limited,2026-04-17 11:18:38.184127,National Hydro Power Company Limited
2026041704001694,NHPC,52,57,500,319.0,159500.0,2026-04-17,186769314,152,Sundhara Securities Limited,Aryatara Investment & Securities,2026-04-17 11:18:41.321647,National Hydro Power Company Limited
2026041704001696,NHPC,56,48,200,318.9,63780.0,2026-04-17,186769377,152,Sri Hari Securities Pvt. Ltd.,Trishakti Securities Public Limited,2026-04-17 11:18:45.237929,National Hydro Power Company Limited
2026041704001704,NHPC,6,57,300,319.0,95700.0,2026-04-17,186769471,152,Agrawal Securities (PVT) Ltd.,Aryatara Investment & Securities,2026-04-17 11:18:50.769851,National Hydro Power Company Limited
2026041704001725,NHPC,35,57,100,319.0,31900.0,2026-04-17,186769640,152,Kohinoor Investment & Securities Pvt. Ltd.,Aryatara Investment & Securities,2026-04-17 11:18:58.531384,National Hydro Power Company Limited
2026041704001762,NHPC,21,58,20,319.0,6380.0,2026-04-17,186770064,152,Midas Stock Broking Company Private Limited,Naasa Securities Co. Ltd.,2026-04-17 11:19:17.569716,National Hydro Power Company Limited
2026041704001768,NHPC,59,58,200,319.0,63800.0,2026-04-17,186770126,152,Deevyaa Securities & Stock House Pvt. Ltd,Naasa Securities Co. Ltd.,2026-04-17 11:19:19.938034,National Hydro Power Company Limited
2026041704001771,NHPC,56,14,100,318.9,31890.0,2026-04-17,186770160,152,Sri Hari Securities Pvt. Ltd.,Nepal Stock House (PVT) Ltd.,2026-04-17 11:19:23.066607,National Hydro Power Company Limited
2026041704001775,NHPC,91,58,680,319.0,216920.0,2026-04-17,186770221,152,Citizens Share Broker Limited,Naasa Securities Co. Ltd.,2026-04-17 11:19:26.201263,National Hydro Power Company Limited
2026041704001776,NHPC,91,58,30,319.0,9570.0,2026-04-17,186770223,152,Citizens Share Broker Limited,Naasa Securities Co. Ltd.,2026-04-17 11:19:26.201591,National Hydro Power Company Limited
2026041704001777,NHPC,91,64,5000,319.0,1595000.0,2026-04-17,186770237,152,Citizens Share Broker Limited,SUN SECURITIES PVT LTD,2026-04-17 11:19:26.504572,National Hydro Power Company Limited
2026041704001802,NHPC,91,13,203,319.0,64757.0,2026-04-17,186770519,152,Citizens Share Broker Limited,Thrive Brokerage House Pvt. Ltd,2026-04-17 11:19:40.021181,National Hydro Power Company Limited
2026041704001825,NHPC,91,57,87,319.0,27753.0,2026-04-17,186770726,152,Citizens Share Broker Limited,Aryatara Investment & Securities,2026-04-17 11:19:55.607366,National Hydro Power Company Limited
2026041704001853,NHPC,52,18,20,318.9,6378.0,2026-04-17,186770933,152,Sundhara Securities Limited,Sagarmatha Securities Private Limited,2026-04-17 11:20:08.825339,National Hydro Power Company Limited
2026041704001860,NHPC,59,57,100,319.0,31900.0,2026-04-17,186771036,152,Deevyaa Securities & Stock House Pvt. Ltd,Aryatara Investment & Securities,2026-04-17 11:20:12.210120,National Hydro Power Company Limited
2026041704001884,NHPC,91,57,1413,319.0,450747.0,2026-04-17,186771255,152,Citizens Share Broker Limited,Aryatara Investment & Securities,2026-04-17 11:20:23.963213,National Hydro Power Company Limited
2026041704001885,NHPC,91,29,87,319.0,27753.0,2026-04-17,186771257,152,Citizens Share Broker Limited,Trisul Securities & Invt. Ltd.,2026-04-17 11:20:23.963549,National Hydro Power Company Limited
2026041704001886,NHPC,91,13,378,319.0,120582.0,2026-04-17,186771259,152,Citizens Share Broker Limited,Thrive Brokerage House Pvt. Ltd,2026-04-17 11:20:23.963700,National Hydro Power Company Limited
2026041704001887,NHPC,91,58,500,319.0,159500.0,2026-04-17,186771281,152,Citizens Share Broker Limited,Naasa Securities Co. Ltd.,2026-04-17 11:20:25.469192,National Hydro Power Company Limited
2026041704001888,NHPC,91,51,218,319.0,69542.0,2026-04-17,186771295,152,Citizens Share Broker Limited,Oxford Securities Pvt. Ltd.,2026-04-17 11:20:26.827090,National Hydro Power Company Limited
2026041704001900,NHPC,91,100,2000,319.0,638000.0,2026-04-17,186771385,152,Citizens Share Broker Limited,Sunrise Securities Limited,2026-04-17 11:20:32.040233,National Hydro Power Company Limited
2026041704001905,NHPC,91,21,1000,319.0,319000.0,2026-04-17,186771539,152,Citizens Share Broker Limited,Midas Stock Broking Company Private Limited,2026-04-17 11:20:40.550480,National Hydro Power Company Limited
2026041704001906,NHPC,52,58,35,319.1,11168.5,2026-04-17,186771552,152,Sundhara Securities Limited,Naasa Securities Co. Ltd.,2026-04-17 11:20:41.336558,National Hydro Power Company Limited
2026041704001912,NHPC,91,44,250,319.0,79750.0,2026-04-17,186771591,152,Citizens Share Broker Limited,Dynamic Money Managers Securities Pvt. Ltd.,2026-04-17 11:20:46.227221,National Hydro Power Company Limited
2026041704001914,NHPC,91,29,154,319.0,49126.0,2026-04-17,186771630,152,Citizens Share Broker Limited,Trisul Securities & Invt. Ltd.,2026-04-17 11:20:49.134846,National Hydro Power Company Limited
2026041704001915,NHPC,42,29,146,319.0,46574.0,2026-04-17,186771631,152,Sani Securities Company Ltd.,Trisul Securities & Invt. Ltd.,2026-04-17 11:20:49.135255,National Hydro Power Company Limited
2026041704001916,NHPC,42,42,354,319.0,112926.0,2026-04-17,186771648,152,Sani Securities Company Ltd.,Sani Securities Company Ltd.,2026-04-17 11:20:51.947416,National Hydro Power Company Limited
2026041704001917,NHPC,58,42,27,319.0,8613.0,2026-04-17,186771650,152,Naasa Securities Co. Ltd.,Sani Securities Company Ltd.,2026-04-17 11:20:51.947801,National Hydro Power Company Limited
2026041704001918,NHPC,52,42,130,318.9,41457.0,2026-04-17,186771652,152,Sundhara Securities Limited,Sani Securities Company Ltd.,2026-04-17 11:20:51.947961,National Hydro Power Company Limited
2026041704001919,NHPC,77,42,350,318.8,111580.0,2026-04-17,186771654,152,Nabil Stock Dealer Ltd.,Sani Securities Company Ltd.,2026-04-17 11:20:51.948116,National Hydro Power Company Limited
2026041704001920,NHPC,77,42,300,318.8,95640.0,2026-04-17,186771656,152,Nabil Stock Dealer Ltd.,Sani Securities Company Ltd.,2026-04-17 11:20:51.948265,National Hydro Power Company Limited
2026041704001921,NHPC,77,42,250,318.8,79700.0,2026-04-17,186771658,152,Nabil Stock Dealer Ltd.,Sani Securities Company Ltd.,2026-04-17 11:20:51.948417,National Hydro Power Company Limited
2026041704001922,NHPC,42,42,200,318.8,63760.0,2026-04-17,186771660,152,Sani Securities Company Ltd.,Sani Securities Company Ltd.,2026-04-17 11:20:51.948568,National Hydro Power Company Limited
2026041704001923,NHPC,77,42,250,318.8,79700.0,2026-04-17,186771662,152,Nabil Stock Dealer Ltd.,Sani Securities Company Ltd.,2026-04-17 11:20:51.948730,National Hydro Power Company Limited
2026041704001924,NHPC,17,42,1500,318.7,478050.0,2026-04-17,186771664,152,ABC Securities Private Limited,Sani Securities Company Ltd.,2026-04-17 11:20:51.948879,National Hydro Power Company Limited
2026041704001925,NHPC,52,42,100,318.7,31870.0,2026-04-17,186771666,152,Sundhara Securities Limited,Sani Securities Company Ltd.,2026-04-17 11:20:51.949031,National Hydro Power Company Limited
2026041704001926,NHPC,62,42,539,318.7,171779.3,2026-04-17,186771667,152,Capital Max Securities Ltd,Sani Securities Company Ltd.,2026-04-17 11:20:51.949181,National Hydro Power Company Limited
2026041704001930,NHPC,25,58,50,319.1,15955.0,2026-04-17,186771704,152,Sweta Securities Private Limited,Naasa Securities Co. Ltd.,2026-04-17 11:20:54.485100,National Hydro Power Company Limited
2026041704001943,NHPC,62,64,240,318.7,76488.0,2026-04-17,186771887,152,Capital Max Securities Ltd,SUN SECURITIES PVT LTD,2026-04-17 11:21:09.462720,National Hydro Power Company Limited
2026041704001955,NHPC,58,40,15,319.0,4785.0,2026-04-17,186772000,152,Naasa Securities Co. Ltd.,Creative Securities Pvt Ltd,2026-04-17 11:21:21.394078,National Hydro Power Company Limited
2026041704001969,NHPC,58,40,22,319.0,7018.0,2026-04-17,186772150,152,Naasa Securities Co. Ltd.,Creative Securities Pvt Ltd,2026-04-17 11:21:35.771011,National Hydro Power Company Limited
2026041704001970,NHPC,62,29,221,318.7,70432.7,2026-04-17,186772153,152,Capital Max Securities Ltd,Trisul Securities & Invt. Ltd.,2026-04-17 11:21:36.102175,National Hydro Power Company Limited
2026041704001972,NHPC,66,40,365,319.0,116435.0,2026-04-17,186772157,152,Miyo Securities Pvt Ltd,Creative Securities Pvt Ltd,2026-04-17 11:21:36.167061,National Hydro Power Company Limited
2026041704001973,NHPC,66,39,500,319.0,159500.0,2026-04-17,186772159,152,Miyo Securities Pvt Ltd,Sumeru Securities Pvt. Ltd.,2026-04-17 11:21:36.167391,National Hydro Power Company Limited
2026041704001978,NHPC,66,49,10,319.0,3190.0,2026-04-17,186772195,152,Miyo Securities Pvt Ltd,Online Securities Pvt. Ltd.,2026-04-17 11:21:38.902826,National Hydro Power Company Limited
2026041704001980,NHPC,66,91,125,319.0,39875.0,2026-04-17,186772260,152,Miyo Securities Pvt Ltd,Citizens Share Broker Limited,2026-04-17 11:21:43.477423,National Hydro Power Company Limited
2026041704001981,NHPC,35,91,100,319.0,31900.0,2026-04-17,186772262,152,Kohinoor Investment & Securities Pvt. Ltd.,Citizens Share Broker Limited,2026-04-17 11:21:43.477774,National Hydro Power Company Limited
2026041704001982,NHPC,8,91,50,318.3,15915.0,2026-04-17,186772264,152,Brilliant Securities Pvt. Ltd.,Citizens Share Broker Limited,2026-04-17 11:21:43.477935,National Hydro Power Company Limited
2026041704001983,NHPC,62,91,225,318.3,71617.5,2026-04-17,186772265,152,Capital Max Securities Ltd,Citizens Share Broker Limited,2026-04-17 11:21:43.478093,National Hydro Power Company Limited
2026041704002019,NHPC,38,29,100,318.8,31880.0,2026-04-17,186772605,152,Dipshikha Dhitopatra Karobar Co. Pvt Ltd.,Trisul Securities & Invt. Ltd.,2026-04-17 11:22:05.285688,National Hydro Power Company Limited
2026041704002023,NHPC,45,39,135,318.8,43038.0,2026-04-17,186772662,152,Imperial Securities Company Pvt. Ltd.,Sumeru Securities Pvt. Ltd.,2026-04-17 11:22:09.168422,National Hydro Power Company Limited
2026041704002026,NHPC,60,25,1000,318.2,318200.0,2026-04-17,186772674,152,Nagarik Stock Dealer ,Sweta Securities Private Limited,2026-04-17 11:22:09.795116,National Hydro Power Company Limited
2026041704002044,NHPC,51,39,65,318.1,20676.5,2026-04-17,186772793,152,Oxford Securities Pvt. Ltd.,Sumeru Securities Pvt. Ltd.,2026-04-17 11:22:19.874305,National Hydro Power Company Limited
2026041704002045,NHPC,51,88,200,318.1,63620.0,2026-04-17,186772799,152,Oxford Securities Pvt. Ltd.,Blue Chip Securities Ltd,2026-04-17 11:22:19.993457,National Hydro Power Company Limited
2026041704002051,NHPC,51,58,1000,318.1,318100.0,2026-04-17,186772819,152,Oxford Securities Pvt. Ltd.,Naasa Securities Co. Ltd.,2026-04-17 11:22:21.944985,National Hydro Power Company Limited
2026041704002053,NHPC,51,58,50,318.1,15905.0,2026-04-17,186772853,152,Oxford Securities Pvt. Ltd.,Naasa Securities Co. Ltd.,2026-04-17 11:22:25.252468,National Hydro Power Company Limited
2026041704002061,NHPC,51,58,93,318.1,29583.3,2026-04-17,186773041,152,Oxford Securities Pvt. Ltd.,Naasa Securities Co. Ltd.,2026-04-17 11:22:32.829228,National Hydro Power Company Limited
2026041704002067,NHPC,51,46,70,318.1,22267.0,2026-04-17,186773073,152,Oxford Securities Pvt. Ltd.,Kalika Securities Pvt. Ltd.,2026-04-17 11:22:36.062587,National Hydro Power Company Limited
2026041704002089,NHPC,51,64,522,318.1,166048.2,2026-04-17,186773318,152,Oxford Securities Pvt. Ltd.,SUN SECURITIES PVT LTD,2026-04-17 11:22:48.465236,National Hydro Power Company Limited
2026041704002090,NHPC,58,64,15,318.1,4771.5,2026-04-17,186773320,152,Naasa Securities Co. Ltd.,SUN SECURITIES PVT LTD,2026-04-17 11:22:48.465659,National Hydro Power Company Limited
2026041704002091,NHPC,22,64,50,318.1,15905.0,2026-04-17,186773322,152,Siprabi Securities Pvt. Ltd.,SUN SECURITIES PVT LTD,2026-04-17 11:22:48.465845,National Hydro Power Company Limited
2026041704002092,NHPC,14,64,100,318.0,31800.0,2026-04-17,186773324,152,Nepal Stock House (PVT) Ltd.,SUN SECURITIES PVT LTD,2026-04-17 11:22:48.466047,National Hydro Power Company Limited
2026041704002093,NHPC,58,64,200,318.0,63600.0,2026-04-17,186773326,152,Naasa Securities Co. Ltd.,SUN SECURITIES PVT LTD,2026-04-17 11:22:48.466228,National Hydro Power Company Limited
2026041704002094,NHPC,60,64,1000,318.0,318000.0,2026-04-17,186773328,152,Nagarik Stock Dealer ,SUN SECURITIES PVT LTD,2026-04-17 11:22:48.466546,National Hydro Power Company Limited
2026041704002095,NHPC,6,64,500,318.0,159000.0,2026-04-17,186773330,152,Agrawal Securities (PVT) Ltd.,SUN SECURITIES PVT LTD,2026-04-17 11:22:48.466716,National Hydro Power Company Limited
2026041704002096,NHPC,18,64,1000,318.0,318000.0,2026-04-17,186773332,152,Sagarmatha Securities Private Limited,SUN SECURITIES PVT LTD,2026-04-17 11:22:48.466875,National Hydro Power Company Limited
2026041704002097,NHPC,57,64,100,318.0,31800.0,2026-04-17,186773334,152,Aryatara Investment & Securities,SUN SECURITIES PVT LTD,2026-04-17 11:22:48.467095,National Hydro Power Company Limited
2026041704002098,NHPC,49,64,250,318.0,79500.0,2026-04-17,186773336,152,Online Securities Pvt. Ltd.,SUN SECURITIES PVT LTD,2026-04-17 11:22:48.467253,National Hydro Power Company Limited
2026041704002099,NHPC,58,64,100,318.0,31800.0,2026-04-17,186773338,152,Naasa Securities Co. Ltd.,SUN SECURITIES PVT LTD,2026-04-17 11:22:48.467414,National Hydro Power Company Limited
2026041704002100,NHPC,64,64,200,318.0,63600.0,2026-04-17,186773340,152,SUN SECURITIES PVT LTD,SUN SECURITIES PVT LTD,2026-04-17 11:22:48.467572,National Hydro Power Company Limited
2026041704002101,NHPC,35,64,315,318.0,100170.0,2026-04-17,186773342,152,Kohinoor Investment & Securities Pvt. Ltd.,SUN SECURITIES PVT LTD,2026-04-17 11:22:48.467732,National Hydro Power Company Limited
2026041704002102,NHPC,62,64,1000,318.0,318000.0,2026-04-17,186773344,152,Capital Max Securities Ltd,SUN SECURITIES PVT LTD,2026-04-17 11:22:48.467887,National Hydro Power Company Limited
2026041704002103,NHPC,58,64,300,318.0,95400.0,2026-04-17,186773346,152,Naasa Securities Co. Ltd.,SUN SECURITIES PVT LTD,2026-04-17 11:22:48.468044,National Hydro Power Company Limited
2026041704002104,NHPC,79,64,80,318.0,25440.0,2026-04-17,186773348,152,pahiinvestment,SUN SECURITIES PVT LTD,2026-04-17 11:22:48.468202,National Hydro Power Company Limited
2026041704002105,NHPC,59,64,200,318.0,63600.0,2026-04-17,186773350,152,Deevyaa Securities & Stock House Pvt. Ltd,SUN SECURITIES PVT LTD,2026-04-17 11:22:48.468364,National Hydro Power Company Limited
2026041704002106,NHPC,14,64,200,318.0,63600.0,2026-04-17,186773352,152,Nepal Stock House (PVT) Ltd.,SUN SECURITIES PVT LTD,2026-04-17 11:22:48.468515,National Hydro Power Company Limited
2026041704002107,NHPC,38,64,50,318.0,15900.0,2026-04-17,186773354,152,Dipshikha Dhitopatra Karobar Co. Pvt Ltd.,SUN SECURITIES PVT LTD,2026-04-17 11:22:48.468684,National Hydro Power Company Limited
2026041704002108,NHPC,4,64,500,318.0,159000.0,2026-04-17,186773356,152,Opal Securities Investment (PVT) Ltd.,SUN SECURITIES PVT LTD,2026-04-17 11:22:48.468837,National Hydro Power Company Limited
2026041704002109,NHPC,58,64,5318,318.0,1691124.0,2026-04-17,186773357,152,Naasa Securities Co. Ltd.,SUN SECURITIES PVT LTD,2026-04-17 11:22:48.468991,National Hydro Power Company Limited
2026041704002130,NHPC,58,57,500,318.0,159000.0,2026-04-17,186773503,152,Naasa Securities Co. Ltd.,Aryatara Investment & Securities,2026-04-17 11:22:56.875346,National Hydro Power Company Limited
2026041704002133,NHPC,58,13,182,318.0,57876.0,2026-04-17,186773598,152,Naasa Securities Co. Ltd.,Thrive Brokerage House Pvt. Ltd,2026-04-17 11:23:03.923550,National Hydro Power Company Limited
2026041704002134,NHPC,8,13,25,318.0,7950.0,2026-04-17,186773600,152,Brilliant Securities Pvt. Ltd.,Thrive Brokerage House Pvt. Ltd,2026-04-17 11:23:03.923912,National Hydro Power Company Limited
2026041704002154,NHPC,43,88,100,317.7,31770.0,2026-04-17,186773790,152,South Asian Bulls Pvt. Ltd.,Blue Chip Securities Ltd,2026-04-17 11:23:17.227181,National Hydro Power Company Limited
2026041704002155,NHPC,77,88,350,317.7,111195.0,2026-04-17,186773792,152,Nabil Stock Dealer Ltd.,Blue Chip Securities Ltd,2026-04-17 11:23:17.227221,National Hydro Power Company Limited
2026041704002156,NHPC,8,88,500,317.6,158800.0,2026-04-17,186773794,152,Brilliant Securities Pvt. Ltd.,Blue Chip Securities Ltd,2026-04-17 11:23:17.227251,National Hydro Power Company Limited
2026041704002157,NHPC,51,88,50,317.5,15875.0,2026-04-17,186773795,152,Oxford Securities Pvt. Ltd.,Blue Chip Securities Ltd,2026-04-17 11:23:17.227274,National Hydro Power Company Limited
2026041704002166,NHPC,89,13,93,318.0,29574.0,2026-04-17,186773949,152,Global IME Securities Limited,Thrive Brokerage House Pvt. Ltd,2026-04-17 11:23:25.201505,National Hydro Power Company Limited
2026041704002167,NHPC,89,58,10,318.0,3180.0,2026-04-17,186773957,152,Global IME Securities Limited,Naasa Securities Co. Ltd.,2026-04-17 11:23:25.317939,National Hydro Power Company Limited
2026041704002184,NHPC,89,6,37,318.0,11766.0,2026-04-17,186774244,152,Global IME Securities Limited,Agrawal Securities (PVT) Ltd.,2026-04-17 11:23:41.577345,National Hydro Power Company Limited
2026041704002185,NHPC,59,6,200,318.0,63600.0,2026-04-17,186774246,152,Deevyaa Securities & Stock House Pvt. Ltd,Agrawal Securities (PVT) Ltd.,2026-04-17 11:23:41.577684,National Hydro Power Company Limited
2026041704002205,NHPC,58,58,40,317.9,12716.0,2026-04-17,186774572,152,Naasa Securities Co. Ltd.,Naasa Securities Co. Ltd.,2026-04-17 11:23:59.872233,National Hydro Power Company Limited
2026041704002209,NHPC,66,58,1000,317.9,317900.0,2026-04-17,186774688,152,Miyo Securities Pvt Ltd,Naasa Securities Co. Ltd.,2026-04-17 11:24:06.431088,National Hydro Power Company Limited
2026041704002228,NHPC,59,17,500,317.6,158800.0,2026-04-17,186774755,152,Deevyaa Securities & Stock House Pvt. Ltd,ABC Securities Private Limited,2026-04-17 11:24:12.097485,National Hydro Power Company Limited
2026041704002229,NHPC,59,35,400,317.6,127040.0,2026-04-17,186774757,152,Deevyaa Securities & Stock House Pvt. Ltd,Kohinoor Investment & Securities Pvt. Ltd.,2026-04-17 11:24:12.119300,National Hydro Power Company Limited
2026041704002237,NHPC,59,50,1100,317.6,349360.0,2026-04-17,186774816,152,Deevyaa Securities & Stock House Pvt. Ltd,Cristal Kanchanjanga Securites Pvt. Ltd.,2026-04-17 11:24:14.635391,National Hydro Power Company Limited
2026041704002238,NHPC,51,50,485,317.5,153987.5,2026-04-17,186774818,152,Oxford Securities Pvt. Ltd.,Cristal Kanchanjanga Securites Pvt. Ltd.,2026-04-17 11:24:14.635729,National Hydro Power Company Limited
2026041704002239,NHPC,66,50,500,317.5,158750.0,2026-04-17,186774820,152,Miyo Securities Pvt Ltd,Cristal Kanchanjanga Securites Pvt. Ltd.,2026-04-17 11:24:14.635892,National Hydro Power Company Limited
2026041704002240,NHPC,62,50,275,317.2,87230.0,2026-04-17,186774822,152,Capital Max Securities Ltd,Cristal Kanchanjanga Securites Pvt. Ltd.,2026-04-17 11:24:14.636051,National Hydro Power Company Limited
2026041704002241,NHPC,80,50,1000,317.0,317000.0,2026-04-17,186774824,152,Indira securities pvt. ltd,Cristal Kanchanjanga Securites Pvt. Ltd.,2026-04-17 11:24:14.636204,National Hydro Power Company Limited
2026041704002242,NHPC,61,50,500,317.0,158500.0,2026-04-17,186774826,152,BHOLE GANESH SECURITIES LTD,Cristal Kanchanjanga Securites Pvt. Ltd.,2026-04-17 11:24:14.636365,National Hydro Power Company Limited
2026041704002243,NHPC,48,50,1000,317.0,317000.0,2026-04-17,186774828,152,Trishakti Securities Public Limited,Cristal Kanchanjanga Securites Pvt. Ltd.,2026-04-17 11:24:14.636517,National Hydro Power Company Limited
2026041704002244,NHPC,80,50,70,317.0,22190.0,2026-04-17,186774830,152,Indira securities pvt. ltd,Cristal Kanchanjanga Securites Pvt. Ltd.,2026-04-17 11:24:14.636671,National Hydro Power Company Limited
2026041704002245,NHPC,35,50,100,317.0,31700.0,2026-04-17,186774832,152,Kohinoor Investment & Securities Pvt. Ltd.,Cristal Kanchanjanga Securites Pvt. Ltd.,2026-04-17 11:24:14.636819,National Hydro Power Company Limited
2026041704002246,NHPC,5,50,200,317.0,63400.0,2026-04-17,186774834,152,Market Securities & Exchange (PVT) Ltd.,Cristal Kanchanjanga Securites Pvt. Ltd.,2026-04-17 11:24:14.636971,National Hydro Power Company Limited
2026041704002247,NHPC,45,50,328,317.0,103976.0,2026-04-17,186774835,152,Imperial Securities Company Pvt. Ltd.,Cristal Kanchanjanga Securites Pvt. Ltd.,2026-04-17 11:24:14.637122,National Hydro Power Company Limited
2026041704002255,NHPC,45,25,72,317.0,22824.0,2026-04-17,186775004,152,Imperial Securities Company Pvt. Ltd.,Sweta Securities Private Limited,2026-04-17 11:24:26.449006,National Hydro Power Company Limited
2026041704002256,NHPC,62,25,188,317.0,59596.0,2026-04-17,186775005,152,Capital Max Securities Ltd,Sweta Securities Private Limited,2026-04-17 11:24:26.449724,National Hydro Power Company Limited
2026041704002261,NHPC,62,29,312,317.0,98904.0,2026-04-17,186775036,152,Capital Max Securities Ltd,Trisul Securities & Invt. Ltd.,2026-04-17 11:24:28.274528,National Hydro Power Company Limited
2026041704002262,NHPC,35,29,50,317.0,15850.0,2026-04-17,186775038,152,Kohinoor Investment & Securities Pvt. Ltd.,Trisul Securities & Invt. Ltd.,2026-04-17 11:24:28.275180,National Hydro Power Company Limited
2026041704002263,NHPC,62,29,500,317.0,158500.0,2026-04-17,186775040,152,Capital Max Securities Ltd,Trisul Securities & Invt. Ltd.,2026-04-17 11:24:28.275658,National Hydro Power Company Limited
2026041704002264,NHPC,58,29,100,317.0,31700.0,2026-04-17,186775042,152,Naasa Securities Co. Ltd.,Trisul Securities & Invt. Ltd.,2026-04-17 11:24:28.276112,National Hydro Power Company Limited
2026041704002265,NHPC,64,29,30,317.0,9510.0,2026-04-17,186775044,152,SUN SECURITIES PVT LTD,Trisul Securities & Invt. Ltd.,2026-04-17 11:24:28.276600,National Hydro Power Company Limited
2026041704002300,NHPC,74,64,400,316.8,126720.0,2026-04-17,186775332,152,KALASH STOCK MARKET PVT. LTD.,SUN SECURITIES PVT LTD,2026-04-17 11:24:42.077243,National Hydro Power Company Limited
2026041704002301,NHPC,44,64,500,316.8,158400.0,2026-04-17,186775334,152,Dynamic Money Managers Securities Pvt. Ltd.,SUN SECURITIES PVT LTD,2026-04-17 11:24:42.077390,National Hydro Power Company Limited
2026041704002302,NHPC,38,64,100,316.6,31660.0,2026-04-17,186775336,152,Dipshikha Dhitopatra Karobar Co. Pvt Ltd.,SUN SECURITIES PVT LTD,2026-04-17 11:24:42.077462,National Hydro Power Company Limited
2026041704002303,NHPC,34,64,226,316.6,71551.6,2026-04-17,186775338,152,Vision Securities Pvt. Ltd,SUN SECURITIES PVT LTD,2026-04-17 11:24:42.077485,National Hydro Power Company Limited
2026041704002304,NHPC,58,64,30,316.6,9498.0,2026-04-17,186775340,152,Naasa Securities Co. Ltd.,SUN SECURITIES PVT LTD,2026-04-17 11:24:42.077519,National Hydro Power Company Limited
2026041704002305,NHPC,80,64,1000,316.5,316500.0,2026-04-17,186775342,152,Indira securities pvt. ltd,SUN SECURITIES PVT LTD,2026-04-17 11:24:42.077546,National Hydro Power Company Limited
2026041704002306,NHPC,66,64,10000,316.5,3165000.0,2026-04-17,186775344,152,Miyo Securities Pvt Ltd,SUN SECURITIES PVT LTD,2026-04-17 11:24:42.077567,National Hydro Power Company Limited
2026041704002307,NHPC,44,64,1000,316.0,316000.0,2026-04-17,186775346,152,Dynamic Money Managers Securities Pvt. Ltd.,SUN SECURITIES PVT LTD,2026-04-17 11:24:42.077590,National Hydro Power Company Limited
2026041704002308,NHPC,80,64,1000,316.0,316000.0,2026-04-17,186775348,152,Indira securities pvt. ltd,SUN SECURITIES PVT LTD,2026-04-17 11:24:42.077614,National Hydro Power Company Limited
2026041704002309,NHPC,60,64,1000,316.0,316000.0,2026-04-17,186775350,152,Nagarik Stock Dealer ,SUN SECURITIES PVT LTD,2026-04-17 11:24:42.077635,National Hydro Power Company Limited
2026041704002310,NHPC,16,64,300,316.0,94800.0,2026-04-17,186775352,152,Primo Securities (PVT) Ltd.,SUN SECURITIES PVT LTD,2026-04-17 11:24:42.077656,National Hydro Power Company Limited
2026041704002311,NHPC,51,64,300,316.0,94800.0,2026-04-17,186775354,152,Oxford Securities Pvt. Ltd.,SUN SECURITIES PVT LTD,2026-04-17 11:24:42.077676,National Hydro Power Company Limited
2026041704002312,NHPC,35,64,50,316.0,15800.0,2026-04-17,186775356,152,Kohinoor Investment & Securities Pvt. Ltd.,SUN SECURITIES PVT LTD,2026-04-17 11:24:42.077698,National Hydro Power Company Limited
2026041704002313,NHPC,62,64,1094,316.0,345704.0,2026-04-17,186775357,152,Capital Max Securities Ltd,SUN SECURITIES PVT LTD,2026-04-17 11:24:42.077721,National Hydro Power Company Limited
2026041704002333,NHPC,66,45,500,317.0,158500.0,2026-04-17,186775672,152,Miyo Securities Pvt Ltd,Imperial Securities Company Pvt. Ltd.,2026-04-17 11:25:00.936817,National Hydro Power Company Limited
2026041704002343,NHPC,8,33,50,316.2,15810.0,2026-04-17,186775740,152,Brilliant Securities Pvt. Ltd.,Dakshinkali Investment & Securities Pvt. Ltd.,2026-04-17 11:25:06.910152,National Hydro Power Company Limited
2026041704002344,NHPC,66,33,150,316.1,47415.0,2026-04-17,186775741,152,Miyo Securities Pvt Ltd,Dakshinkali Investment & Securities Pvt. Ltd.,2026-04-17 11:25:06.910204,National Hydro Power Company Limited
2026041704002368,NHPC,100,49,300,317.0,95100.0,2026-04-17,186775829,152,Sunrise Securities Limited,Online Securities Pvt. Ltd.,2026-04-17 11:25:09.105205,National Hydro Power Company Limited
2026041704002377,NHPC,66,17,500,317.5,158750.0,2026-04-17,186775968,152,Miyo Securities Pvt Ltd,ABC Securities Private Limited,2026-04-17 11:25:19.059048,National Hydro Power Company Limited
2026041704002396,NHPC,100,57,200,317.0,63400.0,2026-04-17,186776148,152,Sunrise Securities Limited,Aryatara Investment & Securities,2026-04-17 11:25:29.121634,National Hydro Power Company Limited
2026041704002397,NHPC,91,57,300,317.0,95100.0,2026-04-17,186776149,152,Citizens Share Broker Limited,Aryatara Investment & Securities,2026-04-17 11:25:29.121735,National Hydro Power Company Limited
2026041704002398,NHPC,91,17,200,317.0,63400.0,2026-04-17,186776153,152,Citizens Share Broker Limited,ABC Securities Private Limited,2026-04-17 11:25:29.443648,National Hydro Power Company Limited
2026041704002406,NHPC,91,14,500,317.0,158500.0,2026-04-17,186776273,152,Citizens Share Broker Limited,Nepal Stock House (PVT) Ltd.,2026-04-17 11:25:35.900742,National Hydro Power Company Limited
2026041704002412,NHPC,5,75,100,317.1,31710.0,2026-04-17,186776379,152,Market Securities & Exchange (PVT) Ltd.,N.I.M.B. Stock Markets Limited,2026-04-17 11:25:42.056064,National Hydro Power Company Limited
2026041704002415,NHPC,66,58,460,317.9,146234.0,2026-04-17,186776519,152,Miyo Securities Pvt Ltd,Naasa Securities Co. Ltd.,2026-04-17 11:25:49.675096,National Hydro Power Company Limited
2026041704002416,NHPC,66,6,40,318.0,12720.0,2026-04-17,186776522,152,Miyo Securities Pvt Ltd,Agrawal Securities (PVT) Ltd.,2026-04-17 11:25:49.675453,National Hydro Power Company Limited
2026041704002442,NHPC,57,64,300,317.6,95280.0,2026-04-17,186776784,152,Aryatara Investment & Securities,SUN SECURITIES PVT LTD,2026-04-17 11:26:06.978329,National Hydro Power Company Limited
2026041704002443,NHPC,5,64,100,317.1,31710.0,2026-04-17,186776786,152,Market Securities & Exchange (PVT) Ltd.,SUN SECURITIES PVT LTD,2026-04-17 11:26:06.978683,National Hydro Power Company Limited
2026041704002444,NHPC,45,64,100,317.1,31710.0,2026-04-17,186776788,152,Imperial Securities Company Pvt. Ltd.,SUN SECURITIES PVT LTD,2026-04-17 11:26:06.978843,National Hydro Power Company Limited
2026041704002445,NHPC,56,64,100,317.0,31700.0,2026-04-17,186776790,152,Sri Hari Securities Pvt. Ltd.,SUN SECURITIES PVT LTD,2026-04-17 11:26:06.979000,National Hydro Power Company Limited
2026041704002452,NHPC,84,29,300,317.8,95340.0,2026-04-17,186776905,152,MILKY WAY SHARE BROKER COMPANY LTD ,Trisul Securities & Invt. Ltd.,2026-04-17 11:26:17.375737,National Hydro Power Company Limited
2026041704002453,NHPC,84,6,1723,318.0,547914.0,2026-04-17,186776907,152,MILKY WAY SHARE BROKER COMPANY LTD ,Agrawal Securities (PVT) Ltd.,2026-04-17 11:26:17.376466,National Hydro Power Company Limited
2026041704002504,NHPC,60,58,1000,317.2,317200.0,2026-04-17,186777626,152,Nagarik Stock Dealer ,Naasa Securities Co. Ltd.,2026-04-17 11:27:06.594521,National Hydro Power Company Limited
2026041704002505,NHPC,38,58,100,317.1,31710.0,2026-04-17,186777628,152,Dipshikha Dhitopatra Karobar Co. Pvt Ltd.,Naasa Securities Co. Ltd.,2026-04-17 11:27:06.594939,National Hydro Power Company Limited
2026041704002506,NHPC,16,58,200,317.1,63420.0,2026-04-17,186777630,152,Primo Securities (PVT) Ltd.,Naasa Securities Co. Ltd.,2026-04-17 11:27:06.595105,National Hydro Power Company Limited
2026041704002507,NHPC,84,58,977,317.1,309806.7,2026-04-17,186777632,152,MILKY WAY SHARE BROKER COMPANY LTD ,Naasa Securities Co. Ltd.,2026-04-17 11:27:06.595267,National Hydro Power Company Limited
2026041704002508,NHPC,22,58,150,317.1,47565.0,2026-04-17,186777634,152,Siprabi Securities Pvt. Ltd.,Naasa Securities Co. Ltd.,2026-04-17 11:27:06.595437,National Hydro Power Company Limited
2026041704002509,NHPC,14,58,500,317.0,158500.0,2026-04-17,186777636,152,Nepal Stock House (PVT) Ltd.,Naasa Securities Co. Ltd.,2026-04-17 11:27:06.595618,National Hydro Power Company Limited
2026041704002510,NHPC,53,58,500,317.0,158500.0,2026-04-17,186777638,152,Investment Management Nepal Pvt. Ltd.,Naasa Securities Co. Ltd.,2026-04-17 11:27:06.595779,National Hydro Power Company Limited
2026041704002511,NHPC,42,58,1500,317.0,475500.0,2026-04-17,186777640,152,Sani Securities Company Ltd.,Naasa Securities Co. Ltd.,2026-04-17 11:27:06.595940,National Hydro Power Company Limited
2026041704002512,NHPC,70,58,527,317.0,167059.0,2026-04-17,186777641,152,Infinity Securities Limited,Naasa Securities Co. Ltd.,2026-04-17 11:27:06.596103,National Hydro Power Company Limited
2026041704002525,NHPC,91,29,300,318.0,95400.0,2026-04-17,186777725,152,Citizens Share Broker Limited,Trisul Securities & Invt. Ltd.,2026-04-17 11:27:11.955238,National Hydro Power Company Limited
2026041704002526,NHPC,91,35,700,318.0,222600.0,2026-04-17,186777728,152,Citizens Share Broker Limited,Kohinoor Investment & Securities Pvt. Ltd.,2026-04-17 11:27:11.955958,National Hydro Power Company Limited
2026041704002530,NHPC,70,28,150,317.0,47550.0,2026-04-17,186777769,152,Infinity Securities Limited,Shree Krishna Securities Ltd.,2026-04-17 11:27:17.104007,National Hydro Power Company Limited
2026041704002552,NHPC,52,35,1300,318.0,413400.0,2026-04-17,186778141,152,Sundhara Securities Limited,Kohinoor Investment & Securities Pvt. Ltd.,2026-04-17 11:27:43.206111,National Hydro Power Company Limited
2026041704002553,NHPC,52,57,100,318.0,31800.0,2026-04-17,186778143,152,Sundhara Securities Limited,Aryatara Investment & Securities,2026-04-17 11:27:43.206602,National Hydro Power Company Limited
2026041704002554,NHPC,52,33,1000,318.0,318000.0,2026-04-17,186778145,152,Sundhara Securities Limited,Dakshinkali Investment & Securities Pvt. Ltd.,2026-04-17 11:27:43.206812,National Hydro Power Company Limited
2026041704002563,NHPC,96,21,50,318.1,15905.0,2026-04-17,186778315,152,Himalayan Securities Limited,Midas Stock Broking Company Private Limited,2026-04-17 11:27:57.989599,National Hydro Power Company Limited
2026041704002574,NHPC,96,18,100,318.1,31810.0,2026-04-17,186778407,152,Himalayan Securities Limited,Sagarmatha Securities Private Limited,2026-04-17 11:28:03.405514,National Hydro Power Company Limited
2026041704002575,NHPC,48,25,300,318.2,95460.0,2026-04-17,186778422,152,Trishakti Securities Public Limited,Sweta Securities Private Limited,2026-04-17 11:28:04.428128,National Hydro Power Company Limited
2026041704002581,NHPC,70,25,30,318.2,9546.0,2026-04-17,186778489,152,Infinity Securities Limited,Sweta Securities Private Limited,2026-04-17 11:28:10.812343,National Hydro Power Company Limited
2026041704002582,NHPC,70,53,293,318.2,93232.6,2026-04-17,186778492,152,Infinity Securities Limited,Investment Management Nepal Pvt. Ltd.,2026-04-17 11:28:10.812751,National Hydro Power Company Limited
2026041704002593,NHPC,96,79,150,318.1,47715.0,2026-04-17,186778725,152,Himalayan Securities Limited,pahiinvestment,2026-04-17 11:28:20.181939,National Hydro Power Company Limited
2026041704002595,NHPC,87,53,250,318.2,79550.0,2026-04-17,186778806,152,S.P.S.A. Securities Limited,Investment Management Nepal Pvt. Ltd.,2026-04-17 11:28:27.809002,National Hydro Power Company Limited
2026041704002606,NHPC,96,71,1700,318.1,540770.0,2026-04-17,186779026,152,Himalayan Securities Limited,SHUBHAKAMANA SECURITIES PVT. LTD,2026-04-17 11:28:42.476191,National Hydro Power Company Limited
2026041704002607,NHPC,52,71,2600,318.0,826800.0,2026-04-17,186779028,152,Sundhara Securities Limited,SHUBHAKAMANA SECURITIES PVT. LTD,2026-04-17 11:28:42.476616,National Hydro Power Company Limited
2026041704002614,NHPC,62,71,700,318.0,222600.0,2026-04-17,186779097,152,Capital Max Securities Ltd,SHUBHAKAMANA SECURITIES PVT. LTD,2026-04-17 11:28:48.148099,National Hydro Power Company Limited
2026041704002617,NHPC,62,57,1300,318.0,413400.0,2026-04-17,186779112,152,Capital Max Securities Ltd,Aryatara Investment & Securities,2026-04-17 11:28:48.906120,National Hydro Power Company Limited
2026041704002637,NHPC,48,64,4,311.7,1246.8,2026-04-17,186779223,152,Trishakti Securities Public Limited,SUN SECURITIES PVT LTD,2026-04-17 11:28:59.280566,National Hydro Power Company Limited
2026041704002639,NHPC,65,57,50,318.0,15900.0,2026-04-17,186779313,152,Sharepro Securities Private Limited,Aryatara Investment & Securities,2026-04-17 11:29:05.129654,National Hydro Power Company Limited
2026041704002640,NHPC,65,53,200,318.2,63640.0,2026-04-17,186779316,152,Sharepro Securities Private Limited,Investment Management Nepal Pvt. Ltd.,2026-04-17 11:29:05.130049,National Hydro Power Company Limited
2026041704002641,NHPC,52,53,257,318.2,81777.4,2026-04-17,186779357,152,Sundhara Securities Limited,Investment Management Nepal Pvt. Ltd.,2026-04-17 11:29:09.747371,National Hydro Power Company Limited
2026041704002645,NHPC,52,71,243,318.2,77322.6,2026-04-17,186779508,152,Sundhara Securities Limited,SHUBHAKAMANA SECURITIES PVT. LTD,2026-04-17 11:29:13.683075,National Hydro Power Company Limited
2026041704002646,NHPC,85,71,100,318.0,31800.0,2026-04-17,186779510,152,Capital Hub P. Ltd,SHUBHAKAMANA SECURITIES PVT. LTD,2026-04-17 11:29:13.683876,National Hydro Power Company Limited
2026041704002653,NHPC,22,71,500,318.0,159000.0,2026-04-17,186779624,152,Siprabi Securities Pvt. Ltd.,SHUBHAKAMANA SECURITIES PVT. LTD,2026-04-17 11:29:21.660355,National Hydro Power Company Limited
2026041704002661,NHPC,70,71,2000,318.0,636000.0,2026-04-17,186779702,152,Infinity Securities Limited,SHUBHAKAMANA SECURITIES PVT. LTD,2026-04-17 11:29:27.784389,National Hydro Power Company Limited
2026041704002679,NHPC,52,34,300,317.3,95190.0,2026-04-17,186779927,152,Sundhara Securities Limited,Vision Securities Pvt. Ltd,2026-04-17 11:29:46.432117,National Hydro Power Company Limited
2026041704002698,NHPC,48,17,200,317.5,63500.0,2026-04-17,186780293,152,Trishakti Securities Public Limited,ABC Securities Private Limited,2026-04-17 11:30:07.675181,National Hydro Power Company Limited
2026041704002701,NHPC,48,29,300,317.5,95250.0,2026-04-17,186780308,152,Trishakti Securities Public Limited,Trisul Securities & Invt. Ltd.,2026-04-17 11:30:08.834781,National Hydro Power Company Limited
2026041704002704,NHPC,52,58,14,317.3,4442.2,2026-04-17,186780335,152,Sundhara Securities Limited,Naasa Securities Co. Ltd.,2026-04-17 11:30:12.193721,National Hydro Power Company Limited
2026041704002705,NHPC,39,29,31,317.5,9842.5,2026-04-17,186780376,152,Sumeru Securities Pvt. Ltd.,Trisul Securities & Invt. Ltd.,2026-04-17 11:30:14.650848,National Hydro Power Company Limited
2026041704002717,NHPC,80,29,169,317.5,53657.5,2026-04-17,186780459,152,Indira securities pvt. ltd,Trisul Securities & Invt. Ltd.,2026-04-17 11:30:23.416290,National Hydro Power Company Limited
2026041704002723,NHPC,56,16,28,317.9,8901.2,2026-04-17,186780528,152,Sri Hari Securities Pvt. Ltd.,Primo Securities (PVT) Ltd.,2026-04-17 11:30:25.768488,National Hydro Power Company Limited
2026041704002778,NHPC,47,64,100,317.7,31770.0,2026-04-17,186780961,152,Neev Securities Pvt. Ltd.,SUN SECURITIES PVT LTD,2026-04-17 11:30:56.915207,National Hydro Power Company Limited
2026041704002779,NHPC,80,64,331,317.5,105092.5,2026-04-17,186780965,152,Indira securities pvt. ltd,SUN SECURITIES PVT LTD,2026-04-17 11:30:56.915618,National Hydro Power Company Limited
2026041704002780,NHPC,45,64,200,317.5,63500.0,2026-04-17,186780968,152,Imperial Securities Company Pvt. Ltd.,SUN SECURITIES PVT LTD,2026-04-17 11:30:56.915867,National Hydro Power Company Limited
2026041704002781,NHPC,52,64,571,317.3,181178.3,2026-04-17,186780969,152,Sundhara Securities Limited,SUN SECURITIES PVT LTD,2026-04-17 11:30:56.916090,National Hydro Power Company Limited
2026041704002790,NHPC,60,42,20,317.8,6356.0,2026-04-17,186781253,152,Nagarik Stock Dealer ,Sani Securities Company Ltd.,2026-04-17 11:31:09.356681,National Hydro Power Company Limited
2026041704002791,NHPC,60,16,82,317.9,26067.8,2026-04-17,186781255,152,Nagarik Stock Dealer ,Primo Securities (PVT) Ltd.,2026-04-17 11:31:09.356734,National Hydro Power Company Limited
2026041704002792,NHPC,60,71,2157,318.0,685926.0,2026-04-17,186781257,152,Nagarik Stock Dealer ,SHUBHAKAMANA SECURITIES PVT. LTD,2026-04-17 11:31:09.356758,National Hydro Power Company Limited
2026041704002793,NHPC,60,38,100,318.1,31810.0,2026-04-17,186781259,152,Nagarik Stock Dealer ,Dipshikha Dhitopatra Karobar Co. Pvt Ltd.,2026-04-17 11:31:09.356793,National Hydro Power Company Limited
2026041704002794,NHPC,60,91,63,318.1,20040.3,2026-04-17,186781261,152,Nagarik Stock Dealer ,Citizens Share Broker Limited,2026-04-17 11:31:09.356816,National Hydro Power Company Limited
2026041704002795,NHPC,60,29,578,318.9,184324.2,2026-04-17,186781264,152,Nagarik Stock Dealer ,Trisul Securities & Invt. Ltd.,2026-04-17 11:31:09.356837,National Hydro Power Company Limited
2026041704002796,NHPC,52,71,115,317.3,36489.5,2026-04-17,186781282,152,Sundhara Securities Limited,SHUBHAKAMANA SECURITIES PVT. LTD,2026-04-17 11:31:10.674033,National Hydro Power Company Limited
2026041704002797,NHPC,62,71,1000,317.3,317300.0,2026-04-17,186781284,152,Capital Max Securities Ltd,SHUBHAKAMANA SECURITIES PVT. LTD,2026-04-17 11:31:10.674446,National Hydro Power Company Limited
2026041704002798,NHPC,22,71,150,317.2,47580.0,2026-04-17,186781286,152,Siprabi Securities Pvt. Ltd.,SHUBHAKAMANA SECURITIES PVT. LTD,2026-04-17 11:31:10.674636,National Hydro Power Company Limited
2026041704002799,NHPC,71,71,1000,317.2,317200.0,2026-04-17,186781288,152,SHUBHAKAMANA SECURITIES PVT. LTD,SHUBHAKAMANA SECURITIES PVT. LTD,2026-04-17 11:31:10.674817,National Hydro Power Company Limited
2026041704002800,NHPC,45,71,1000,317.2,317200.0,2026-04-17,186781290,152,Imperial Securities Company Pvt. Ltd.,SHUBHAKAMANA SECURITIES PVT. LTD,2026-04-17 11:31:10.674995,National Hydro Power Company Limited
2026041704002801,NHPC,10,71,500,317.1,158550.0,2026-04-17,186781292,152,Pragyan Securities (PVT) Ltd.,SHUBHAKAMANA SECURITIES PVT. LTD,2026-04-17 11:31:10.675169,National Hydro Power Company Limited
2026041704002802,NHPC,45,71,570,317.1,180747.0,2026-04-17,186781294,152,Imperial Securities Company Pvt. Ltd.,SHUBHAKAMANA SECURITIES PVT. LTD,2026-04-17 11:31:10.675350,National Hydro Power Company Limited
2026041704002803,NHPC,51,71,1000,317.1,317100.0,2026-04-17,186781296,152,Oxford Securities Pvt. Ltd.,SHUBHAKAMANA SECURITIES PVT. LTD,2026-04-17 11:31:10.675528,National Hydro Power Company Limited
2026041704002804,NHPC,52,71,200,317.1,63420.0,2026-04-17,186781298,152,Sundhara Securities Limited,SHUBHAKAMANA SECURITIES PVT. LTD,2026-04-17 11:31:10.675701,National Hydro Power Company Limited
2026041704002805,NHPC,42,71,60,317.0,19020.0,2026-04-17,186781300,152,Sani Securities Company Ltd.,SHUBHAKAMANA SECURITIES PVT. LTD,2026-04-17 11:31:10.675875,National Hydro Power Company Limited
2026041704002806,NHPC,49,71,2000,317.0,634000.0,2026-04-17,186781302,152,Online Securities Pvt. Ltd.,SHUBHAKAMANA SECURITIES PVT. LTD,2026-04-17 11:31:10.676053,National Hydro Power Company Limited
2026041704002807,NHPC,63,71,100,317.0,31700.0,2026-04-17,186781304,152,Himalayan Brokerage Company Limited,SHUBHAKAMANA SECURITIES PVT. LTD,2026-04-17 11:31:10.676229,National Hydro Power Company Limited
2026041704002808,NHPC,45,71,20,317.0,6340.0,2026-04-17,186781306,152,Imperial Securities Company Pvt. Ltd.,SHUBHAKAMANA SECURITIES PVT. LTD,2026-04-17 11:31:10.676404,National Hydro Power Company Limited
2026041704002809,NHPC,42,71,1000,317.0,317000.0,2026-04-17,186781308,152,Sani Securities Company Ltd.,SHUBHAKAMANA SECURITIES PVT. LTD,2026-04-17 11:31:10.676581,National Hydro Power Company Limited
2026041704002810,NHPC,50,71,200,317.0,63400.0,2026-04-17,186781310,152,Cristal Kanchanjanga Securites Pvt. Ltd.,SHUBHAKAMANA SECURITIES PVT. LTD,2026-04-17 11:31:10.676779,National Hydro Power Company Limited
2026041704002811,NHPC,49,71,50,317.0,15850.0,2026-04-17,186781312,152,Online Securities Pvt. Ltd.,SHUBHAKAMANA SECURITIES PVT. LTD,2026-04-17 11:31:10.677027,National Hydro Power Company Limited
2026041704002815,NHPC,60,71,1035,317.0,328095.0,2026-04-17,186781445,152,Nagarik Stock Dealer ,SHUBHAKAMANA SECURITIES PVT. LTD,2026-04-17 11:31:20.365005,National Hydro Power Company Limited
2026041704002816,NHPC,60,29,22,318.9,7015.8,2026-04-17,186781447,152,Nagarik Stock Dealer ,Trisul Securities & Invt. Ltd.,2026-04-17 11:31:20.365094,National Hydro Power Company Limited
2026041704002817,NHPC,60,58,40,319.0,12760.0,2026-04-17,186781449,152,Nagarik Stock Dealer ,Naasa Securities Co. Ltd.,2026-04-17 11:31:20.365123,National Hydro Power Company Limited
2026041704002818,NHPC,60,58,1903,319.4,607818.2,2026-04-17,186781452,152,Nagarik Stock Dealer ,Naasa Securities Co. Ltd.,2026-04-17 11:31:20.365149,National Hydro Power Company Limited
2026041704002886,NHPC,47,58,100,317.1,31710.0,2026-04-17,186782222,152,Neev Securities Pvt. Ltd.,Naasa Securities Co. Ltd.,2026-04-17 11:32:08.075967,National Hydro Power Company Limited
2026041704002897,NHPC,58,32,10,318.0,3180.0,2026-04-17,186782372,152,Naasa Securities Co. Ltd.,Premier Securities Company Ltd.,2026-04-17 11:32:20.364505,National Hydro Power Company Limited
2026041704002898,NHPC,48,32,500,317.0,158500.0,2026-04-17,186782374,152,Trishakti Securities Public Limited,Premier Securities Company Ltd.,2026-04-17 11:32:20.364589,National Hydro Power Company Limited
2026041704002899,NHPC,91,32,490,317.0,155330.0,2026-04-17,186782375,152,Citizens Share Broker Limited,Premier Securities Company Ltd.,2026-04-17 11:32:20.364635,National Hydro Power Company Limited
2026041704003028,NHPC,66,29,200,317.2,63440.0,2026-04-17,186784063,152,Miyo Securities Pvt Ltd,Trisul Securities & Invt. Ltd.,2026-04-17 11:34:05.139409,National Hydro Power Company Limited
2026041704003031,NHPC,46,94,10,317.3,3173.0,2026-04-17,186784196,152,Kalika Securities Pvt. Ltd.,K.B.L. Securities Limited ,2026-04-17 11:34:13.895839,National Hydro Power Company Limited
2026041704003032,NHPC,60,94,90,317.2,28548.0,2026-04-17,186784197,152,Nagarik Stock Dealer ,K.B.L. Securities Limited ,2026-04-17 11:34:13.896727,National Hydro Power Company Limited
2026041704003056,NHPC,42,29,100,317.5,31750.0,2026-04-17,186784478,152,Sani Securities Company Ltd.,Trisul Securities & Invt. Ltd.,2026-04-17 11:34:34.638812,National Hydro Power Company Limited
2026041704003057,NHPC,91,71,510,317.0,161670.0,2026-04-17,186784486,152,Citizens Share Broker Limited,SHUBHAKAMANA SECURITIES PVT. LTD,2026-04-17 11:34:35.415438,National Hydro Power Company Limited
2026041704003058,NHPC,22,71,1000,317.0,317000.0,2026-04-17,186784488,152,Siprabi Securities Pvt. Ltd.,SHUBHAKAMANA SECURITIES PVT. LTD,2026-04-17 11:34:35.415895,National Hydro Power Company Limited
2026041704003059,NHPC,32,71,90,317.0,28530.0,2026-04-17,186784489,152,Premier Securities Company Ltd.,SHUBHAKAMANA SECURITIES PVT. LTD,2026-04-17 11:34:35.416120,National Hydro Power Company Limited
2026041704003064,NHPC,32,64,10,317.0,3170.0,2026-04-17,186784586,152,Premier Securities Company Ltd.,SUN SECURITIES PVT LTD,2026-04-17 11:34:43.516052,National Hydro Power Company Limited
2026041704003065,NHPC,46,64,10,316.7,3167.0,2026-04-17,186784588,152,Kalika Securities Pvt. Ltd.,SUN SECURITIES PVT LTD,2026-04-17 11:34:43.516103,National Hydro Power Company Limited
2026041704003066,NHPC,60,64,350,316.6,110810.0,2026-04-17,186784590,152,Nagarik Stock Dealer ,SUN SECURITIES PVT LTD,2026-04-17 11:34:43.516132,National Hydro Power Company Limited
2026041704003067,NHPC,58,64,1088,316.6,344460.8,2026-04-17,186784592,152,Naasa Securities Co. Ltd.,SUN SECURITIES PVT LTD,2026-04-17 11:34:43.516162,National Hydro Power Company Limited
2026041704003068,NHPC,22,64,50,316.5,15825.0,2026-04-17,186784594,152,Siprabi Securities Pvt. Ltd.,SUN SECURITIES PVT LTD,2026-04-17 11:34:43.516201,National Hydro Power Company Limited
2026041704003069,NHPC,85,64,100,316.5,31650.0,2026-04-17,186784596,152,Capital Hub P. Ltd,SUN SECURITIES PVT LTD,2026-04-17 11:34:43.516231,National Hydro Power Company Limited
2026041704003070,NHPC,66,64,350,316.5,110775.0,2026-04-17,186784598,152,Miyo Securities Pvt Ltd,SUN SECURITIES PVT LTD,2026-04-17 11:34:43.516254,National Hydro Power Company Limited
2026041704003071,NHPC,66,64,2000,316.5,633000.0,2026-04-17,186784600,152,Miyo Securities Pvt Ltd,SUN SECURITIES PVT LTD,2026-04-17 11:34:43.516283,National Hydro Power Company Limited
2026041704003072,NHPC,45,64,100,316.4,31640.0,2026-04-17,186784602,152,Imperial Securities Company Pvt. Ltd.,SUN SECURITIES PVT LTD,2026-04-17 11:34:43.516325,National Hydro Power Company Limited
2026041704003073,NHPC,28,64,942,316.4,298048.8,2026-04-17,186784603,152,Shree Krishna Securities Ltd.,SUN SECURITIES PVT LTD,2026-04-17 11:34:43.516348,National Hydro Power Company Limited
2026041704003084,NHPC,28,41,58,316.4,18351.2,2026-04-17,186784784,152,Shree Krishna Securities Ltd.,Linch Stock Market Ltd.,2026-04-17 11:34:52.429437,National Hydro Power Company Limited
2026041704003085,NHPC,22,41,42,316.4,13288.8,2026-04-17,186784785,152,Siprabi Securities Pvt. Ltd.,Linch Stock Market Ltd.,2026-04-17 11:34:52.430271,National Hydro Power Company Limited
2026041704003104,NHPC,60,58,410,316.3,129683.0,2026-04-17,186784980,152,Nagarik Stock Dealer ,Naasa Securities Co. Ltd.,2026-04-17 11:35:07.142804,National Hydro Power Company Limited
2026041704003105,NHPC,45,58,1590,316.2,502758.0,2026-04-17,186784981,152,Imperial Securities Company Pvt. Ltd.,Naasa Securities Co. Ltd.,2026-04-17 11:35:07.143703,National Hydro Power Company Limited
2026041704003126,NHPC,45,8,40,316.2,12648.0,2026-04-17,186785249,152,Imperial Securities Company Pvt. Ltd.,Brilliant Securities Pvt. Ltd.,2026-04-17 11:35:25.093650,National Hydro Power Company Limited
2026041704003130,NHPC,41,58,100,317.0,31700.0,2026-04-17,186785315,152,Linch Stock Market Ltd.,Naasa Securities Co. Ltd.,2026-04-17 11:35:29.207394,National Hydro Power Company Limited
2026041704003131,NHPC,41,71,100,317.0,31700.0,2026-04-17,186785318,152,Linch Stock Market Ltd.,SHUBHAKAMANA SECURITIES PVT. LTD,2026-04-17 11:35:29.207830,National Hydro Power Company Limited
2026041704003133,NHPC,45,58,360,316.2,113832.0,2026-04-17,186785342,152,Imperial Securities Company Pvt. Ltd.,Naasa Securities Co. Ltd.,2026-04-17 11:35:31.241643,National Hydro Power Company Limited
2026041704003134,NHPC,56,58,500,316.1,158050.0,2026-04-17,186785344,152,Sri Hari Securities Pvt. Ltd.,Naasa Securities Co. Ltd.,2026-04-17 11:35:31.242511,National Hydro Power Company Limited
2026041704003135,NHPC,5,58,300,316.1,94830.0,2026-04-17,186785346,152,Market Securities & Exchange (PVT) Ltd.,Naasa Securities Co. Ltd.,2026-04-17 11:35:31.243091,National Hydro Power Company Limited
2026041704003136,NHPC,58,58,50,316.0,15800.0,2026-04-17,186785348,152,Naasa Securities Co. Ltd.,Naasa Securities Co. Ltd.,2026-04-17 11:35:31.243690,National Hydro Power Company Limited
2026041704003137,NHPC,38,58,1000,316.0,316000.0,2026-04-17,186785350,152,Dipshikha Dhitopatra Karobar Co. Pvt Ltd.,Naasa Securities Co. Ltd.,2026-04-17 11:35:31.244266,National Hydro Power Company Limited
2026041704003138,NHPC,58,58,840,316.0,265440.0,2026-04-17,186785352,152,Naasa Securities Co. Ltd.,Naasa Securities Co. Ltd.,2026-04-17 11:35:31.244875,National Hydro Power Company Limited
2026041704003139,NHPC,49,58,1950,316.0,616200.0,2026-04-17,186785353,152,Online Securities Pvt. Ltd.,Naasa Securities Co. Ltd.,2026-04-17 11:35:31.245446,National Hydro Power Company Limited
2026041704003168,NHPC,49,58,50,316.0,15800.0,2026-04-17,186785658,152,Online Securities Pvt. Ltd.,Naasa Securities Co. Ltd.,2026-04-17 11:35:52.066504,National Hydro Power Company Limited
2026041704003169,NHPC,32,58,200,316.0,63200.0,2026-04-17,186785660,152,Premier Securities Company Ltd.,Naasa Securities Co. Ltd.,2026-04-17 11:35:52.066930,National Hydro Power Company Limited
2026041704003170,NHPC,60,58,1000,316.0,316000.0,2026-04-17,186785662,152,Nagarik Stock Dealer ,Naasa Securities Co. Ltd.,2026-04-17 11:35:52.067133,National Hydro Power Company Limited
2026041704003171,NHPC,59,58,200,316.0,63200.0,2026-04-17,186785664,152,Deevyaa Securities & Stock House Pvt. Ltd,Naasa Securities Co. Ltd.,2026-04-17 11:35:52.067342,National Hydro Power Company Limited
2026041704003172,NHPC,74,58,50,316.0,15800.0,2026-04-17,186785665,152,KALASH STOCK MARKET PVT. LTD.,Naasa Securities Co. Ltd.,2026-04-17 11:35:52.067544,National Hydro Power Company Limited
2026041704003184,NHPC,74,32,50,316.0,15800.0,2026-04-17,186785714,152,KALASH STOCK MARKET PVT. LTD.,Premier Securities Company Ltd.,2026-04-17 11:35:56.643969,National Hydro Power Company Limited
2026041704003186,NHPC,59,32,350,316.0,110600.0,2026-04-17,186785729,152,Deevyaa Securities & Stock House Pvt. Ltd,Premier Securities Company Ltd.,2026-04-17 11:35:58.168941,National Hydro Power Company Limited
2026041704003207,NHPC,59,58,1000,316.0,316000.0,2026-04-17,186785891,152,Deevyaa Securities & Stock House Pvt. Ltd,Naasa Securities Co. Ltd.,2026-04-17 11:36:07.711302,National Hydro Power Company Limited
2026041704003220,NHPC,59,47,150,316.0,47400.0,2026-04-17,186786002,152,Deevyaa Securities & Stock House Pvt. Ltd,Neev Securities Pvt. Ltd.,2026-04-17 11:36:19.053968,National Hydro Power Company Limited
2026041704003224,NHPC,38,47,50,316.0,15800.0,2026-04-17,186786065,152,Dipshikha Dhitopatra Karobar Co. Pvt Ltd.,Neev Securities Pvt. Ltd.,2026-04-17 11:36:23.281960,National Hydro Power Company Limited
2026041704003225,NHPC,38,71,35,317.0,11095.0,2026-04-17,186786068,152,Dipshikha Dhitopatra Karobar Co. Pvt Ltd.,SHUBHAKAMANA SECURITIES PVT. LTD,2026-04-17 11:36:23.282844,National Hydro Power Company Limited
2026041704003236,NHPC,42,58,1500,315.7,473550.0,2026-04-17,186786147,152,Sani Securities Company Ltd.,Naasa Securities Co. Ltd.,2026-04-17 11:36:28.447131,National Hydro Power Company Limited
2026041704003241,NHPC,57,48,1000,315.6,315600.0,2026-04-17,186786258,152,Aryatara Investment & Securities,Trishakti Securities Public Limited,2026-04-17 11:36:36.129734,National Hydro Power Company Limited
2026041704003242,NHPC,45,48,300,315.2,94560.0,2026-04-17,186786260,152,Imperial Securities Company Pvt. Ltd.,Trishakti Securities Public Limited,2026-04-17 11:36:36.129805,National Hydro Power Company Limited
2026041704003243,NHPC,72,48,2500,315.2,788000.0,2026-04-17,186786262,152,Hatemalo Financial Services Private Limited,Trishakti Securities Public Limited,2026-04-17 11:36:36.129835,National Hydro Power Company Limited
2026041704003244,NHPC,71,48,120,315.1,37812.0,2026-04-17,186786263,152,SHUBHAKAMANA SECURITIES PVT. LTD,Trishakti Securities Public Limited,2026-04-17 11:36:36.129879,National Hydro Power Company Limited
2026041704003252,NHPC,71,64,880,315.1,277288.0,2026-04-17,186786294,152,SHUBHAKAMANA SECURITIES PVT. LTD,SUN SECURITIES PVT LTD,2026-04-17 11:36:39.245224,National Hydro Power Company Limited
2026041704003253,NHPC,62,64,1000,315.1,315100.0,2026-04-17,186786296,152,Capital Max Securities Ltd,SUN SECURITIES PVT LTD,2026-04-17 11:36:39.245338,National Hydro Power Company Limited
2026041704003254,NHPC,48,64,701,315.1,220885.1,2026-04-17,186786298,152,Trishakti Securities Public Limited,SUN SECURITIES PVT LTD,2026-04-17 11:36:39.245417,National Hydro Power Company Limited
2026041704003255,NHPC,14,64,100,315.1,31510.0,2026-04-17,186786300,152,Nepal Stock House (PVT) Ltd.,SUN SECURITIES PVT LTD,2026-04-17 11:36:39.245493,National Hydro Power Company Limited
2026041704003256,NHPC,84,64,2000,315.0,630000.0,2026-04-17,186786302,152,MILKY WAY SHARE BROKER COMPANY LTD ,SUN SECURITIES PVT LTD,2026-04-17 11:36:39.245570,National Hydro Power Company Limited
2026041704003257,NHPC,64,64,200,315.0,63000.0,2026-04-17,186786304,152,SUN SECURITIES PVT LTD,SUN SECURITIES PVT LTD,2026-04-17 11:36:39.245665,National Hydro Power Company Limited
2026041704003258,NHPC,58,64,10000,315.0,3150000.0,2026-04-17,186786306,152,Naasa Securities Co. Ltd.,SUN SECURITIES PVT LTD,2026-04-17 11:36:39.245746,National Hydro Power Company Limited
2026041704003259,NHPC,47,64,315,315.0,99225.0,2026-04-17,186786308,152,Neev Securities Pvt. Ltd.,SUN SECURITIES PVT LTD,2026-04-17 11:36:39.245820,National Hydro Power Company Limited
2026041704003260,NHPC,45,64,500,315.0,157500.0,2026-04-17,186786310,152,Imperial Securities Company Pvt. Ltd.,SUN SECURITIES PVT LTD,2026-04-17 11:36:39.245893,National Hydro Power Company Limited
2026041704003261,NHPC,65,64,100,315.0,31500.0,2026-04-17,186786312,152,Sharepro Securities Private Limited,SUN SECURITIES PVT LTD,2026-04-17 11:36:39.245964,National Hydro Power Company Limited
2026041704003262,NHPC,39,64,5000,315.0,1575000.0,2026-04-17,186786314,152,Sumeru Securities Pvt. Ltd.,SUN SECURITIES PVT LTD,2026-04-17 11:36:39.246030,National Hydro Power Company Limited
2026041704003263,NHPC,13,64,1000,315.0,315000.0,2026-04-17,186786316,152,Thrive Brokerage House Pvt. Ltd,SUN SECURITIES PVT LTD,2026-04-17 11:36:39.246103,National Hydro Power Company Limited
2026041704003264,NHPC,35,64,50,315.0,15750.0,2026-04-17,186786318,152,Kohinoor Investment & Securities Pvt. Ltd.,SUN SECURITIES PVT LTD,2026-04-17 11:36:39.246185,National Hydro Power Company Limited
2026041704003265,NHPC,58,64,300,315.0,94500.0,2026-04-17,186786320,152,Naasa Securities Co. Ltd.,SUN SECURITIES PVT LTD,2026-04-17 11:36:39.246255,National Hydro Power Company Limited
2026041704003266,NHPC,88,64,200,315.0,63000.0,2026-04-17,186786322,152,Blue Chip Securities Ltd,SUN SECURITIES PVT LTD,2026-04-17 11:36:39.246342,National Hydro Power Company Limited
2026041704003267,NHPC,66,64,500,315.0,157500.0,2026-04-17,186786324,152,Miyo Securities Pvt Ltd,SUN SECURITIES PVT LTD,2026-04-17 11:36:39.246414,National Hydro Power Company Limited
2026041704003268,NHPC,6,64,500,315.0,157500.0,2026-04-17,186786326,152,Agrawal Securities (PVT) Ltd.,SUN SECURITIES PVT LTD,2026-04-17 11:36:39.246479,National Hydro Power Company Limited
2026041704003269,NHPC,58,64,100,315.0,31500.0,2026-04-17,186786328,152,Naasa Securities Co. Ltd.,SUN SECURITIES PVT LTD,2026-04-17 11:36:39.246549,National Hydro Power Company Limited
2026041704003270,NHPC,18,64,1000,315.0,315000.0,2026-04-17,186786330,152,Sagarmatha Securities Private Limited,SUN SECURITIES PVT LTD,2026-04-17 11:36:39.246642,National Hydro Power Company Limited
2026041704003271,NHPC,1,64,500,315.0,157500.0,2026-04-17,186786332,152,Kumari Securities Private Limited,SUN SECURITIES PVT LTD,2026-04-17 11:36:39.246712,National Hydro Power Company Limited
2026041704003272,NHPC,62,64,906,315.0,285390.0,2026-04-17,186786334,152,Capital Max Securities Ltd,SUN SECURITIES PVT LTD,2026-04-17 11:36:39.246774,National Hydro Power Company Limited
2026041704003273,NHPC,35,64,200,315.0,63000.0,2026-04-17,186786336,152,Kohinoor Investment & Securities Pvt. Ltd.,SUN SECURITIES PVT LTD,2026-04-17 11:36:39.246837,National Hydro Power Company Limited
2026041704003274,NHPC,58,64,70,315.0,22050.0,2026-04-17,186786338,152,Naasa Securities Co. Ltd.,SUN SECURITIES PVT LTD,2026-04-17 11:36:39.246908,National Hydro Power Company Limited
2026041704003275,NHPC,35,64,300,315.0,94500.0,2026-04-17,186786340,152,Kohinoor Investment & Securities Pvt. Ltd.,SUN SECURITIES PVT LTD,2026-04-17 11:36:39.246963,National Hydro Power Company Limited
2026041704003276,NHPC,64,64,500,315.0,157500.0,2026-04-17,186786342,152,SUN SECURITIES PVT LTD,SUN SECURITIES PVT LTD,2026-04-17 11:36:39.247040,National Hydro Power Company Limited
2026041704003277,NHPC,45,64,100,315.0,31500.0,2026-04-17,186786344,152,Imperial Securities Company Pvt. Ltd.,SUN SECURITIES PVT LTD,2026-04-17 11:36:39.247112,National Hydro Power Company Limited
2026041704003278,NHPC,49,64,2000,315.0,630000.0,2026-04-17,186786346,152,Online Securities Pvt. Ltd.,SUN SECURITIES PVT LTD,2026-04-17 11:36:39.247181,National Hydro Power Company Limited
2026041704003279,NHPC,71,64,2000,315.0,630000.0,2026-04-17,186786348,152,SHUBHAKAMANA SECURITIES PVT. LTD,SUN SECURITIES PVT LTD,2026-04-17 11:36:39.247252,National Hydro Power Company Limited
2026041704003280,NHPC,85,64,500,315.0,157500.0,2026-04-17,186786350,152,Capital Hub P. Ltd,SUN SECURITIES PVT LTD,2026-04-17 11:36:39.247335,National Hydro Power Company Limited
2026041704003281,NHPC,49,64,60,315.0,18900.0,2026-04-17,186786352,152,Online Securities Pvt. Ltd.,SUN SECURITIES PVT LTD,2026-04-17 11:36:39.247403,National Hydro Power Company Limited
2026041704003282,NHPC,14,64,100,315.0,31500.0,2026-04-17,186786354,152,Nepal Stock House (PVT) Ltd.,SUN SECURITIES PVT LTD,2026-04-17 11:36:39.247474,National Hydro Power Company Limited
2026041704003283,NHPC,58,64,160,315.0,50400.0,2026-04-17,186786356,152,Naasa Securities Co. Ltd.,SUN SECURITIES PVT LTD,2026-04-17 11:36:39.247545,National Hydro Power Company Limited
2026041704003284,NHPC,100,64,1500,315.0,472500.0,2026-04-17,186786358,152,Sunrise Securities Limited,SUN SECURITIES PVT LTD,2026-04-17 11:36:39.247607,National Hydro Power Company Limited
2026041704003285,NHPC,49,64,600,315.0,189000.0,2026-04-17,186786360,152,Online Securities Pvt. Ltd.,SUN SECURITIES PVT LTD,2026-04-17 11:36:39.247676,National Hydro Power Company Limited
2026041704003286,NHPC,62,64,1000,315.0,315000.0,2026-04-17,186786362,152,Capital Max Securities Ltd,SUN SECURITIES PVT LTD,2026-04-17 11:36:39.247746,National Hydro Power Company Limited
2026041704003287,NHPC,32,64,200,315.0,63000.0,2026-04-17,186786364,152,Premier Securities Company Ltd.,SUN SECURITIES PVT LTD,2026-04-17 11:36:39.247824,National Hydro Power Company Limited
2026041704003288,NHPC,35,64,50,315.0,15750.0,2026-04-17,186786366,152,Kohinoor Investment & Securities Pvt. Ltd.,SUN SECURITIES PVT LTD,2026-04-17 11:36:39.247881,National Hydro Power Company Limited
2026041704003289,NHPC,71,64,2000,315.0,630000.0,2026-04-17,186786368,152,SHUBHAKAMANA SECURITIES PVT. LTD,SUN SECURITIES PVT LTD,2026-04-17 11:36:39.247941,National Hydro Power Company Limited
2026041704003290,NHPC,58,64,150,315.0,47250.0,2026-04-17,186786370,152,Naasa Securities Co. Ltd.,SUN SECURITIES PVT LTD,2026-04-17 11:36:39.248011,National Hydro Power Company Limited
2026041704003291,NHPC,42,64,300,315.0,94500.0,2026-04-17,186786372,152,Sani Securities Company Ltd.,SUN SECURITIES PVT LTD,2026-04-17 11:36:39.248081,National Hydro Power Company Limited
2026041704003292,NHPC,38,64,100,314.9,31490.0,2026-04-17,186786374,152,Dipshikha Dhitopatra Karobar Co. Pvt Ltd.,SUN SECURITIES PVT LTD,2026-04-17 11:36:39.248151,National Hydro Power Company Limited
2026041704003293,NHPC,22,64,79,314.5,24845.5,2026-04-17,186786376,152,Siprabi Securities Pvt. Ltd.,SUN SECURITIES PVT LTD,2026-04-17 11:36:39.248229,National Hydro Power Company Limited
2026041704003294,NHPC,11,64,200,314.3,62860.0,2026-04-17,186786378,152,Malla & Malla Stock Broking Company Pvt. Limited,SUN SECURITIES PVT LTD,2026-04-17 11:36:39.248310,National Hydro Power Company Limited
2026041704003295,NHPC,45,64,500,314.3,157150.0,2026-04-17,186786380,152,Imperial Securities Company Pvt. Ltd.,SUN SECURITIES PVT LTD,2026-04-17 11:36:39.248430,National Hydro Power Company Limited
2026041704003296,NHPC,75,64,1479,314.1,464553.9,2026-04-17,186786381,152,N.I.M.B. Stock Markets Limited,SUN SECURITIES PVT LTD,2026-04-17 11:36:39.248544,National Hydro Power Company Limited
2026041704003298,NHPC,45,28,170,316.0,53720.0,2026-04-17,186786441,152,Imperial Securities Company Pvt. Ltd.,Shree Krishna Securities Ltd.,2026-04-17 11:36:44.240174,National Hydro Power Company Limited
2026041704003308,NHPC,45,25,130,316.0,41080.0,2026-04-17,186786576,152,Imperial Securities Company Pvt. Ltd.,Sweta Securities Private Limited,2026-04-17 11:36:56.587223,National Hydro Power Company Limited
2026041704003309,NHPC,21,25,32,315.7,10102.4,2026-04-17,186786578,152,Midas Stock Broking Company Private Limited,Sweta Securities Private Limited,2026-04-17 11:36:56.587621,National Hydro Power Company Limited
2026041704003323,NHPC,21,25,20,315.7,6314.0,2026-04-17,186786736,152,Midas Stock Broking Company Private Limited,Sweta Securities Private Limited,2026-04-17 11:37:17.853521,National Hydro Power Company Limited
2026041704003344,NHPC,17,64,2000,315.0,630000.0,2026-04-17,186786899,152,ABC Securities Private Limited,SUN SECURITIES PVT LTD,2026-04-17 11:37:29.545871,National Hydro Power Company Limited
2026041704003356,NHPC,16,6,400,314.3,125720.0,2026-04-17,186787011,152,Primo Securities (PVT) Ltd.,Agrawal Securities (PVT) Ltd.,2026-04-17 11:37:35.967392,National Hydro Power Company Limited
2026041704003364,NHPC,16,58,100,314.3,31430.0,2026-04-17,186787129,152,Primo Securities (PVT) Ltd.,Naasa Securities Co. Ltd.,2026-04-17 11:37:47.970790,National Hydro Power Company Limited
2026041704003374,NHPC,62,58,108,314.4,33955.2,2026-04-17,186787271,152,Capital Max Securities Ltd,Naasa Securities Co. Ltd.,2026-04-17 11:37:59.899162,National Hydro Power Company Limited
2026041704003381,NHPC,62,48,392,314.4,123244.8,2026-04-17,186787326,152,Capital Max Securities Ltd,Trishakti Securities Public Limited,2026-04-17 11:38:06.001732,National Hydro Power Company Limited
2026041704003382,NHPC,36,48,500,314.4,157200.0,2026-04-17,186787328,152,Secured Securities Ltd.,Trishakti Securities Public Limited,2026-04-17 11:38:06.001792,National Hydro Power Company Limited
2026041704003383,NHPC,58,48,100,314.4,31440.0,2026-04-17,186787330,152,Naasa Securities Co. Ltd.,Trishakti Securities Public Limited,2026-04-17 11:38:06.001819,National Hydro Power Company Limited
2026041704003384,NHPC,60,48,500,314.3,157150.0,2026-04-17,186787332,152,Nagarik Stock Dealer ,Trishakti Securities Public Limited,2026-04-17 11:38:06.001844,National Hydro Power Company Limited
2026041704003385,NHPC,42,48,200,314.2,62840.0,2026-04-17,186787334,152,Sani Securities Company Ltd.,Trishakti Securities Public Limited,2026-04-17 11:38:06.001867,National Hydro Power Company Limited
2026041704003386,NHPC,71,48,1000,314.2,314200.0,2026-04-17,186787336,152,SHUBHAKAMANA SECURITIES PVT. LTD,Trishakti Securities Public Limited,2026-04-17 11:38:06.001891,National Hydro Power Company Limited
2026041704003387,NHPC,58,48,500,314.2,157100.0,2026-04-17,186787338,152,Naasa Securities Co. Ltd.,Trishakti Securities Public Limited,2026-04-17 11:38:06.001924,National Hydro Power Company Limited
2026041704003388,NHPC,42,48,100,314.2,31420.0,2026-04-17,186787340,152,Sani Securities Company Ltd.,Trishakti Securities Public Limited,2026-04-17 11:38:06.001947,National Hydro Power Company Limited
2026041704003389,NHPC,4,48,20,314.2,6284.0,2026-04-17,186787342,152,Opal Securities Investment (PVT) Ltd.,Trishakti Securities Public Limited,2026-04-17 11:38:06.001968,National Hydro Power Company Limited
2026041704003390,NHPC,75,48,1021,314.1,320696.1,2026-04-17,186787344,152,N.I.M.B. Stock Markets Limited,Trishakti Securities Public Limited,2026-04-17 11:38:06.001991,National Hydro Power Company Limited
2026041704003391,NHPC,58,48,100,314.1,31410.0,2026-04-17,186787346,152,Naasa Securities Co. Ltd.,Trishakti Securities Public Limited,2026-04-17 11:38:06.002015,National Hydro Power Company Limited
2026041704003392,NHPC,45,48,567,314.1,178094.7,2026-04-17,186787347,152,Imperial Securities Company Pvt. Ltd.,Trishakti Securities Public Limited,2026-04-17 11:38:06.002041,National Hydro Power Company Limited
2026041704003405,NHPC,66,25,200,315.7,63140.0,2026-04-17,186787454,152,Miyo Securities Pvt Ltd,Sweta Securities Private Limited,2026-04-17 11:38:12.462051,National Hydro Power Company Limited
2026041704003447,NHPC,91,58,200,315.0,63000.0,2026-04-17,186788044,152,Citizens Share Broker Limited,Naasa Securities Co. Ltd.,2026-04-17 11:38:58.691693,National Hydro Power Company Limited
2026041704003448,NHPC,13,58,500,314.6,157300.0,2026-04-17,186788046,152,Thrive Brokerage House Pvt. Ltd,Naasa Securities Co. Ltd.,2026-04-17 11:38:58.692551,National Hydro Power Company Limited
2026041704003449,NHPC,68,58,1000,314.5,314500.0,2026-04-17,186788048,152,Elite Stock House Limited,Naasa Securities Co. Ltd.,2026-04-17 11:38:58.693158,National Hydro Power Company Limited
2026041704003450,NHPC,75,58,1500,314.5,471750.0,2026-04-17,186788050,152,N.I.M.B. Stock Markets Limited,Naasa Securities Co. Ltd.,2026-04-17 11:38:58.693767,National Hydro Power Company Limited
2026041704003451,NHPC,62,58,500,314.4,157200.0,2026-04-17,186788052,152,Capital Max Securities Ltd,Naasa Securities Co. Ltd.,2026-04-17 11:38:58.694387,National Hydro Power Company Limited
2026041704003452,NHPC,47,58,20,314.4,6288.0,2026-04-17,186788054,152,Neev Securities Pvt. Ltd.,Naasa Securities Co. Ltd.,2026-04-17 11:38:58.694983,National Hydro Power Company Limited
2026041704003453,NHPC,96,58,500,314.4,157200.0,2026-04-17,186788056,152,Himalayan Securities Limited,Naasa Securities Co. Ltd.,2026-04-17 11:38:58.695564,National Hydro Power Company Limited
2026041704003454,NHPC,18,58,500,314.3,157150.0,2026-04-17,186788058,152,Sagarmatha Securities Private Limited,Naasa Securities Co. Ltd.,2026-04-17 11:38:58.696165,National Hydro Power Company Limited
2026041704003455,NHPC,28,58,840,314.3,264012.0,2026-04-17,186788059,152,Shree Krishna Securities Ltd.,Naasa Securities Co. Ltd.,2026-04-17 11:38:58.696777,National Hydro Power Company Limited
2026041704003470,NHPC,63,25,50,315.7,15785.0,2026-04-17,186788260,152,Himalayan Brokerage Company Limited,Sweta Securities Private Limited,2026-04-17 11:39:14.499419,National Hydro Power Company Limited
2026041704003486,NHPC,56,45,200,315.0,63000.0,2026-04-17,186788514,152,Sri Hari Securities Pvt. Ltd.,Imperial Securities Company Pvt. Ltd.,2026-04-17 11:39:31.719633,National Hydro Power Company Limited
2026041704003506,NHPC,49,45,800,315.0,252000.0,2026-04-17,186788720,152,Online Securities Pvt. Ltd.,Imperial Securities Company Pvt. Ltd.,2026-04-17 11:39:48.832420,National Hydro Power Company Limited
2026041704003507,NHPC,35,26,100,315.0,31500.0,2026-04-17,186788730,152,Kohinoor Investment & Securities Pvt. Ltd.,Asian Securities Private Ltd.,2026-04-17 11:39:49.175854,National Hydro Power Company Limited
2026041704003508,NHPC,35,26,300,315.0,94500.0,2026-04-17,186788744,152,Kohinoor Investment & Securities Pvt. Ltd.,Asian Securities Private Ltd.,2026-04-17 11:39:51.460205,National Hydro Power Company Limited
2026041704003509,NHPC,58,26,400,315.0,126000.0,2026-04-17,186788749,152,Naasa Securities Co. Ltd.,Asian Securities Private Ltd.,2026-04-17 11:39:51.708786,National Hydro Power Company Limited
2026041704003522,NHPC,34,25,68,315.7,21467.6,2026-04-17,186789115,152,Vision Securities Pvt. Ltd,Sweta Securities Private Limited,2026-04-17 11:40:12.424401,National Hydro Power Company Limited
2026041704003523,NHPC,34,38,32,316.0,10112.0,2026-04-17,186789118,152,Vision Securities Pvt. Ltd,Dipshikha Dhitopatra Karobar Co. Pvt Ltd.,2026-04-17 11:40:12.424490,National Hydro Power Company Limited
2026041704003528,NHPC,66,38,168,316.0,53088.0,2026-04-17,186789281,152,Miyo Securities Pvt Ltd,Dipshikha Dhitopatra Karobar Co. Pvt Ltd.,2026-04-17 11:40:19.922401,National Hydro Power Company Limited
2026041704003529,NHPC,66,51,32,316.0,10112.0,2026-04-17,186789284,152,Miyo Securities Pvt Ltd,Oxford Securities Pvt. Ltd.,2026-04-17 11:40:19.922861,National Hydro Power Company Limited
2026041704003533,NHPC,35,51,20,316.0,6320.0,2026-04-17,186789326,152,Kohinoor Investment & Securities Pvt. Ltd.,Oxford Securities Pvt. Ltd.,2026-04-17 11:40:23.402638,National Hydro Power Company Limited
2026041704003541,NHPC,1,51,148,316.0,46768.0,2026-04-17,186789491,152,Kumari Securities Private Limited,Oxford Securities Pvt. Ltd.,2026-04-17 11:40:35.713177,National Hydro Power Company Limited
2026041704003542,NHPC,1,58,52,316.0,16432.0,2026-04-17,186789494,152,Kumari Securities Private Limited,Naasa Securities Co. Ltd.,2026-04-17 11:40:35.714106,National Hydro Power Company Limited
2026041704003552,NHPC,17,58,17,316.0,5372.0,2026-04-17,186789611,152,ABC Securities Private Limited,Naasa Securities Co. Ltd.,2026-04-17 11:40:43.717868,National Hydro Power Company Limited
2026041704003553,NHPC,17,48,83,316.0,26228.0,2026-04-17,186789614,152,ABC Securities Private Limited,Trishakti Securities Public Limited,2026-04-17 11:40:43.718325,National Hydro Power Company Limited
2026041704003557,NHPC,35,48,67,316.0,21172.0,2026-04-17,186789655,152,Kohinoor Investment & Securities Pvt. Ltd.,Trishakti Securities Public Limited,2026-04-17 11:40:47.089023,National Hydro Power Company Limited
2026041704003558,NHPC,35,36,500,316.0,158000.0,2026-04-17,186789657,152,Kohinoor Investment & Securities Pvt. Ltd.,Secured Securities Ltd.,2026-04-17 11:40:47.089518,National Hydro Power Company Limited
2026041704003566,NHPC,95,17,300,316.8,95040.0,2026-04-17,186789875,152,Magnet Securities and Investment Company Private Limited,ABC Securities Private Limited,2026-04-17 11:41:05.905718,National Hydro Power Company Limited
2026041704003567,NHPC,95,71,1300,316.8,411840.0,2026-04-17,186789877,152,Magnet Securities and Investment Company Private Limited,SHUBHAKAMANA SECURITIES PVT. LTD,2026-04-17 11:41:05.906171,National Hydro Power Company Limited
2026041704003568,NHPC,95,52,800,316.9,253520.0,2026-04-17,186789879,152,Magnet Securities and Investment Company Private Limited,Sundhara Securities Limited,2026-04-17 11:41:05.906405,National Hydro Power Company Limited
2026041704003569,NHPC,95,58,500,316.9,158450.0,2026-04-17,186789881,152,Magnet Securities and Investment Company Private Limited,Naasa Securities Co. Ltd.,2026-04-17 11:41:05.906617,National Hydro Power Company Limited
2026041704003570,NHPC,95,71,600,317.0,190200.0,2026-04-17,186789884,152,Magnet Securities and Investment Company Private Limited,SHUBHAKAMANA SECURITIES PVT. LTD,2026-04-17 11:41:05.906825,National Hydro Power Company Limited
2026041704003571,NHPC,39,58,1200,316.1,379320.0,2026-04-17,186789896,152,Sumeru Securities Pvt. Ltd.,Naasa Securities Co. Ltd.,2026-04-17 11:41:06.656068,National Hydro Power Company Limited
2026041704003572,NHPC,35,58,433,316.0,136828.0,2026-04-17,186789898,152,Kohinoor Investment & Securities Pvt. Ltd.,Naasa Securities Co. Ltd.,2026-04-17 11:41:06.656123,National Hydro Power Company Limited
2026041704003573,NHPC,94,58,300,316.0,94800.0,2026-04-17,186789900,152,K.B.L. Securities Limited ,Naasa Securities Co. Ltd.,2026-04-17 11:41:06.656159,National Hydro Power Company Limited
2026041704003574,NHPC,45,58,1000,315.2,315200.0,2026-04-17,186789902,152,Imperial Securities Company Pvt. Ltd.,Naasa Securities Co. Ltd.,2026-04-17 11:41:06.656183,National Hydro Power Company Limited
2026041704003575,NHPC,91,58,1500,315.2,472800.0,2026-04-17,186789904,152,Citizens Share Broker Limited,Naasa Securities Co. Ltd.,2026-04-17 11:41:06.656205,National Hydro Power Company Limited
2026041704003576,NHPC,56,58,100,315.1,31510.0,2026-04-17,186789906,152,Sri Hari Securities Pvt. Ltd.,Naasa Securities Co. Ltd.,2026-04-17 11:41:06.656228,National Hydro Power Company Limited
2026041704003577,NHPC,36,58,500,315.1,157550.0,2026-04-17,186789908,152,Secured Securities Ltd.,Naasa Securities Co. Ltd.,2026-04-17 11:41:06.656250,National Hydro Power Company Limited
2026041704003578,NHPC,58,58,600,315.0,189000.0,2026-04-17,186789910,152,Naasa Securities Co. Ltd.,Naasa Securities Co. Ltd.,2026-04-17 11:41:06.656275,National Hydro Power Company Limited
2026041704003579,NHPC,19,58,500,315.0,157500.0,2026-04-17,186789912,152,Nepal Investment And Securities Trading Private Limited,Naasa Securities Co. Ltd.,2026-04-17 11:41:06.656307,National Hydro Power Company Limited
2026041704003580,NHPC,35,58,20,315.0,6300.0,2026-04-17,186789914,152,Kohinoor Investment & Securities Pvt. Ltd.,Naasa Securities Co. Ltd.,2026-04-17 11:41:06.656334,National Hydro Power Company Limited
2026041704003581,NHPC,77,58,330,315.0,103950.0,2026-04-17,186789916,152,Nabil Stock Dealer Ltd.,Naasa Securities Co. Ltd.,2026-04-17 11:41:06.656360,National Hydro Power Company Limited
2026041704003582,NHPC,70,58,1000,315.0,315000.0,2026-04-17,186789918,152,Infinity Securities Limited,Naasa Securities Co. Ltd.,2026-04-17 11:41:06.656381,National Hydro Power Company Limited
2026041704003583,NHPC,77,58,300,315.0,94500.0,2026-04-17,186789920,152,Nabil Stock Dealer Ltd.,Naasa Securities Co. Ltd.,2026-04-17 11:41:06.656405,National Hydro Power Company Limited
2026041704003584,NHPC,34,58,1000,315.0,315000.0,2026-04-17,186789922,152,Vision Securities Pvt. Ltd,Naasa Securities Co. Ltd.,2026-04-17 11:41:06.656424,National Hydro Power Company Limited
2026041704003585,NHPC,25,58,100,315.0,31500.0,2026-04-17,186789924,152,Sweta Securities Private Limited,Naasa Securities Co. Ltd.,2026-04-17 11:41:06.656444,National Hydro Power Company Limited
2026041704003586,NHPC,36,58,200,315.0,63000.0,2026-04-17,186789926,152,Secured Securities Ltd.,Naasa Securities Co. Ltd.,2026-04-17 11:41:06.656470,National Hydro Power Company Limited
2026041704003587,NHPC,38,58,200,315.0,63000.0,2026-04-17,186789928,152,Dipshikha Dhitopatra Karobar Co. Pvt Ltd.,Naasa Securities Co. Ltd.,2026-04-17 11:41:06.656495,National Hydro Power Company Limited
2026041704003588,NHPC,69,58,300,315.0,94500.0,2026-04-17,186789930,152,INDEX SECURITIES LIMITED,Naasa Securities Co. Ltd.,2026-04-17 11:41:06.656518,National Hydro Power Company Limited
2026041704003589,NHPC,53,58,462,315.0,145530.0,2026-04-17,186789931,152,Investment Management Nepal Pvt. Ltd.,Naasa Securities Co. Ltd.,2026-04-17 11:41:06.656539,National Hydro Power Company Limited
2026041704003633,NHPC,100,6,10,316.0,3160.0,2026-04-17,186790570,152,Sunrise Securities Limited,Agrawal Securities (PVT) Ltd.,2026-04-17 11:41:58.190339,National Hydro Power Company Limited
2026041704003648,NHPC,13,6,200,316.0,63200.0,2026-04-17,186790674,152,Thrive Brokerage House Pvt. Ltd,Agrawal Securities (PVT) Ltd.,2026-04-17 11:42:05.623494,National Hydro Power Company Limited
2026041704003654,NHPC,42,6,100,316.0,31600.0,2026-04-17,186790714,152,Sani Securities Company Ltd.,Agrawal Securities (PVT) Ltd.,2026-04-17 11:42:10.360869,National Hydro Power Company Limited
2026041704003667,NHPC,35,6,690,316.0,218040.0,2026-04-17,186790823,152,Kohinoor Investment & Securities Pvt. Ltd.,Agrawal Securities (PVT) Ltd.,2026-04-17 11:42:19.273857,National Hydro Power Company Limited
2026041704003696,NHPC,35,29,310,316.0,97960.0,2026-04-17,186791149,152,Kohinoor Investment & Securities Pvt. Ltd.,Trisul Securities & Invt. Ltd.,2026-04-17 11:42:48.819469,National Hydro Power Company Limited
2026041704003744,NHPC,57,49,10,316.0,3160.0,2026-04-17,186792161,152,Aryatara Investment & Securities,Online Securities Pvt. Ltd.,2026-04-17 11:44:01.787899,National Hydro Power Company Limited
2026041704003745,NHPC,57,32,490,316.0,154840.0,2026-04-17,186792164,152,Aryatara Investment & Securities,Premier Securities Company Ltd.,2026-04-17 11:44:01.788456,National Hydro Power Company Limited
2026041704003752,NHPC,62,32,10,316.0,3160.0,2026-04-17,186792251,152,Capital Max Securities Ltd,Premier Securities Company Ltd.,2026-04-17 11:44:10.055470,National Hydro Power Company Limited
2026041704003753,NHPC,62,49,410,316.0,129560.0,2026-04-17,186792253,152,Capital Max Securities Ltd,Online Securities Pvt. Ltd.,2026-04-17 11:44:10.056008,National Hydro Power Company Limited
2026041704003776,NHPC,60,71,200,316.4,63280.0,2026-04-17,186792568,152,Nagarik Stock Dealer ,SHUBHAKAMANA SECURITIES PVT. LTD,2026-04-17 11:44:34.764234,National Hydro Power Company Limited
2026041704003805,NHPC,81,71,1500,316.4,474600.0,2026-04-17,186792752,152,Aakashbhairab Securities Ltd.,SHUBHAKAMANA SECURITIES PVT. LTD,2026-04-17 11:44:50.180344,National Hydro Power Company Limited
2026041704003821,NHPC,17,71,3000,316.4,949200.0,2026-04-17,186792854,152,ABC Securities Private Limited,SHUBHAKAMANA SECURITIES PVT. LTD,2026-04-17 11:44:55.733263,National Hydro Power Company Limited
2026041704003824,NHPC,91,71,300,316.4,94920.0,2026-04-17,186792901,152,Citizens Share Broker Limited,SHUBHAKAMANA SECURITIES PVT. LTD,2026-04-17 11:44:59.397242,National Hydro Power Company Limited
2026041704003826,NHPC,91,32,310,316.5,98115.0,2026-04-17,186793007,152,Citizens Share Broker Limited,Premier Securities Company Ltd.,2026-04-17 11:45:08.971676,National Hydro Power Company Limited
2026041704003827,NHPC,91,32,190,316.5,60135.0,2026-04-17,186793009,152,Citizens Share Broker Limited,Premier Securities Company Ltd.,2026-04-17 11:45:08.972181,National Hydro Power Company Limited
2026041704003833,NHPC,84,29,600,316.9,190140.0,2026-04-17,186793069,152,MILKY WAY SHARE BROKER COMPANY LTD ,Trisul Securities & Invt. Ltd.,2026-04-17 11:45:13.816397,National Hydro Power Company Limited
2026041704003834,NHPC,84,71,4200,317.0,1331400.0,2026-04-17,186793072,152,MILKY WAY SHARE BROKER COMPANY LTD ,SHUBHAKAMANA SECURITIES PVT. LTD,2026-04-17 11:45:13.816915,National Hydro Power Company Limited
2026041704003855,NHPC,70,71,65,317.0,20605.0,2026-04-17,186793439,152,Infinity Securities Limited,SHUBHAKAMANA SECURITIES PVT. LTD,2026-04-17 11:45:46.043605,National Hydro Power Company Limited
2026041704003856,NHPC,70,7,150,317.0,47550.0,2026-04-17,186793441,152,Infinity Securities Limited,J.F. Securites (PVT) Ltd.,2026-04-17 11:45:46.044641,National Hydro Power Company Limited
2026041704003857,NHPC,70,57,435,317.0,137895.0,2026-04-17,186793443,152,Infinity Securities Limited,Aryatara Investment & Securities,2026-04-17 11:45:46.045385,National Hydro Power Company Limited
2026041704003872,NHPC,70,42,587,317.0,186079.0,2026-04-17,186793703,152,Infinity Securities Limited,Sani Securities Company Ltd.,2026-04-17 11:46:05.478498,National Hydro Power Company Limited
2026041704003886,NHPC,32,71,70,317.1,22197.0,2026-04-17,186793956,152,Premier Securities Company Ltd.,SHUBHAKAMANA SECURITIES PVT. LTD,2026-04-17 11:46:29.902199,National Hydro Power Company Limited
2026041704003893,NHPC,59,71,500,317.1,158550.0,2026-04-17,186794032,152,Deevyaa Securities & Stock House Pvt. Ltd,SHUBHAKAMANA SECURITIES PVT. LTD,2026-04-17 11:46:36.592903,National Hydro Power Company Limited
2026041704003910,NHPC,70,58,473,317.0,149941.0,2026-04-17,186794299,152,Infinity Securities Limited,Naasa Securities Co. Ltd.,2026-04-17 11:47:07.665069,National Hydro Power Company Limited
2026041704003911,NHPC,62,71,1000,317.1,317100.0,2026-04-17,186794310,152,Capital Max Securities Ltd,SHUBHAKAMANA SECURITIES PVT. LTD,2026-04-17 11:47:08.754504,National Hydro Power Company Limited
2026041704003916,NHPC,70,29,290,317.0,91930.0,2026-04-17,186794358,152,Infinity Securities Limited,Trisul Securities & Invt. Ltd.,2026-04-17 11:47:12.968809,National Hydro Power Company Limited
2026041704003926,NHPC,59,29,445,317.0,141065.0,2026-04-17,186794437,152,Deevyaa Securities & Stock House Pvt. Ltd,Trisul Securities & Invt. Ltd.,2026-04-17 11:47:22.145292,National Hydro Power Company Limited
2026041704003928,NHPC,59,58,55,317.0,17435.0,2026-04-17,186794498,152,Deevyaa Securities & Stock House Pvt. Ltd,Naasa Securities Co. Ltd.,2026-04-17 11:47:28.772040,National Hydro Power Company Limited
2026041704003929,NHPC,58,58,255,317.0,80835.0,2026-04-17,186794499,152,Naasa Securities Co. Ltd.,Naasa Securities Co. Ltd.,2026-04-17 11:47:28.773100,National Hydro Power Company Limited
2026041704003933,NHPC,58,57,145,317.0,45965.0,2026-04-17,186794538,152,Naasa Securities Co. Ltd.,Aryatara Investment & Securities,2026-04-17 11:47:32.295713,National Hydro Power Company Limited
2026041704003934,NHPC,91,71,200,316.5,63300.0,2026-04-17,186794540,152,Citizens Share Broker Limited,SHUBHAKAMANA SECURITIES PVT. LTD,2026-04-17 11:47:32.550627,National Hydro Power Company Limited
2026041704003935,NHPC,66,71,600,316.5,189900.0,2026-04-17,186794541,152,Miyo Securities Pvt Ltd,SHUBHAKAMANA SECURITIES PVT. LTD,2026-04-17 11:47:32.551172,National Hydro Power Company Limited
2026041704003939,NHPC,66,71,2200,316.5,696300.0,2026-04-17,186794672,152,Miyo Securities Pvt Ltd,SHUBHAKAMANA SECURITIES PVT. LTD,2026-04-17 11:47:39.783641,National Hydro Power Company Limited
2026041704003940,NHPC,36,71,1300,316.5,411450.0,2026-04-17,186794674,152,Secured Securities Ltd.,SHUBHAKAMANA SECURITIES PVT. LTD,2026-04-17 11:47:39.784640,National Hydro Power Company Limited
2026041704003941,NHPC,36,71,10,316.4,3164.0,2026-04-17,186794676,152,Secured Securities Ltd.,SHUBHAKAMANA SECURITIES PVT. LTD,2026-04-17 11:47:39.785408,National Hydro Power Company Limited
2026041704003942,NHPC,58,71,10,316.0,3160.0,2026-04-17,186794678,152,Naasa Securities Co. Ltd.,SHUBHAKAMANA SECURITIES PVT. LTD,2026-04-17 11:47:39.786125,National Hydro Power Company Limited
2026041704003943,NHPC,6,71,250,316.0,79000.0,2026-04-17,186794680,152,Agrawal Securities (PVT) Ltd.,SHUBHAKAMANA SECURITIES PVT. LTD,2026-04-17 11:47:39.786846,National Hydro Power Company Limited
2026041704003944,NHPC,49,71,990,316.0,312840.0,2026-04-17,186794682,152,Online Securities Pvt. Ltd.,SHUBHAKAMANA SECURITIES PVT. LTD,2026-04-17 11:47:39.787593,National Hydro Power Company Limited
2026041704003945,NHPC,58,71,45,316.0,14220.0,2026-04-17,186794684,152,Naasa Securities Co. Ltd.,SHUBHAKAMANA SECURITIES PVT. LTD,2026-04-17 11:47:39.788296,National Hydro Power Company Limited
2026041704003946,NHPC,58,71,195,316.0,61620.0,2026-04-17,186794685,152,Naasa Securities Co. Ltd.,SHUBHAKAMANA SECURITIES PVT. LTD,2026-04-17 11:47:39.788995,National Hydro Power Company Limited
2026041704003963,NHPC,25,57,38,317.0,12046.0,2026-04-17,186794908,152,Sweta Securities Private Limited,Aryatara Investment & Securities,2026-04-17 11:47:55.139262,National Hydro Power Company Limited
2026041704003972,NHPC,63,57,17,317.0,5389.0,2026-04-17,186795039,152,Himalayan Brokerage Company Limited,Aryatara Investment & Securities,2026-04-17 11:48:06.046036,National Hydro Power Company Limited
2026041704003973,NHPC,63,34,333,317.0,105561.0,2026-04-17,186795042,152,Himalayan Brokerage Company Limited,Vision Securities Pvt. Ltd,2026-04-17 11:48:06.046553,National Hydro Power Company Limited
2026041704003974,NHPC,32,34,17,317.0,5389.0,2026-04-17,186795053,152,Premier Securities Company Ltd.,Vision Securities Pvt. Ltd,2026-04-17 11:48:07.906519,National Hydro Power Company Limited
2026041704003975,NHPC,32,49,33,317.0,10461.0,2026-04-17,186795056,152,Premier Securities Company Ltd.,Online Securities Pvt. Ltd.,2026-04-17 11:48:07.907162,National Hydro Power Company Limited
2026041704003986,NHPC,81,49,300,317.0,95100.0,2026-04-17,186795112,152,Aakashbhairab Securities Ltd.,Online Securities Pvt. Ltd.,2026-04-17 11:48:12.262261,National Hydro Power Company Limited
2026041704004010,NHPC,98,45,100,316.1,31610.0,2026-04-17,186795275,152,Trademow Securities Private Limited,Imperial Securities Company Pvt. Ltd.,2026-04-17 11:48:21.691337,National Hydro Power Company Limited
2026041704004032,NHPC,32,49,20,317.0,6340.0,2026-04-17,186795546,152,Premier Securities Company Ltd.,Online Securities Pvt. Ltd.,2026-04-17 11:48:45.823079,National Hydro Power Company Limited
2026041704004049,NHPC,48,49,187,317.0,59279.0,2026-04-17,186795733,152,Trishakti Securities Public Limited,Online Securities Pvt. Ltd.,2026-04-17 11:48:58.833226,National Hydro Power Company Limited
2026041704004050,NHPC,48,71,313,317.0,99221.0,2026-04-17,186795736,152,Trishakti Securities Public Limited,SHUBHAKAMANA SECURITIES PVT. LTD,2026-04-17 11:48:58.834289,National Hydro Power Company Limited
2026041704004081,NHPC,35,71,1000,317.0,317000.0,2026-04-17,186795894,152,Kohinoor Investment & Securities Pvt. Ltd.,SHUBHAKAMANA SECURITIES PVT. LTD,2026-04-17 11:49:10.264146,National Hydro Power Company Limited
2026041704004092,NHPC,96,71,3687,317.0,1168779.0,2026-04-17,186795997,152,Himalayan Securities Limited,SHUBHAKAMANA SECURITIES PVT. LTD,2026-04-17 11:49:18.575789,National Hydro Power Company Limited
2026041704004093,NHPC,96,45,89,317.0,28213.0,2026-04-17,186795999,152,Himalayan Securities Limited,Imperial Securities Company Pvt. Ltd.,2026-04-17 11:49:18.576831,National Hydro Power Company Limited
2026041704004094,NHPC,96,14,740,317.0,234580.0,2026-04-17,186796001,152,Himalayan Securities Limited,Nepal Stock House (PVT) Ltd.,2026-04-17 11:49:18.577577,National Hydro Power Company Limited
2026041704004099,NHPC,96,58,24,317.0,7608.0,2026-04-17,186796060,152,Himalayan Securities Limited,Naasa Securities Co. Ltd.,2026-04-17 11:49:23.286554,National Hydro Power Company Limited
2026041704004104,NHPC,96,71,430,317.1,136353.0,2026-04-17,186796104,152,Himalayan Securities Limited,SHUBHAKAMANA SECURITIES PVT. LTD,2026-04-17 11:49:29.322278,National Hydro Power Company Limited
2026041704004105,NHPC,96,71,2000,317.8,635600.0,2026-04-17,186796107,152,Himalayan Securities Limited,SHUBHAKAMANA SECURITIES PVT. LTD,2026-04-17 11:49:29.322798,National Hydro Power Company Limited
2026041704004130,NHPC,96,65,1030,317.8,327334.0,2026-04-17,186796288,152,Himalayan Securities Limited,Sharepro Securities Private Limited,2026-04-17 11:49:42.354962,National Hydro Power Company Limited
2026041704004139,NHPC,28,65,160,317.8,50848.0,2026-04-17,186796436,152,Shree Krishna Securities Ltd.,Sharepro Securities Private Limited,2026-04-17 11:49:54.387681,National Hydro Power Company Limited
2026041704004141,NHPC,38,65,20,317.8,6356.0,2026-04-17,186796446,152,Dipshikha Dhitopatra Karobar Co. Pvt Ltd.,Sharepro Securities Private Limited,2026-04-17 11:49:54.826016,National Hydro Power Company Limited
2026041704004166,NHPC,7,65,100,317.0,31700.0,2026-04-17,186796738,152,J.F. Securites (PVT) Ltd.,Sharepro Securities Private Limited,2026-04-17 11:50:27.596960,National Hydro Power Company Limited
2026041704004167,NHPC,42,65,1000,316.5,316500.0,2026-04-17,186796740,152,Sani Securities Company Ltd.,Sharepro Securities Private Limited,2026-04-17 11:50:27.597489,National Hydro Power Company Limited
2026041704004168,NHPC,39,65,300,316.2,94860.0,2026-04-17,186796742,152,Sumeru Securities Pvt. Ltd.,Sharepro Securities Private Limited,2026-04-17 11:50:27.597782,National Hydro Power Company Limited
2026041704004169,NHPC,96,65,201,316.1,63536.1,2026-04-17,186796744,152,Himalayan Securities Limited,Sharepro Securities Private Limited,2026-04-17 11:50:27.598059,National Hydro Power Company Limited
2026041704004170,NHPC,58,65,399,316.0,126084.0,2026-04-17,186796745,152,Naasa Securities Co. Ltd.,Sharepro Securities Private Limited,2026-04-17 11:50:27.598308,National Hydro Power Company Limited
2026041704004185,NHPC,58,65,406,316.0,128296.0,2026-04-17,186796846,152,Naasa Securities Co. Ltd.,Sharepro Securities Private Limited,2026-04-17 11:50:40.525192,National Hydro Power Company Limited
2026041704004186,NHPC,49,65,384,316.0,121344.0,2026-04-17,186796847,152,Online Securities Pvt. Ltd.,Sharepro Securities Private Limited,2026-04-17 11:50:40.526220,National Hydro Power Company Limited
2026041704004187,NHPC,49,74,486,316.0,153576.0,2026-04-17,186796854,152,Online Securities Pvt. Ltd.,KALASH STOCK MARKET PVT. LTD.,2026-04-17 11:50:41.566879,National Hydro Power Company Limited
2026041704004188,NHPC,48,74,514,316.0,162424.0,2026-04-17,186796855,152,Trishakti Securities Public Limited,KALASH STOCK MARKET PVT. LTD.,2026-04-17 11:50:41.566948,National Hydro Power Company Limited
2026041704004242,NHPC,48,62,486,316.0,153576.0,2026-04-17,186797296,152,Trishakti Securities Public Limited,Capital Max Securities Ltd,2026-04-17 11:51:17.939246,National Hydro Power Company Limited
2026041704004243,NHPC,58,62,225,315.9,71077.5,2026-04-17,186797298,152,Naasa Securities Co. Ltd.,Capital Max Securities Ltd,2026-04-17 11:51:17.939778,National Hydro Power Company Limited
2026041704004244,NHPC,94,62,2000,315.8,631600.0,2026-04-17,186797300,152,K.B.L. Securities Limited ,Capital Max Securities Ltd,2026-04-17 11:51:17.940107,National Hydro Power Company Limited
2026041704004245,NHPC,59,62,70,315.6,22092.0,2026-04-17,186797302,152,Deevyaa Securities & Stock House Pvt. Ltd,Capital Max Securities Ltd,2026-04-17 11:51:17.940464,National Hydro Power Company Limited
2026041704004246,NHPC,42,62,31,315.6,9783.6,2026-04-17,186797304,152,Sani Securities Company Ltd.,Capital Max Securities Ltd,2026-04-17 11:51:17.940765,National Hydro Power Company Limited
2026041704004247,NHPC,6,62,100,315.4,31540.0,2026-04-17,186797306,152,Agrawal Securities (PVT) Ltd.,Capital Max Securities Ltd,2026-04-17 11:51:17.941075,National Hydro Power Company Limited
2026041704004248,NHPC,63,62,1000,315.3,315300.0,2026-04-17,186797308,152,Himalayan Brokerage Company Limited,Capital Max Securities Ltd,2026-04-17 11:51:17.941409,National Hydro Power Company Limited
2026041704004249,NHPC,17,62,88,315.1,27728.8,2026-04-17,186797309,152,ABC Securities Private Limited,Capital Max Securities Ltd,2026-04-17 11:51:17.941668,National Hydro Power Company Limited
2026041704004250,NHPC,41,45,100,317.0,31700.0,2026-04-17,186797319,152,Linch Stock Market Ltd.,Imperial Securities Company Pvt. Ltd.,2026-04-17 11:51:18.861085,National Hydro Power Company Limited
2026041704004251,NHPC,41,80,40,317.0,12680.0,2026-04-17,186797321,152,Linch Stock Market Ltd.,Indira securities pvt. ltd,2026-04-17 11:51:18.862141,National Hydro Power Company Limited
2026041704004252,NHPC,41,17,10,317.0,3170.0,2026-04-17,186797324,152,Linch Stock Market Ltd.,ABC Securities Private Limited,2026-04-17 11:51:18.862908,National Hydro Power Company Limited
2026041704004268,NHPC,77,17,990,317.0,313830.0,2026-04-17,186797539,152,Nabil Stock Dealer Ltd.,ABC Securities Private Limited,2026-04-17 11:51:32.097255,National Hydro Power Company Limited
2026041704004269,NHPC,77,71,2010,317.0,637170.0,2026-04-17,186797542,152,Nabil Stock Dealer Ltd.,SHUBHAKAMANA SECURITIES PVT. LTD,2026-04-17 11:51:32.098299,National Hydro Power Company Limited
2026041704004475,NHPC,42,42,100,316.0,31600.0,2026-04-17,186799114,152,Sani Securities Company Ltd.,Sani Securities Company Ltd.,2026-04-17 11:53:33.315959,National Hydro Power Company Limited
2026041704004476,NHPC,14,42,400,315.3,126120.0,2026-04-17,186799115,152,Nepal Stock House (PVT) Ltd.,Sani Securities Company Ltd.,2026-04-17 11:53:33.316486,National Hydro Power Company Limited
2026041704004516,NHPC,14,35,1100,315.3,346830.0,2026-04-17,186799448,152,Nepal Stock House (PVT) Ltd.,Kohinoor Investment & Securities Pvt. Ltd.,2026-04-17 11:54:09.590941,National Hydro Power Company Limited
2026041704004517,NHPC,36,35,150,315.3,47295.0,2026-04-17,186799450,152,Secured Securities Ltd.,Kohinoor Investment & Securities Pvt. Ltd.,2026-04-17 11:54:09.591586,National Hydro Power Company Limited
2026041704004518,NHPC,36,35,500,315.2,157600.0,2026-04-17,186799452,152,Secured Securities Ltd.,Kohinoor Investment & Securities Pvt. Ltd.,2026-04-17 11:54:09.591878,National Hydro Power Company Limited
2026041704004519,NHPC,51,35,300,315.2,94560.0,2026-04-17,186799454,152,Oxford Securities Pvt. Ltd.,Kohinoor Investment & Securities Pvt. Ltd.,2026-04-17 11:54:09.592168,National Hydro Power Company Limited
2026041704004520,NHPC,17,35,1412,315.1,444921.2,2026-04-17,186799456,152,ABC Securities Private Limited,Kohinoor Investment & Securities Pvt. Ltd.,2026-04-17 11:54:09.592453,National Hydro Power Company Limited
2026041704004521,NHPC,62,35,1538,315.1,484623.8,2026-04-17,186799457,152,Capital Max Securities Ltd,Kohinoor Investment & Securities Pvt. Ltd.,2026-04-17 11:54:09.592734,National Hydro Power Company Limited
2026041704004525,NHPC,62,71,2462,315.1,775776.2,2026-04-17,186799515,152,Capital Max Securities Ltd,SHUBHAKAMANA SECURITIES PVT. LTD,2026-04-17 11:54:11.782782,National Hydro Power Company Limited
2026041704004526,NHPC,86,71,500,315.1,157550.0,2026-04-17,186799517,152,Stoxkarts Securities Limited,SHUBHAKAMANA SECURITIES PVT. LTD,2026-04-17 11:54:11.783866,National Hydro Power Company Limited
2026041704004527,NHPC,53,71,38,315.0,11970.0,2026-04-17,186799519,152,Investment Management Nepal Pvt. Ltd.,SHUBHAKAMANA SECURITIES PVT. LTD,2026-04-17 11:54:11.784651,National Hydro Power Company Limited
2026041704004528,NHPC,74,71,10,315.0,3150.0,2026-04-17,186799521,152,KALASH STOCK MARKET PVT. LTD.,SHUBHAKAMANA SECURITIES PVT. LTD,2026-04-17 11:54:11.785440,National Hydro Power Company Limited
2026041704004529,NHPC,58,71,100,315.0,31500.0,2026-04-17,186799523,152,Naasa Securities Co. Ltd.,SHUBHAKAMANA SECURITIES PVT. LTD,2026-04-17 11:54:11.786195,National Hydro Power Company Limited
2026041704004530,NHPC,39,71,100,315.0,31500.0,2026-04-17,186799525,152,Sumeru Securities Pvt. Ltd.,SHUBHAKAMANA SECURITIES PVT. LTD,2026-04-17 11:54:11.786956,National Hydro Power Company Limited
2026041704004531,NHPC,3,71,1000,315.0,315000.0,2026-04-17,186799527,152,Arun Securities (PVT) Ltd.,SHUBHAKAMANA SECURITIES PVT. LTD,2026-04-17 11:54:11.787727,National Hydro Power Company Limited
2026041704004532,NHPC,58,71,1000,315.0,315000.0,2026-04-17,186799529,152,Naasa Securities Co. Ltd.,SHUBHAKAMANA SECURITIES PVT. LTD,2026-04-17 11:54:11.788485,National Hydro Power Company Limited
2026041704004533,NHPC,62,71,300,315.0,94500.0,2026-04-17,186799531,152,Capital Max Securities Ltd,SHUBHAKAMANA SECURITIES PVT. LTD,2026-04-17 11:54:11.789229,National Hydro Power Company Limited
2026041704004534,NHPC,6,71,300,315.0,94500.0,2026-04-17,186799533,152,Agrawal Securities (PVT) Ltd.,SHUBHAKAMANA SECURITIES PVT. LTD,2026-04-17 11:54:11.789983,National Hydro Power Company Limited
2026041704004535,NHPC,58,71,5000,315.0,1575000.0,2026-04-17,186799535,152,Naasa Securities Co. Ltd.,SHUBHAKAMANA SECURITIES PVT. LTD,2026-04-17 11:54:11.790745,National Hydro Power Company Limited
2026041704004536,NHPC,49,71,2000,315.0,630000.0,2026-04-17,186799537,152,Online Securities Pvt. Ltd.,SHUBHAKAMANA SECURITIES PVT. LTD,2026-04-17 11:54:11.791523,National Hydro Power Company Limited
2026041704004537,NHPC,71,71,1000,315.0,315000.0,2026-04-17,186799539,152,SHUBHAKAMANA SECURITIES PVT. LTD,SHUBHAKAMANA SECURITIES PVT. LTD,2026-04-17 11:54:11.792257,National Hydro Power Company Limited
2026041704004538,NHPC,48,71,98,315.0,30870.0,2026-04-17,186799541,152,Trishakti Securities Public Limited,SHUBHAKAMANA SECURITIES PVT. LTD,2026-04-17 11:54:11.793012,National Hydro Power Company Limited
2026041704004539,NHPC,32,71,1700,315.0,535500.0,2026-04-17,186799483,152,Premier Securities Company Ltd.,SHUBHAKAMANA SECURITIES PVT. LTD,2026-04-17 11:54:11.793337,National Hydro Power Company Limited
2026041704004540,NHPC,41,71,300,315.0,94500.0,2026-04-17,186799485,152,Linch Stock Market Ltd.,SHUBHAKAMANA SECURITIES PVT. LTD,2026-04-17 11:54:11.793595,National Hydro Power Company Limited
2026041704004541,NHPC,35,71,50,315.0,15750.0,2026-04-17,186799487,152,Kohinoor Investment & Securities Pvt. Ltd.,SHUBHAKAMANA SECURITIES PVT. LTD,2026-04-17 11:54:11.793843,National Hydro Power Company Limited
2026041704004542,NHPC,80,71,1000,315.0,315000.0,2026-04-17,186799489,152,Indira securities pvt. ltd,SHUBHAKAMANA SECURITIES PVT. LTD,2026-04-17 11:54:11.794086,National Hydro Power Company Limited
2026041704004543,NHPC,45,71,5000,315.0,1575000.0,2026-04-17,186799491,152,Imperial Securities Company Pvt. Ltd.,SHUBHAKAMANA SECURITIES PVT. LTD,2026-04-17 11:54:11.794336,National Hydro Power Company Limited
2026041704004544,NHPC,49,71,300,315.0,94500.0,2026-04-17,186799493,152,Online Securities Pvt. Ltd.,SHUBHAKAMANA SECURITIES PVT. LTD,2026-04-17 11:54:11.794581,National Hydro Power Company Limited
2026041704004545,NHPC,60,71,500,315.0,157500.0,2026-04-17,186799495,152,Nagarik Stock Dealer ,SHUBHAKAMANA SECURITIES PVT. LTD,2026-04-17 11:54:11.794839,National Hydro Power Company Limited
2026041704004546,NHPC,58,71,233,315.0,73395.0,2026-04-17,186799497,152,Naasa Securities Co. Ltd.,SHUBHAKAMANA SECURITIES PVT. LTD,2026-04-17 11:54:11.795085,National Hydro Power Company Limited
2026041704004553,NHPC,45,71,100,315.0,31500.0,2026-04-17,186799584,152,Imperial Securities Company Pvt. Ltd.,SHUBHAKAMANA SECURITIES PVT. LTD,2026-04-17 11:54:16.602700,National Hydro Power Company Limited
2026041704004586,NHPC,1,58,150,315.0,47250.0,2026-04-17,186799856,152,Kumari Securities Private Limited,Naasa Securities Co. Ltd.,2026-04-17 11:54:36.034181,National Hydro Power Company Limited
2026041704004656,NHPC,19,6,10,315.5,3155.0,2026-04-17,186800359,152,Nepal Investment And Securities Trading Private Limited,Agrawal Securities (PVT) Ltd.,2026-04-17 11:55:19.563626,National Hydro Power Company Limited
2026041704004663,NHPC,19,42,49,315.5,15459.5,2026-04-17,186800399,152,Nepal Investment And Securities Trading Private Limited,Sani Securities Company Ltd.,2026-04-17 11:55:21.719574,National Hydro Power Company Limited
2026041704004669,NHPC,19,32,41,315.5,12935.5,2026-04-17,186800442,152,Nepal Investment And Securities Trading Private Limited,Premier Securities Company Ltd.,2026-04-17 11:55:26.117673,National Hydro Power Company Limited
2026041704004670,NHPC,43,32,200,315.0,63000.0,2026-04-17,186800444,152,South Asian Bulls Pvt. Ltd.,Premier Securities Company Ltd.,2026-04-17 11:55:26.118182,National Hydro Power Company Limited
2026041704004671,NHPC,22,32,559,315.0,176085.0,2026-04-17,186800445,152,Siprabi Securities Pvt. Ltd.,Premier Securities Company Ltd.,2026-04-17 11:55:26.118445,National Hydro Power Company Limited
2026041704004682,NHPC,22,84,441,315.0,138915.0,2026-04-17,186800486,152,Siprabi Securities Pvt. Ltd.,MILKY WAY SHARE BROKER COMPANY LTD ,2026-04-17 11:55:29.006734,National Hydro Power Company Limited
2026041704004707,NHPC,22,22,185,314.9,58256.5,2026-04-17,186800645,152,Siprabi Securities Pvt. Ltd.,Siprabi Securities Pvt. Ltd.,2026-04-17 11:55:41.193219,National Hydro Power Company Limited
2026041704004722,NHPC,22,42,250,314.9,78725.0,2026-04-17,186800769,152,Siprabi Securities Pvt. Ltd.,Sani Securities Company Ltd.,2026-04-17 11:55:54.021143,National Hydro Power Company Limited
2026041704004723,NHPC,71,84,500,315.0,157500.0,2026-04-17,186800782,152,SHUBHAKAMANA SECURITIES PVT. LTD,MILKY WAY SHARE BROKER COMPANY LTD ,2026-04-17 11:55:55.805942,National Hydro Power Company Limited
2026041704004762,NHPC,58,71,5000,315.0,1575000.0,2026-04-17,186801153,152,Naasa Securities Co. Ltd.,SHUBHAKAMANA SECURITIES PVT. LTD,2026-04-17 11:56:30.198408,National Hydro Power Company Limited
2026041704004763,NHPC,58,58,50,315.0,15750.0,2026-04-17,186801155,152,Naasa Securities Co. Ltd.,Naasa Securities Co. Ltd.,2026-04-17 11:56:30.199504,National Hydro Power Company Limited
2026041704004776,NHPC,58,44,900,315.0,283500.0,2026-04-17,186801317,152,Naasa Securities Co. Ltd.,Dynamic Money Managers Securities Pvt. Ltd.,2026-04-17 11:56:43.412332,National Hydro Power Company Limited
2026041704004838,NHPC,58,42,50,315.0,15750.0,2026-04-17,186801462,152,Naasa Securities Co. Ltd.,Sani Securities Company Ltd.,2026-04-17 11:56:48.058951,National Hydro Power Company Limited
2026041704004839,NHPC,59,42,10,315.0,3150.0,2026-04-17,186801464,152,Deevyaa Securities & Stock House Pvt. Ltd,Sani Securities Company Ltd.,2026-04-17 11:56:48.060060,National Hydro Power Company Limited
2026041704004866,NHPC,48,14,5,308.7,1543.5,2026-04-17,186801711,152,Trishakti Securities Public Limited,Nepal Stock House (PVT) Ltd.,2026-04-17 11:57:06.124659,National Hydro Power Company Limited
2026041704004878,NHPC,60,42,200,315.0,63000.0,2026-04-17,186801840,152,Nagarik Stock Dealer ,Sani Securities Company Ltd.,2026-04-17 11:57:11.140864,National Hydro Power Company Limited
2026041704004910,NHPC,78,42,110,315.0,34650.0,2026-04-17,186802161,152,Garima Securities Limited,Sani Securities Company Ltd.,2026-04-17 11:57:34.379476,National Hydro Power Company Limited
2026041704004911,NHPC,78,7,850,315.0,267750.0,2026-04-17,186802163,152,Garima Securities Limited,J.F. Securites (PVT) Ltd.,2026-04-17 11:57:34.380029,National Hydro Power Company Limited
2026041704004912,NHPC,78,59,40,315.0,12600.0,2026-04-17,186802166,152,Garima Securities Limited,Deevyaa Securities & Stock House Pvt. Ltd,2026-04-17 11:57:34.380329,National Hydro Power Company Limited
2026041704004919,NHPC,22,71,55,314.9,17319.5,2026-04-17,186802243,152,Siprabi Securities Pvt. Ltd.,SHUBHAKAMANA SECURITIES PVT. LTD,2026-04-17 11:57:40.893161,National Hydro Power Company Limited
2026041704004963,NHPC,22,42,510,314.9,160599.0,2026-04-17,186802592,152,Siprabi Securities Pvt. Ltd.,Sani Securities Company Ltd.,2026-04-17 11:58:04.070451,National Hydro Power Company Limited
2026041704004964,NHPC,49,42,290,314.7,91263.0,2026-04-17,186802593,152,Online Securities Pvt. Ltd.,Sani Securities Company Ltd.,2026-04-17 11:58:04.070562,National Hydro Power Company Limited
2026041704004970,NHPC,10,79,29,314.9,9132.1,2026-04-17,186802717,152,Pragyan Securities (PVT) Ltd.,pahiinvestment,2026-04-17 11:58:13.738630,National Hydro Power Company Limited
2026041704004971,NHPC,10,59,91,315.0,28665.0,2026-04-17,186802720,152,Pragyan Securities (PVT) Ltd.,Deevyaa Securities & Stock House Pvt. Ltd,2026-04-17 11:58:13.739184,National Hydro Power Company Limited
2026041704004975,NHPC,49,36,210,314.7,66087.0,2026-04-17,186802744,152,Online Securities Pvt. Ltd.,Secured Securities Ltd.,2026-04-17 11:58:15.871425,National Hydro Power Company Limited
2026041704004976,NHPC,28,36,1000,314.7,314700.0,2026-04-17,186802746,152,Shree Krishna Securities Ltd.,Secured Securities Ltd.,2026-04-17 11:58:15.871950,National Hydro Power Company Limited
2026041704004977,NHPC,51,36,1000,314.6,314600.0,2026-04-17,186802748,152,Oxford Securities Pvt. Ltd.,Secured Securities Ltd.,2026-04-17 11:58:15.872240,National Hydro Power Company Limited
2026041704005020,NHPC,34,58,142,314.5,44659.0,2026-04-17,186803149,152,Vision Securities Pvt. Ltd,Naasa Securities Co. Ltd.,2026-04-17 11:58:44.841091,National Hydro Power Company Limited
2026041704005031,NHPC,34,42,858,314.5,269841.0,2026-04-17,186803218,152,Vision Securities Pvt. Ltd,Sani Securities Company Ltd.,2026-04-17 11:58:53.304888,National Hydro Power Company Limited
2026041704005032,NHPC,56,42,142,314.5,44659.0,2026-04-17,186803219,152,Sri Hari Securities Pvt. Ltd.,Sani Securities Company Ltd.,2026-04-17 11:58:53.305460,National Hydro Power Company Limited
2026041704005041,NHPC,56,84,59,314.5,18555.5,2026-04-17,186803319,152,Sri Hari Securities Pvt. Ltd.,MILKY WAY SHARE BROKER COMPANY LTD ,2026-04-17 11:59:01.388015,National Hydro Power Company Limited
2026041704005092,NHPC,36,57,1250,314.6,393250.0,2026-04-17,186803696,152,Secured Securities Ltd.,Aryatara Investment & Securities,2026-04-17 11:59:24.895051,National Hydro Power Company Limited
2026041704005093,NHPC,56,57,250,314.5,78625.0,2026-04-17,186803697,152,Sri Hari Securities Pvt. Ltd.,Aryatara Investment & Securities,2026-04-17 11:59:24.895658,National Hydro Power Company Limited
2026041704005106,NHPC,56,58,10,314.5,3145.0,2026-04-17,186803833,152,Sri Hari Securities Pvt. Ltd.,Naasa Securities Co. Ltd.,2026-04-17 11:59:34.083495,National Hydro Power Company Limited
2026041704005108,NHPC,56,58,550,314.5,172975.0,2026-04-17,186803841,152,Sri Hari Securities Pvt. Ltd.,Naasa Securities Co. Ltd.,2026-04-17 11:59:35.229830,National Hydro Power Company Limited
2026041704005112,NHPC,57,45,220,314.9,69278.0,2026-04-17,186803930,152,Aryatara Investment & Securities,Imperial Securities Company Pvt. Ltd.,2026-04-17 11:59:40.990656,National Hydro Power Company Limited
2026041704005121,NHPC,47,61,100,314.7,31470.0,2026-04-17,186804008,152,Neev Securities Pvt. Ltd.,BHOLE GANESH SECURITIES LTD,2026-04-17 11:59:47.409360,National Hydro Power Company Limited
2026041704005122,NHPC,56,61,989,314.5,311040.5,2026-04-17,186804010,152,Sri Hari Securities Pvt. Ltd.,BHOLE GANESH SECURITIES LTD,2026-04-17 11:59:47.410562,National Hydro Power Company Limited
2026041704005170,NHPC,58,61,500,314.5,157250.0,2026-04-17,186804250,152,Naasa Securities Co. Ltd.,BHOLE GANESH SECURITIES LTD,2026-04-17 12:00:03.361513,National Hydro Power Company Limited
2026041704005198,NHPC,6,57,35,314.4,11004.0,2026-04-17,186804493,152,Agrawal Securities (PVT) Ltd.,Aryatara Investment & Securities,2026-04-17 12:00:22.365427,National Hydro Power Company Limited
2026041704005201,NHPC,6,42,35,314.4,11004.0,2026-04-17,186804540,152,Agrawal Securities (PVT) Ltd.,Sani Securities Company Ltd.,2026-04-17 12:00:23.556582,National Hydro Power Company Limited
2026041704005202,NHPC,22,42,965,314.4,303396.0,2026-04-17,186804541,152,Siprabi Securities Pvt. Ltd.,Sani Securities Company Ltd.,2026-04-17 12:00:23.557146,National Hydro Power Company Limited
2026041704005205,NHPC,22,64,35,314.4,11004.0,2026-04-17,186804584,152,Siprabi Securities Pvt. Ltd.,SUN SECURITIES PVT LTD,2026-04-17 12:00:28.497039,National Hydro Power Company Limited
2026041704005206,NHPC,28,64,160,314.3,50288.0,2026-04-17,186804586,152,Shree Krishna Securities Ltd.,SUN SECURITIES PVT LTD,2026-04-17 12:00:28.497142,National Hydro Power Company Limited
2026041704005207,NHPC,45,64,1000,314.3,314300.0,2026-04-17,186804588,152,Imperial Securities Company Pvt. Ltd.,SUN SECURITIES PVT LTD,2026-04-17 12:00:28.497220,National Hydro Power Company Limited
2026041704005208,NHPC,85,64,2000,314.3,628600.0,2026-04-17,186804590,152,Capital Hub P. Ltd,SUN SECURITIES PVT LTD,2026-04-17 12:00:28.497296,National Hydro Power Company Limited
2026041704005209,NHPC,75,64,50,314.3,15715.0,2026-04-17,186804592,152,N.I.M.B. Stock Markets Limited,SUN SECURITIES PVT LTD,2026-04-17 12:00:28.497388,National Hydro Power Company Limited
2026041704005210,NHPC,34,64,500,314.2,157100.0,2026-04-17,186804594,152,Vision Securities Pvt. Ltd,SUN SECURITIES PVT LTD,2026-04-17 12:00:28.497465,National Hydro Power Company Limited
2026041704005211,NHPC,58,64,100,314.2,31420.0,2026-04-17,186804596,152,Naasa Securities Co. Ltd.,SUN SECURITIES PVT LTD,2026-04-17 12:00:28.497541,National Hydro Power Company Limited
2026041704005212,NHPC,16,64,500,314.2,157100.0,2026-04-17,186804598,152,Primo Securities (PVT) Ltd.,SUN SECURITIES PVT LTD,2026-04-17 12:00:28.497615,National Hydro Power Company Limited
2026041704005213,NHPC,45,64,1333,314.1,418695.3,2026-04-17,186804600,152,Imperial Securities Company Pvt. Ltd.,SUN SECURITIES PVT LTD,2026-04-17 12:00:28.497690,National Hydro Power Company Limited
2026041704005214,NHPC,87,64,350,314.1,109935.0,2026-04-17,186804602,152,S.P.S.A. Securities Limited,SUN SECURITIES PVT LTD,2026-04-17 12:00:28.497769,National Hydro Power Company Limited
2026041704005215,NHPC,51,64,1000,314.1,314100.0,2026-04-17,186804604,152,Oxford Securities Pvt. Ltd.,SUN SECURITIES PVT LTD,2026-04-17 12:00:28.497838,National Hydro Power Company Limited
2026041704005216,NHPC,14,64,100,314.1,31410.0,2026-04-17,186804606,152,Nepal Stock House (PVT) Ltd.,SUN SECURITIES PVT LTD,2026-04-17 12:00:28.497910,National Hydro Power Company Limited
2026041704005217,NHPC,45,64,26,314.0,8164.0,2026-04-17,186804608,152,Imperial Securities Company Pvt. Ltd.,SUN SECURITIES PVT LTD,2026-04-17 12:00:28.497996,National Hydro Power Company Limited
2026041704005218,NHPC,26,64,7500,314.0,2355000.0,2026-04-17,186804610,152,Asian Securities Private Ltd.,SUN SECURITIES PVT LTD,2026-04-17 12:00:28.498123,National Hydro Power Company Limited
2026041704005219,NHPC,52,64,1000,314.0,314000.0,2026-04-17,186804612,152,Sundhara Securities Limited,SUN SECURITIES PVT LTD,2026-04-17 12:00:28.498231,National Hydro Power Company Limited
2026041704005220,NHPC,39,64,300,314.0,94200.0,2026-04-17,186804614,152,Sumeru Securities Pvt. Ltd.,SUN SECURITIES PVT LTD,2026-04-17 12:00:28.498356,National Hydro Power Company Limited
2026041704005221,NHPC,21,64,100,314.0,31400.0,2026-04-17,186804616,152,Midas Stock Broking Company Private Limited,SUN SECURITIES PVT LTD,2026-04-17 12:00:28.498467,National Hydro Power Company Limited
2026041704005222,NHPC,35,64,50,314.0,15700.0,2026-04-17,186804618,152,Kohinoor Investment & Securities Pvt. Ltd.,SUN SECURITIES PVT LTD,2026-04-17 12:00:28.498577,National Hydro Power Company Limited
2026041704005223,NHPC,49,64,2000,314.0,628000.0,2026-04-17,186804620,152,Online Securities Pvt. Ltd.,SUN SECURITIES PVT LTD,2026-04-17 12:00:28.498688,National Hydro Power Company Limited
2026041704005224,NHPC,35,64,450,314.0,141300.0,2026-04-17,186804622,152,Kohinoor Investment & Securities Pvt. Ltd.,SUN SECURITIES PVT LTD,2026-04-17 12:00:28.498798,National Hydro Power Company Limited
2026041704005225,NHPC,58,64,130,314.0,40820.0,2026-04-17,186804624,152,Naasa Securities Co. Ltd.,SUN SECURITIES PVT LTD,2026-04-17 12:00:28.498935,National Hydro Power Company Limited
2026041704005226,NHPC,35,64,100,314.0,31400.0,2026-04-17,186804626,152,Kohinoor Investment & Securities Pvt. Ltd.,SUN SECURITIES PVT LTD,2026-04-17 12:00:28.498960,National Hydro Power Company Limited
2026041704005227,NHPC,17,64,20,314.0,6280.0,2026-04-17,186804628,152,ABC Securities Private Limited,SUN SECURITIES PVT LTD,2026-04-17 12:00:28.499000,National Hydro Power Company Limited
2026041704005228,NHPC,42,64,500,314.0,157000.0,2026-04-17,186804630,152,Sani Securities Company Ltd.,SUN SECURITIES PVT LTD,2026-04-17 12:00:28.499024,National Hydro Power Company Limited
2026041704005229,NHPC,64,64,200,314.0,62800.0,2026-04-17,186804632,152,SUN SECURITIES PVT LTD,SUN SECURITIES PVT LTD,2026-04-17 12:00:28.499045,National Hydro Power Company Limited
2026041704005230,NHPC,94,64,250,314.0,78500.0,2026-04-17,186804634,152,K.B.L. Securities Limited ,SUN SECURITIES PVT LTD,2026-04-17 12:00:28.499067,National Hydro Power Company Limited
2026041704005231,NHPC,58,64,50,314.0,15700.0,2026-04-17,186804636,152,Naasa Securities Co. Ltd.,SUN SECURITIES PVT LTD,2026-04-17 12:00:28.499094,National Hydro Power Company Limited
2026041704005232,NHPC,42,64,100,314.0,31400.0,2026-04-17,186804638,152,Sani Securities Company Ltd.,SUN SECURITIES PVT LTD,2026-04-17 12:00:28.499118,National Hydro Power Company Limited
2026041704005233,NHPC,45,64,96,314.0,30144.0,2026-04-17,186804639,152,Imperial Securities Company Pvt. Ltd.,SUN SECURITIES PVT LTD,2026-04-17 12:00:28.499142,National Hydro Power Company Limited
2026041704005248,NHPC,52,20,10,314.0,3140.0,2026-04-17,186804706,152,Sundhara Securities Limited,Sipla Securities Private Limited,2026-04-17 12:00:34.525575,National Hydro Power Company Limited
2026041704005249,NHPC,36,20,200,314.0,62800.0,2026-04-17,186804708,152,Secured Securities Ltd.,Sipla Securities Private Limited,2026-04-17 12:00:34.526127,National Hydro Power Company Limited
2026041704005250,NHPC,58,20,10,314.0,3140.0,2026-04-17,186804710,152,Naasa Securities Co. Ltd.,Sipla Securities Private Limited,2026-04-17 12:00:34.526557,National Hydro Power Company Limited
2026041704005251,NHPC,29,20,100,314.0,31400.0,2026-04-17,186804712,152,Trisul Securities & Invt. Ltd.,Sipla Securities Private Limited,2026-04-17 12:00:34.526919,National Hydro Power Company Limited
2026041704005252,NHPC,39,20,100,314.0,31400.0,2026-04-17,186804714,152,Sumeru Securities Pvt. Ltd.,Sipla Securities Private Limited,2026-04-17 12:00:34.527266,National Hydro Power Company Limited
2026041704005253,NHPC,58,20,50,314.0,15700.0,2026-04-17,186804716,152,Naasa Securities Co. Ltd.,Sipla Securities Private Limited,2026-04-17 12:00:34.527702,National Hydro Power Company Limited
2026041704005254,NHPC,26,20,100,314.0,31400.0,2026-04-17,186804718,152,Asian Securities Private Ltd.,Sipla Securities Private Limited,2026-04-17 12:00:34.528116,National Hydro Power Company Limited
2026041704005255,NHPC,4,20,32,314.0,10048.0,2026-04-17,186804720,152,Opal Securities Investment (PVT) Ltd.,Sipla Securities Private Limited,2026-04-17 12:00:34.528502,National Hydro Power Company Limited
2026041704005270,NHPC,71,20,1000,314.0,314000.0,2026-04-17,186804918,152,SHUBHAKAMANA SECURITIES PVT. LTD,Sipla Securities Private Limited,2026-04-17 12:00:43.972242,National Hydro Power Company Limited
2026041704005275,NHPC,51,20,500,314.0,157000.0,2026-04-17,186804976,152,Oxford Securities Pvt. Ltd.,Sipla Securities Private Limited,2026-04-17 12:00:48.632689,National Hydro Power Company Limited
2026041704005306,NHPC,71,20,1000,314.0,314000.0,2026-04-17,186805208,152,SHUBHAKAMANA SECURITIES PVT. LTD,Sipla Securities Private Limited,2026-04-17 12:01:00.935656,National Hydro Power Company Limited
2026041704005313,NHPC,59,5,100,313.9,31390.0,2026-04-17,186805283,152,Deevyaa Securities & Stock House Pvt. Ltd,Market Securities & Exchange (PVT) Ltd.,2026-04-17 12:01:08.048964,National Hydro Power Company Limited
2026041704005315,NHPC,59,19,40,313.9,12556.0,2026-04-17,186805319,152,Deevyaa Securities & Stock House Pvt. Ltd,Nepal Investment And Securities Trading Private Limited,2026-04-17 12:01:10.398834,National Hydro Power Company Limited
2026041704005322,NHPC,59,45,160,313.9,50224.0,2026-04-17,186805337,152,Deevyaa Securities & Stock House Pvt. Ltd,Imperial Securities Company Pvt. Ltd.,2026-04-17 12:01:11.022303,National Hydro Power Company Limited
2026041704005333,NHPC,59,42,700,313.9,219730.0,2026-04-17,186805432,152,Deevyaa Securities & Stock House Pvt. Ltd,Sani Securities Company Ltd.,2026-04-17 12:01:18.175202,National Hydro Power Company Limited
2026041704005334,NHPC,4,42,10,313.6,3136.0,2026-04-17,186805434,152,Opal Securities Investment (PVT) Ltd.,Sani Securities Company Ltd.,2026-04-17 12:01:18.175772,National Hydro Power Company Limited
2026041704005335,NHPC,34,42,336,313.6,105369.6,2026-04-17,186805436,152,Vision Securities Pvt. Ltd,Sani Securities Company Ltd.,2026-04-17 12:01:18.176046,National Hydro Power Company Limited
2026041704005336,NHPC,28,42,100,313.6,31360.0,2026-04-17,186805438,152,Shree Krishna Securities Ltd.,Sani Securities Company Ltd.,2026-04-17 12:01:18.176320,National Hydro Power Company Limited
2026041704005337,NHPC,29,42,500,313.6,156800.0,2026-04-17,186805440,152,Trisul Securities & Invt. Ltd.,Sani Securities Company Ltd.,2026-04-17 12:01:18.176587,National Hydro Power Company Limited
2026041704005338,NHPC,57,42,100,313.6,31360.0,2026-04-17,186805442,152,Aryatara Investment & Securities,Sani Securities Company Ltd.,2026-04-17 12:01:18.176848,National Hydro Power Company Limited
2026041704005339,NHPC,4,42,1000,313.6,313600.0,2026-04-17,186805444,152,Opal Securities Investment (PVT) Ltd.,Sani Securities Company Ltd.,2026-04-17 12:01:18.177109,National Hydro Power Company Limited
2026041704005340,NHPC,100,42,1000,313.6,313600.0,2026-04-17,186805446,152,Sunrise Securities Limited,Sani Securities Company Ltd.,2026-04-17 12:01:18.177373,National Hydro Power Company Limited
2026041704005341,NHPC,45,42,100,313.6,31360.0,2026-04-17,186805448,152,Imperial Securities Company Pvt. Ltd.,Sani Securities Company Ltd.,2026-04-17 12:01:18.177639,National Hydro Power Company Limited
2026041704005342,NHPC,52,42,654,313.6,205094.4,2026-04-17,186805449,152,Sundhara Securities Limited,Sani Securities Company Ltd.,2026-04-17 12:01:18.177899,National Hydro Power Company Limited
2026041704005374,NHPC,52,5,696,313.6,218265.6,2026-04-17,186805652,152,Sundhara Securities Limited,Market Securities & Exchange (PVT) Ltd.,2026-04-17 12:01:28.692130,National Hydro Power Company Limited
2026041704005375,NHPC,35,5,50,313.6,15680.0,2026-04-17,186805654,152,Kohinoor Investment & Securities Pvt. Ltd.,Market Securities & Exchange (PVT) Ltd.,2026-04-17 12:01:28.693195,National Hydro Power Company Limited
2026041704005400,NHPC,91,42,800,313.3,250640.0,2026-04-17,186805829,152,Citizens Share Broker Limited,Sani Securities Company Ltd.,2026-04-17 12:01:45.152866,National Hydro Power Company Limited
2026041704005401,NHPC,91,53,200,313.3,62660.0,2026-04-17,186805832,152,Citizens Share Broker Limited,Investment Management Nepal Pvt. Ltd.,2026-04-17 12:01:45.351678,National Hydro Power Company Limited
2026041704005407,NHPC,16,53,100,313.3,31330.0,2026-04-17,186805858,152,Primo Securities (PVT) Ltd.,Investment Management Nepal Pvt. Ltd.,2026-04-17 12:01:47.969068,National Hydro Power Company Limited
2026041704005415,NHPC,34,48,1000,313.2,313200.0,2026-04-17,186805895,152,Vision Securities Pvt. Ltd,Trishakti Securities Public Limited,2026-04-17 12:01:50.655840,National Hydro Power Company Limited
2026041704005420,NHPC,34,58,251,313.2,78613.2,2026-04-17,186805913,152,Vision Securities Pvt. Ltd,Naasa Securities Co. Ltd.,2026-04-17 12:01:51.918738,National Hydro Power Company Limited
2026041704005466,NHPC,42,58,100,313.3,31330.0,2026-04-17,186806149,152,Sani Securities Company Ltd.,Naasa Securities Co. Ltd.,2026-04-17 12:02:11.362087,National Hydro Power Company Limited
2026041704005467,NHPC,42,58,30,313.4,9402.0,2026-04-17,186806161,152,Sani Securities Company Ltd.,Naasa Securities Co. Ltd.,2026-04-17 12:02:12.782393,National Hydro Power Company Limited
2026041704005468,NHPC,42,58,70,313.4,21938.0,2026-04-17,186806166,152,Sani Securities Company Ltd.,Naasa Securities Co. Ltd.,2026-04-17 12:02:13.090625,National Hydro Power Company Limited
2026041704005469,NHPC,34,58,130,313.2,40716.0,2026-04-17,186806167,152,Vision Securities Pvt. Ltd,Naasa Securities Co. Ltd.,2026-04-17 12:02:13.091143,National Hydro Power Company Limited
2026041704005482,NHPC,34,67,250,313.2,78300.0,2026-04-17,186806217,152,Vision Securities Pvt. Ltd,Property Wiard Limited,2026-04-17 12:02:16.961848,National Hydro Power Company Limited
2026041704005491,NHPC,34,8,1000,313.2,313200.0,2026-04-17,186806309,152,Vision Securities Pvt. Ltd,Brilliant Securities Pvt. Ltd.,2026-04-17 12:02:24.242178,National Hydro Power Company Limited
2026041704005493,NHPC,62,5,254,313.6,79654.4,2026-04-17,186806331,152,Capital Max Securities Ltd,Market Securities & Exchange (PVT) Ltd.,2026-04-17 12:02:25.654297,National Hydro Power Company Limited
2026041704005494,NHPC,62,38,46,313.6,14425.6,2026-04-17,186806334,152,Capital Max Securities Ltd,Dipshikha Dhitopatra Karobar Co. Pvt Ltd.,2026-04-17 12:02:25.654358,National Hydro Power Company Limited
2026041704005495,NHPC,34,25,375,313.2,117450.0,2026-04-17,186806351,152,Vision Securities Pvt. Ltd,Sweta Securities Private Limited,2026-04-17 12:02:26.635258,National Hydro Power Company Limited
2026041704005496,NHPC,6,38,20,313.6,6272.0,2026-04-17,186806358,152,Agrawal Securities (PVT) Ltd.,Dipshikha Dhitopatra Karobar Co. Pvt Ltd.,2026-04-17 12:02:28.200448,National Hydro Power Company Limited
2026041704005518,NHPC,34,48,1000,313.2,313200.0,2026-04-17,186806439,152,Vision Securities Pvt. Ltd,Trishakti Securities Public Limited,2026-04-17 12:02:33.666114,National Hydro Power Company Limited
2026041704005524,NHPC,47,49,100,313.3,31330.0,2026-04-17,186806470,152,Neev Securities Pvt. Ltd.,Online Securities Pvt. Ltd.,2026-04-17 12:02:37.317505,National Hydro Power Company Limited
2026041704005525,NHPC,34,49,900,313.2,281880.0,2026-04-17,186806471,152,Vision Securities Pvt. Ltd,Online Securities Pvt. Ltd.,2026-04-17 12:02:37.318120,National Hydro Power Company Limited
2026041704005533,NHPC,34,64,5094,313.2,1595440.8,2026-04-17,186806508,152,Vision Securities Pvt. Ltd,SUN SECURITIES PVT LTD,2026-04-17 12:02:40.847950,National Hydro Power Company Limited
2026041704005539,NHPC,38,48,100,313.1,31310.0,2026-04-17,186806626,152,Dipshikha Dhitopatra Karobar Co. Pvt Ltd.,Trishakti Securities Public Limited,2026-04-17 12:02:48.289957,National Hydro Power Company Limited
2026041704005540,NHPC,14,48,100,313.1,31310.0,2026-04-17,186806628,152,Nepal Stock House (PVT) Ltd.,Trishakti Securities Public Limited,2026-04-17 12:02:48.290025,National Hydro Power Company Limited
2026041704005541,NHPC,51,48,500,313.1,156550.0,2026-04-17,186806630,152,Oxford Securities Pvt. Ltd.,Trishakti Securities Public Limited,2026-04-17 12:02:48.290050,National Hydro Power Company Limited
2026041704005542,NHPC,87,48,100,313.1,31310.0,2026-04-17,186806632,152,S.P.S.A. Securities Limited,Trishakti Securities Public Limited,2026-04-17 12:02:48.290073,National Hydro Power Company Limited
2026041704005543,NHPC,94,48,200,313.1,62620.0,2026-04-17,186806633,152,K.B.L. Securities Limited ,Trishakti Securities Public Limited,2026-04-17 12:02:48.290102,National Hydro Power Company Limited
2026041704005547,NHPC,60,64,2725,313.0,852925.0,2026-04-17,186806687,152,Nagarik Stock Dealer ,SUN SECURITIES PVT LTD,2026-04-17 12:02:53.890182,National Hydro Power Company Limited
2026041704005561,NHPC,29,64,500,313.2,156600.0,2026-04-17,186806788,152,Trisul Securities & Invt. Ltd.,SUN SECURITIES PVT LTD,2026-04-17 12:02:59.621182,National Hydro Power Company Limited
2026041704005562,NHPC,60,8,275,313.0,86075.0,2026-04-17,186806796,152,Nagarik Stock Dealer ,Brilliant Securities Pvt. Ltd.,2026-04-17 12:03:00.377448,National Hydro Power Company Limited
2026041704005563,NHPC,42,8,500,313.0,156500.0,2026-04-17,186806798,152,Sani Securities Company Ltd.,Brilliant Securities Pvt. Ltd.,2026-04-17 12:03:00.378521,National Hydro Power Company Limited
2026041704005564,NHPC,97,8,225,313.0,70425.0,2026-04-17,186806799,152,R.B.B. Securities Company Ltd,Brilliant Securities Pvt. Ltd.,2026-04-17 12:03:00.379283,National Hydro Power Company Limited
2026041704005565,NHPC,97,32,1000,313.0,313000.0,2026-04-17,186806811,152,R.B.B. Securities Company Ltd,Premier Securities Company Ltd.,2026-04-17 12:03:00.973026,National Hydro Power Company Limited
2026041704005566,NHPC,97,35,500,313.0,156500.0,2026-04-17,186806825,152,R.B.B. Securities Company Ltd,Kohinoor Investment & Securities Pvt. Ltd.,2026-04-17 12:03:02.042878,National Hydro Power Company Limited
2026041704005608,NHPC,94,45,10,313.1,3131.0,2026-04-17,186807057,152,K.B.L. Securities Limited ,Imperial Securities Company Pvt. Ltd.,2026-04-17 12:03:18.014417,National Hydro Power Company Limited
2026041704005614,NHPC,41,64,406,313.2,127159.2,2026-04-17,186807159,152,Linch Stock Market Ltd.,SUN SECURITIES PVT LTD,2026-04-17 12:03:24.188208,National Hydro Power Company Limited
2026041704005616,NHPC,41,47,94,313.2,29440.8,2026-04-17,186807172,152,Linch Stock Market Ltd.,Neev Securities Pvt. Ltd.,2026-04-17 12:03:24.889116,National Hydro Power Company Limited
2026041704005623,NHPC,94,33,490,313.1,153419.0,2026-04-17,186807294,152,K.B.L. Securities Limited ,Dakshinkali Investment & Securities Pvt. Ltd.,2026-04-17 12:03:31.616587,National Hydro Power Company Limited
2026041704005624,NHPC,18,33,580,313.1,181598.0,2026-04-17,186807296,152,Sagarmatha Securities Private Limited,Dakshinkali Investment & Securities Pvt. Ltd.,2026-04-17 12:03:31.617668,National Hydro Power Company Limited
2026041704005627,NHPC,97,38,2275,313.0,712075.0,2026-04-17,186807310,152,R.B.B. Securities Company Ltd,Dipshikha Dhitopatra Karobar Co. Pvt Ltd.,2026-04-17 12:03:33.068391,National Hydro Power Company Limited
2026041704005628,NHPC,34,38,1000,313.0,313000.0,2026-04-17,186807312,152,Vision Securities Pvt. Ltd,Dipshikha Dhitopatra Karobar Co. Pvt Ltd.,2026-04-17 12:03:33.069485,National Hydro Power Company Limited
2026041704005629,NHPC,85,38,3000,313.0,939000.0,2026-04-17,186807314,152,Capital Hub P. Ltd,Dipshikha Dhitopatra Karobar Co. Pvt Ltd.,2026-04-17 12:03:33.070266,National Hydro Power Company Limited
2026041704005630,NHPC,74,38,725,313.0,226925.0,2026-04-17,186807315,152,KALASH STOCK MARKET PVT. LTD.,Dipshikha Dhitopatra Karobar Co. Pvt Ltd.,2026-04-17 12:03:33.071066,National Hydro Power Company Limited
2026041704005646,NHPC,74,58,275,313.0,86075.0,2026-04-17,186807440,152,KALASH STOCK MARKET PVT. LTD.,Naasa Securities Co. Ltd.,2026-04-17 12:03:38.675413,National Hydro Power Company Limited
2026041704005647,NHPC,35,58,50,313.0,15650.0,2026-04-17,186807442,152,Kohinoor Investment & Securities Pvt. Ltd.,Naasa Securities Co. Ltd.,2026-04-17 12:03:38.675943,National Hydro Power Company Limited
2026041704005648,NHPC,42,58,500,313.0,156500.0,2026-04-17,186807444,152,Sani Securities Company Ltd.,Naasa Securities Co. Ltd.,2026-04-17 12:03:38.676235,National Hydro Power Company Limited
2026041704005649,NHPC,58,58,175,313.0,54775.0,2026-04-17,186807445,152,Naasa Securities Co. Ltd.,Naasa Securities Co. Ltd.,2026-04-17 12:03:38.676504,National Hydro Power Company Limited
2026041704005664,NHPC,34,33,454,313.1,142147.4,2026-04-17,186807515,152,Vision Securities Pvt. Ltd,Dakshinkali Investment & Securities Pvt. Ltd.,2026-04-17 12:03:41.726713,National Hydro Power Company Limited
2026041704005682,NHPC,34,3,1046,313.1,327502.6,2026-04-17,186807650,152,Vision Securities Pvt. Ltd,Arun Securities (PVT) Ltd.,2026-04-17 12:03:47.263302,National Hydro Power Company Limited
2026041704005683,NHPC,58,3,525,313.0,164325.0,2026-04-17,186807652,152,Naasa Securities Co. Ltd.,Arun Securities (PVT) Ltd.,2026-04-17 12:03:47.263868,National Hydro Power Company Limited
2026041704005684,NHPC,62,3,1000,313.0,313000.0,2026-04-17,186807654,152,Capital Max Securities Ltd,Arun Securities (PVT) Ltd.,2026-04-17 12:03:47.264123,National Hydro Power Company Limited
2026041704005685,NHPC,62,3,1000,313.0,313000.0,2026-04-17,186807656,152,Capital Max Securities Ltd,Arun Securities (PVT) Ltd.,2026-04-17 12:03:47.264385,National Hydro Power Company Limited
2026041704005686,NHPC,62,3,1200,313.0,375600.0,2026-04-17,186807658,152,Capital Max Securities Ltd,Arun Securities (PVT) Ltd.,2026-04-17 12:03:47.264639,National Hydro Power Company Limited
2026041704005687,NHPC,17,3,229,313.0,71677.0,2026-04-17,186807659,152,ABC Securities Private Limited,Arun Securities (PVT) Ltd.,2026-04-17 12:03:47.264903,National Hydro Power Company Limited
2026041704005688,NHPC,17,17,300,313.0,93900.0,2026-04-17,186807661,152,ABC Securities Private Limited,ABC Securities Private Limited,2026-04-17 12:03:47.680616,National Hydro Power Company Limited
2026041704005691,NHPC,39,47,206,313.2,64519.2,2026-04-17,186807695,152,Sumeru Securities Pvt. Ltd.,Neev Securities Pvt. Ltd.,2026-04-17 12:03:49.650093,National Hydro Power Company Limited
2026041704005692,NHPC,39,44,10,313.5,3135.0,2026-04-17,186807697,152,Sumeru Securities Pvt. Ltd.,Dynamic Money Managers Securities Pvt. Ltd.,2026-04-17 12:03:49.650197,National Hydro Power Company Limited
2026041704005693,NHPC,39,59,684,313.9,214707.6,2026-04-17,186807700,152,Sumeru Securities Pvt. Ltd.,Deevyaa Securities & Stock House Pvt. Ltd,2026-04-17 12:03:49.650227,National Hydro Power Company Limited
2026041704005698,NHPC,49,38,206,313.2,64519.2,2026-04-17,186807798,152,Online Securities Pvt. Ltd.,Dipshikha Dhitopatra Karobar Co. Pvt Ltd.,2026-04-17 12:03:56.264408,National Hydro Power Company Limited
2026041704005699,NHPC,17,38,1471,313.0,460423.0,2026-04-17,186807800,152,ABC Securities Private Limited,Dipshikha Dhitopatra Karobar Co. Pvt Ltd.,2026-04-17 12:03:56.264987,National Hydro Power Company Limited
2026041704005717,NHPC,32,71,10,312.7,3127.0,2026-04-17,186807971,152,Premier Securities Company Ltd.,SHUBHAKAMANA SECURITIES PVT. LTD,2026-04-17 12:04:07.664751,National Hydro Power Company Limited
2026041704005719,NHPC,32,58,60,312.7,18762.0,2026-04-17,186808007,152,Premier Securities Company Ltd.,Naasa Securities Co. Ltd.,2026-04-17 12:04:11.483182,National Hydro Power Company Limited
2026041704005724,NHPC,32,56,250,312.7,78175.0,2026-04-17,186808069,152,Premier Securities Company Ltd.,Sri Hari Securities Pvt. Ltd.,2026-04-17 12:04:17.391186,National Hydro Power Company Limited
2026041704005726,NHPC,62,38,1683,313.0,526779.0,2026-04-17,186808079,152,Capital Max Securities Ltd,Dipshikha Dhitopatra Karobar Co. Pvt Ltd.,2026-04-17 12:04:18.904503,National Hydro Power Company Limited
2026041704005727,NHPC,62,71,10,313.0,3130.0,2026-04-17,186808081,152,Capital Max Securities Ltd,SHUBHAKAMANA SECURITIES PVT. LTD,2026-04-17 12:04:18.905542,National Hydro Power Company Limited
2026041704005728,NHPC,62,17,307,313.0,96091.0,2026-04-17,186808084,152,Capital Max Securities Ltd,ABC Securities Private Limited,2026-04-17 12:04:18.906288,National Hydro Power Company Limited
2026041704005729,NHPC,37,17,50,313.0,15650.0,2026-04-17,186808108,152,Swarna Laxmi Securities Pvt. Ltd.,ABC Securities Private Limited,2026-04-17 12:04:20.708844,National Hydro Power Company Limited
2026041704005734,NHPC,19,17,143,313.0,44759.0,2026-04-17,186808151,152,Nepal Investment And Securities Trading Private Limited,ABC Securities Private Limited,2026-04-17 12:04:24.076380,National Hydro Power Company Limited
2026041704005735,NHPC,19,58,50,313.0,15650.0,2026-04-17,186808153,152,Nepal Investment And Securities Trading Private Limited,Naasa Securities Co. Ltd.,2026-04-17 12:04:24.077432,National Hydro Power Company Limited
2026041704005752,NHPC,19,50,100,313.0,31300.0,2026-04-17,186808347,152,Nepal Investment And Securities Trading Private Limited,Cristal Kanchanjanga Securites Pvt. Ltd.,2026-04-17 12:04:36.473562,National Hydro Power Company Limited
2026041704005763,NHPC,19,64,207,313.0,64791.0,2026-04-17,186808392,152,Nepal Investment And Securities Trading Private Limited,SUN SECURITIES PVT LTD,2026-04-17 12:04:40.184328,National Hydro Power Company Limited
2026041704005764,NHPC,46,64,500,313.0,156500.0,2026-04-17,186808394,152,Kalika Securities Pvt. Ltd.,SUN SECURITIES PVT LTD,2026-04-17 12:04:40.184826,National Hydro Power Company Limited
2026041704005780,NHPC,5,64,1293,313.0,404709.0,2026-04-17,186808569,152,Market Securities & Exchange (PVT) Ltd.,SUN SECURITIES PVT LTD,2026-04-17 12:04:50.730088,National Hydro Power Company Limited
2026041704005784,NHPC,5,66,707,313.0,221291.0,2026-04-17,186808634,152,Market Securities & Exchange (PVT) Ltd.,Miyo Securities Pvt Ltd,2026-04-17 12:04:55.896667,National Hydro Power Company Limited
2026041704005785,NHPC,45,66,100,312.8,31280.0,2026-04-17,186808636,152,Imperial Securities Company Pvt. Ltd.,Miyo Securities Pvt Ltd,2026-04-17 12:04:55.896745,National Hydro Power Company Limited
2026041704005786,NHPC,32,66,180,312.7,56286.0,2026-04-17,186808638,152,Premier Securities Company Ltd.,Miyo Securities Pvt Ltd,2026-04-17 12:04:55.896800,National Hydro Power Company Limited
2026041704005787,NHPC,47,66,200,312.7,62540.0,2026-04-17,186808640,152,Neev Securities Pvt. Ltd.,Miyo Securities Pvt Ltd,2026-04-17 12:04:55.896828,National Hydro Power Company Limited
2026041704005788,NHPC,38,66,200,312.7,62540.0,2026-04-17,186808642,152,Dipshikha Dhitopatra Karobar Co. Pvt Ltd.,Miyo Securities Pvt Ltd,2026-04-17 12:04:55.896848,National Hydro Power Company Limited
2026041704005789,NHPC,68,66,439,312.7,137275.3,2026-04-17,186808643,152,Elite Stock House Limited,Miyo Securities Pvt Ltd,2026-04-17 12:04:55.896873,National Hydro Power Company Limited
2026041704005807,NHPC,68,17,61,312.7,19074.7,2026-04-17,186808704,152,Elite Stock House Limited,ABC Securities Private Limited,2026-04-17 12:04:58.555913,National Hydro Power Company Limited
2026041704005808,NHPC,65,17,439,312.6,137231.4,2026-04-17,186808705,152,Sharepro Securities Private Limited,ABC Securities Private Limited,2026-04-17 12:04:58.557038,National Hydro Power Company Limited
2026041704005818,NHPC,39,8,162,312.8,50673.6,2026-04-17,186808757,152,Sumeru Securities Pvt. Ltd.,Brilliant Securities Pvt. Ltd.,2026-04-17 12:05:00.960562,National Hydro Power Company Limited
2026041704005838,NHPC,60,70,50,313.0,15650.0,2026-04-17,186808858,152,Nagarik Stock Dealer ,Infinity Securities Limited,2026-04-17 12:05:07.961845,National Hydro Power Company Limited
2026041704005840,NHPC,39,38,838,312.8,262126.4,2026-04-17,186808874,152,Sumeru Securities Pvt. Ltd.,Dipshikha Dhitopatra Karobar Co. Pvt Ltd.,2026-04-17 12:05:10.553685,National Hydro Power Company Limited
2026041704005841,NHPC,65,38,1561,312.6,487968.6,2026-04-17,186808876,152,Sharepro Securities Private Limited,Dipshikha Dhitopatra Karobar Co. Pvt Ltd.,2026-04-17 12:05:10.553791,National Hydro Power Company Limited
2026041704005842,NHPC,61,38,501,312.6,156612.6,2026-04-17,186808877,152,BHOLE GANESH SECURITIES LTD,Dipshikha Dhitopatra Karobar Co. Pvt Ltd.,2026-04-17 12:05:10.553899,National Hydro Power Company Limited
2026041704005876,NHPC,61,66,250,312.6,78150.0,2026-04-17,186809033,152,BHOLE GANESH SECURITIES LTD,Miyo Securities Pvt Ltd,2026-04-17 12:05:22.754085,National Hydro Power Company Limited
2026041704005890,NHPC,77,70,50,313.0,15650.0,2026-04-17,186809122,152,Nabil Stock Dealer Ltd.,Infinity Securities Limited,2026-04-17 12:05:29.689162,National Hydro Power Company Limited
2026041704005891,NHPC,61,84,1165,312.6,364179.0,2026-04-17,186809131,152,BHOLE GANESH SECURITIES LTD,MILKY WAY SHARE BROKER COMPANY LTD ,2026-04-17 12:05:30.993923,National Hydro Power Company Limited
2026041704005905,NHPC,61,58,10,312.6,3126.0,2026-04-17,186809211,152,BHOLE GANESH SECURITIES LTD,Naasa Securities Co. Ltd.,2026-04-17 12:05:39.616119,National Hydro Power Company Limited
2026041704005909,NHPC,61,45,10,312.6,3126.0,2026-04-17,186809273,152,BHOLE GANESH SECURITIES LTD,Imperial Securities Company Pvt. Ltd.,2026-04-17 12:05:43.150505,National Hydro Power Company Limited
2026041704005910,NHPC,61,91,64,312.6,20006.4,2026-04-17,186809276,152,BHOLE GANESH SECURITIES LTD,Citizens Share Broker Limited,2026-04-17 12:05:43.161499,National Hydro Power Company Limited
2026041704005911,NHPC,49,91,436,312.6,136293.6,2026-04-17,186809277,152,Online Securities Pvt. Ltd.,Citizens Share Broker Limited,2026-04-17 12:05:43.161551,National Hydro Power Company Limited
2026041704005918,NHPC,91,70,200,313.0,62600.0,2026-04-17,186809304,152,Citizens Share Broker Limited,Infinity Securities Limited,2026-04-17 12:05:44.734457,National Hydro Power Company Limited
2026041704005932,NHPC,84,70,2200,313.0,688600.0,2026-04-17,186809413,152,MILKY WAY SHARE BROKER COMPANY LTD ,Infinity Securities Limited,2026-04-17 12:05:53.031480,National Hydro Power Company Limited
2026041704005934,NHPC,84,66,200,313.0,62600.0,2026-04-17,186809418,152,MILKY WAY SHARE BROKER COMPANY LTD ,Miyo Securities Pvt Ltd,2026-04-17 12:05:53.527822,National Hydro Power Company Limited
2026041704005935,NHPC,49,66,64,312.6,20006.4,2026-04-17,186809420,152,Online Securities Pvt. Ltd.,Miyo Securities Pvt Ltd,2026-04-17 12:05:53.527927,National Hydro Power Company Limited
2026041704005936,NHPC,35,66,10,312.6,3126.0,2026-04-17,186809422,152,Kohinoor Investment & Securities Pvt. Ltd.,Miyo Securities Pvt Ltd,2026-04-17 12:05:53.527997,National Hydro Power Company Limited
2026041704005937,NHPC,35,66,15,312.1,4681.5,2026-04-17,186809424,152,Kohinoor Investment & Securities Pvt. Ltd.,Miyo Securities Pvt Ltd,2026-04-17 12:05:53.528067,National Hydro Power Company Limited
2026041704005938,NHPC,5,66,211,312.1,65853.1,2026-04-17,186809425,152,Market Securities & Exchange (PVT) Ltd.,Miyo Securities Pvt Ltd,2026-04-17 12:05:53.528141,National Hydro Power Company Limited
2026041704005975,NHPC,85,48,200,312.8,62560.0,2026-04-17,186809598,152,Capital Hub P. Ltd,Trishakti Securities Public Limited,2026-04-17 12:06:09.288542,National Hydro Power Company Limited
2026041704005976,NHPC,5,48,89,312.1,27776.9,2026-04-17,186809600,152,Market Securities & Exchange (PVT) Ltd.,Trishakti Securities Public Limited,2026-04-17 12:06:09.288632,National Hydro Power Company Limited
2026041704005977,NHPC,70,48,711,312.0,221832.0,2026-04-17,186809601,152,Infinity Securities Limited,Trishakti Securities Public Limited,2026-04-17 12:06:09.288678,National Hydro Power Company Limited
2026041704005981,NHPC,70,57,350,312.0,109200.0,2026-04-17,186809641,152,Infinity Securities Limited,Aryatara Investment & Securities,2026-04-17 12:06:14.403967,National Hydro Power Company Limited
2026041704005984,NHPC,70,5,3000,312.0,936000.0,2026-04-17,186809687,152,Infinity Securities Limited,Market Securities & Exchange (PVT) Ltd.,2026-04-17 12:06:18.721686,National Hydro Power Company Limited
2026041704006010,NHPC,28,58,500,312.1,156050.0,2026-04-17,186809889,152,Shree Krishna Securities Ltd.,Naasa Securities Co. Ltd.,2026-04-17 12:06:30.786057,National Hydro Power Company Limited
2026041704006022,NHPC,28,84,500,312.1,156050.0,2026-04-17,186810132,152,Shree Krishna Securities Ltd.,MILKY WAY SHARE BROKER COMPANY LTD ,2026-04-17 12:06:47.106290,National Hydro Power Company Limited
2026041704006023,NHPC,47,84,1500,312.1,468150.0,2026-04-17,186810133,152,Neev Securities Pvt. Ltd.,MILKY WAY SHARE BROKER COMPANY LTD ,2026-04-17 12:06:47.107398,National Hydro Power Company Limited
2026041704006024,NHPC,60,19,100,312.5,31250.0,2026-04-17,186810135,152,Nagarik Stock Dealer ,Nepal Investment And Securities Trading Private Limited,2026-04-17 12:06:47.133123,National Hydro Power Company Limited
2026041704006025,NHPC,60,58,55,313.0,17215.0,2026-04-17,186810137,152,Nagarik Stock Dealer ,Naasa Securities Co. Ltd.,2026-04-17 12:06:47.134009,National Hydro Power Company Limited
2026041704006026,NHPC,60,71,2000,313.0,626000.0,2026-04-17,186810139,152,Nagarik Stock Dealer ,SHUBHAKAMANA SECURITIES PVT. LTD,2026-04-17 12:06:47.134841,National Hydro Power Company Limited
2026041704006027,NHPC,60,54,300,313.0,93900.0,2026-04-17,186810141,152,Nagarik Stock Dealer ,Sewa Securities Pvt. Ltd.,2026-04-17 12:06:47.135659,National Hydro Power Company Limited
2026041704006028,NHPC,60,36,115,313.0,35995.0,2026-04-17,186810143,152,Nagarik Stock Dealer ,Secured Securities Ltd.,2026-04-17 12:06:47.136476,National Hydro Power Company Limited
2026041704006029,NHPC,60,35,430,313.0,134590.0,2026-04-17,186810146,152,Nagarik Stock Dealer ,Kohinoor Investment & Securities Pvt. Ltd.,2026-04-17 12:06:47.137282,National Hydro Power Company Limited
2026041704006031,NHPC,47,70,1000,312.1,312100.0,2026-04-17,186810216,152,Neev Securities Pvt. Ltd.,Infinity Securities Limited,2026-04-17 12:06:54.625462,National Hydro Power Company Limited
2026041704006032,NHPC,13,70,300,312.1,93630.0,2026-04-17,186810218,152,Thrive Brokerage House Pvt. Ltd,Infinity Securities Limited,2026-04-17 12:06:54.626585,National Hydro Power Company Limited
2026041704006033,NHPC,1,70,20,312.0,6240.0,2026-04-17,186810220,152,Kumari Securities Private Limited,Infinity Securities Limited,2026-04-17 12:06:54.627411,National Hydro Power Company Limited
2026041704006034,NHPC,11,70,10,312.0,3120.0,2026-04-17,186810222,152,Malla & Malla Stock Broking Company Pvt. Limited,Infinity Securities Limited,2026-04-17 12:06:54.628212,National Hydro Power Company Limited
2026041704006035,NHPC,47,70,50,312.0,15600.0,2026-04-17,186810224,152,Neev Securities Pvt. Ltd.,Infinity Securities Limited,2026-04-17 12:06:54.629024,National Hydro Power Company Limited
2026041704006036,NHPC,58,70,20,312.0,6240.0,2026-04-17,186810226,152,Naasa Securities Co. Ltd.,Infinity Securities Limited,2026-04-17 12:06:54.629837,National Hydro Power Company Limited
2026041704006037,NHPC,35,70,50,312.0,15600.0,2026-04-17,186810228,152,Kohinoor Investment & Securities Pvt. Ltd.,Infinity Securities Limited,2026-04-17 12:06:54.630642,National Hydro Power Company Limited
2026041704006038,NHPC,45,70,300,312.0,93600.0,2026-04-17,186810230,152,Imperial Securities Company Pvt. Ltd.,Infinity Securities Limited,2026-04-17 12:06:54.631450,National Hydro Power Company Limited
2026041704006039,NHPC,64,70,200,312.0,62400.0,2026-04-17,186810232,152,SUN SECURITIES PVT LTD,Infinity Securities Limited,2026-04-17 12:06:54.632243,National Hydro Power Company Limited
2026041704006040,NHPC,49,70,70,312.0,21840.0,2026-04-17,186810234,152,Online Securities Pvt. Ltd.,Infinity Securities Limited,2026-04-17 12:06:54.632612,National Hydro Power Company Limited
2026041704006041,NHPC,45,70,300,312.0,93600.0,2026-04-17,186810236,152,Imperial Securities Company Pvt. Ltd.,Infinity Securities Limited,2026-04-17 12:06:54.632874,National Hydro Power Company Limited
2026041704006042,NHPC,86,70,100,312.0,31200.0,2026-04-17,186810238,152,Stoxkarts Securities Limited,Infinity Securities Limited,2026-04-17 12:06:54.633134,National Hydro Power Company Limited
2026041704006043,NHPC,51,70,80,312.0,24960.0,2026-04-17,186810239,152,Oxford Securities Pvt. Ltd.,Infinity Securities Limited,2026-04-17 12:06:54.633400,National Hydro Power Company Limited
2026041704006073,NHPC,45,70,1000,312.1,312100.0,2026-04-17,186810377,152,Imperial Securities Company Pvt. Ltd.,Infinity Securities Limited,2026-04-17 12:07:05.101471,National Hydro Power Company Limited
2026041704006096,NHPC,47,14,100,312.2,31220.0,2026-04-17,186810524,152,Neev Securities Pvt. Ltd.,Nepal Stock House (PVT) Ltd.,2026-04-17 12:07:16.562994,National Hydro Power Company Limited
2026041704006097,NHPC,51,14,200,312.1,62420.0,2026-04-17,186810525,152,Oxford Securities Pvt. Ltd.,Nepal Stock House (PVT) Ltd.,2026-04-17 12:07:16.563663,National Hydro Power Company Limited
2026041704006099,NHPC,51,11,300,312.1,93630.0,2026-04-17,186810562,152,Oxford Securities Pvt. Ltd.,Malla & Malla Stock Broking Company Pvt. Limited,2026-04-17 12:07:17.318813,National Hydro Power Company Limited
2026041704006100,NHPC,42,11,1200,312.1,374520.0,2026-04-17,186810563,152,Sani Securities Company Ltd.,Malla & Malla Stock Broking Company Pvt. Limited,2026-04-17 12:07:17.362235,National Hydro Power Company Limited
2026041704006101,NHPC,42,34,200,312.5,62500.0,2026-04-17,186810565,152,Sani Securities Company Ltd.,Vision Securities Pvt. Ltd,2026-04-17 12:07:17.362348,National Hydro Power Company Limited
2026041704006102,NHPC,42,35,600,313.0,187800.0,2026-04-17,186810568,152,Sani Securities Company Ltd.,Kohinoor Investment & Securities Pvt. Ltd.,2026-04-17 12:07:17.362378,National Hydro Power Company Limited
2026041704006107,NHPC,51,48,170,312.0,53040.0,2026-04-17,186810588,152,Oxford Securities Pvt. Ltd.,Trishakti Securities Public Limited,2026-04-17 12:07:20.633987,National Hydro Power Company Limited
2026041704006108,NHPC,35,48,500,312.0,156000.0,2026-04-17,186810590,152,Kohinoor Investment & Securities Pvt. Ltd.,Trishakti Securities Public Limited,2026-04-17 12:07:20.634061,National Hydro Power Company Limited
2026041704006109,NHPC,34,48,50,312.0,15600.0,2026-04-17,186810592,152,Vision Securities Pvt. Ltd,Trishakti Securities Public Limited,2026-04-17 12:07:20.634095,National Hydro Power Company Limited
2026041704006110,NHPC,48,48,200,312.0,62400.0,2026-04-17,186810594,152,Trishakti Securities Public Limited,Trishakti Securities Public Limited,2026-04-17 12:07:20.634127,National Hydro Power Company Limited
2026041704006111,NHPC,10,48,80,312.0,24960.0,2026-04-17,186810595,152,Pragyan Securities (PVT) Ltd.,Trishakti Securities Public Limited,2026-04-17 12:07:20.634157,National Hydro Power Company Limited
2026041704006117,NHPC,13,35,200,313.0,62600.0,2026-04-17,186810676,152,Thrive Brokerage House Pvt. Ltd,Kohinoor Investment & Securities Pvt. Ltd.,2026-04-17 12:07:27.980561,National Hydro Power Company Limited
2026041704006136,NHPC,75,8,1000,312.2,312200.0,2026-04-17,186810827,152,N.I.M.B. Stock Markets Limited,Brilliant Securities Pvt. Ltd.,2026-04-17 12:07:39.251239,National Hydro Power Company Limited
2026041704006155,NHPC,38,42,10,312.1,3121.0,2026-04-17,186810995,152,Dipshikha Dhitopatra Karobar Co. Pvt Ltd.,Sani Securities Company Ltd.,2026-04-17 12:07:48.426131,National Hydro Power Company Limited
2026041704006157,NHPC,38,18,40,312.1,12484.0,2026-04-17,186811014,152,Dipshikha Dhitopatra Karobar Co. Pvt Ltd.,Sagarmatha Securities Private Limited,2026-04-17 12:07:50.220282,National Hydro Power Company Limited
2026041704006158,NHPC,81,18,160,312.1,49936.0,2026-04-17,186811015,152,Aakashbhairab Securities Ltd.,Sagarmatha Securities Private Limited,2026-04-17 12:07:50.221449,National Hydro Power Company Limited
2026041704006169,NHPC,81,17,340,312.1,106114.0,2026-04-17,186811084,152,Aakashbhairab Securities Ltd.,ABC Securities Private Limited,2026-04-17 12:07:55.837235,National Hydro Power Company Limited
2026041704006170,NHPC,25,17,100,312.1,31210.0,2026-04-17,186811086,152,Sweta Securities Private Limited,ABC Securities Private Limited,2026-04-17 12:07:55.837819,National Hydro Power Company Limited
2026041704006171,NHPC,10,17,60,312.0,18720.0,2026-04-17,186811087,152,Pragyan Securities (PVT) Ltd.,ABC Securities Private Limited,2026-04-17 12:07:55.838102,National Hydro Power Company Limited
2026041704006175,NHPC,10,11,360,312.0,112320.0,2026-04-17,186811228,152,Pragyan Securities (PVT) Ltd.,Malla & Malla Stock Broking Company Pvt. Limited,2026-04-17 12:08:03.099475,National Hydro Power Company Limited
2026041704006176,NHPC,35,11,50,312.0,15600.0,2026-04-17,186811230,152,Kohinoor Investment & Securities Pvt. Ltd.,Malla & Malla Stock Broking Company Pvt. Limited,2026-04-17 12:08:03.100007,National Hydro Power Company Limited
2026041704006177,NHPC,57,11,190,312.0,59280.0,2026-04-17,186811231,152,Aryatara Investment & Securities,Malla & Malla Stock Broking Company Pvt. Limited,2026-04-17 12:08:03.100282,National Hydro Power Company Limited
2026041704006180,NHPC,57,28,110,312.0,34320.0,2026-04-17,186811252,152,Aryatara Investment & Securities,Shree Krishna Securities Ltd.,2026-04-17 12:08:08.268366,National Hydro Power Company Limited
2026041704006181,NHPC,58,28,10,312.0,3120.0,2026-04-17,186811254,152,Naasa Securities Co. Ltd.,Shree Krishna Securities Ltd.,2026-04-17 12:08:08.269568,National Hydro Power Company Limited
2026041704006182,NHPC,38,28,100,312.0,31200.0,2026-04-17,186811256,152,Dipshikha Dhitopatra Karobar Co. Pvt Ltd.,Shree Krishna Securities Ltd.,2026-04-17 12:08:08.270425,National Hydro Power Company Limited
2026041704006183,NHPC,49,28,2000,312.0,624000.0,2026-04-17,186811258,152,Online Securities Pvt. Ltd.,Shree Krishna Securities Ltd.,2026-04-17 12:08:08.271220,National Hydro Power Company Limited
2026041704006202,NHPC,45,28,351,312.0,109512.0,2026-04-17,186811424,152,Imperial Securities Company Pvt. Ltd.,Shree Krishna Securities Ltd.,2026-04-17 12:08:20.083711,National Hydro Power Company Limited
2026041704006203,NHPC,42,28,429,312.0,133848.0,2026-04-17,186811425,152,Sani Securities Company Ltd.,Shree Krishna Securities Ltd.,2026-04-17 12:08:20.303406,National Hydro Power Company Limited
2026041704006213,NHPC,60,38,100,312.1,31210.0,2026-04-17,186811589,152,Nagarik Stock Dealer ,Dipshikha Dhitopatra Karobar Co. Pvt Ltd.,2026-04-17 12:08:33.357914,National Hydro Power Company Limited
2026041704006216,NHPC,91,38,90,312.2,28098.0,2026-04-17,186811695,152,Citizens Share Broker Limited,Dipshikha Dhitopatra Karobar Co. Pvt Ltd.,2026-04-17 12:08:38.680299,National Hydro Power Company Limited
2026041704006217,NHPC,84,35,270,313.0,84510.0,2026-04-17,186811699,152,MILKY WAY SHARE BROKER COMPANY LTD ,Kohinoor Investment & Securities Pvt. Ltd.,2026-04-17 12:08:39.277576,National Hydro Power Company Limited
2026041704006218,NHPC,84,58,23,313.0,7199.0,2026-04-17,186811701,152,MILKY WAY SHARE BROKER COMPANY LTD ,Naasa Securities Co. Ltd.,2026-04-17 12:08:39.278126,National Hydro Power Company Limited
2026041704006219,NHPC,84,71,2000,313.0,626000.0,2026-04-17,186811703,152,MILKY WAY SHARE BROKER COMPANY LTD ,SHUBHAKAMANA SECURITIES PVT. LTD,2026-04-17 12:08:39.278409,National Hydro Power Company Limited
2026041704006220,NHPC,84,6,200,313.0,62600.0,2026-04-17,186811705,152,MILKY WAY SHARE BROKER COMPANY LTD ,Agrawal Securities (PVT) Ltd.,2026-04-17 12:08:39.278677,National Hydro Power Company Limited
2026041704006221,NHPC,84,44,40,313.0,12520.0,2026-04-17,186811707,152,MILKY WAY SHARE BROKER COMPANY LTD ,Dynamic Money Managers Securities Pvt. Ltd.,2026-04-17 12:08:39.278938,National Hydro Power Company Limited
2026041704006222,NHPC,84,57,120,313.0,37560.0,2026-04-17,186811709,152,MILKY WAY SHARE BROKER COMPANY LTD ,Aryatara Investment & Securities,2026-04-17 12:08:39.279205,National Hydro Power Company Limited
2026041704006233,NHPC,84,51,50,313.0,15650.0,2026-04-17,186811773,152,MILKY WAY SHARE BROKER COMPANY LTD ,Oxford Securities Pvt. Ltd.,2026-04-17 12:08:45.265574,National Hydro Power Company Limited
2026041704006238,NHPC,84,71,297,313.0,92961.0,2026-04-17,186811846,152,MILKY WAY SHARE BROKER COMPANY LTD ,SHUBHAKAMANA SECURITIES PVT. LTD,2026-04-17 12:08:52.007348,National Hydro Power Company Limited
2026041704006253,NHPC,41,71,200,313.0,62600.0,2026-04-17,186812034,152,Linch Stock Market Ltd.,SHUBHAKAMANA SECURITIES PVT. LTD,2026-04-17 12:09:07.402972,National Hydro Power Company Limited
2026041704006269,NHPC,36,71,500,313.0,156500.0,2026-04-17,186812178,152,Secured Securities Ltd.,SHUBHAKAMANA SECURITIES PVT. LTD,2026-04-17 12:09:16.832210,National Hydro Power Company Limited
2026041704006270,NHPC,13,42,50,312.3,15615.0,2026-04-17,186812180,152,Thrive Brokerage House Pvt. Ltd,Sani Securities Company Ltd.,2026-04-17 12:09:17.266893,National Hydro Power Company Limited
2026041704006271,NHPC,71,42,500,312.3,156150.0,2026-04-17,186812182,152,SHUBHAKAMANA SECURITIES PVT. LTD,Sani Securities Company Ltd.,2026-04-17 12:09:17.268002,National Hydro Power Company Limited
2026041704006272,NHPC,91,42,410,312.2,128002.0,2026-04-17,186812184,152,Citizens Share Broker Limited,Sani Securities Company Ltd.,2026-04-17 12:09:17.268825,National Hydro Power Company Limited
2026041704006273,NHPC,34,42,100,312.2,31220.0,2026-04-17,186812186,152,Vision Securities Pvt. Ltd,Sani Securities Company Ltd.,2026-04-17 12:09:17.269657,National Hydro Power Company Limited
2026041704006274,NHPC,5,42,100,312.2,31220.0,2026-04-17,186812188,152,Market Securities & Exchange (PVT) Ltd.,Sani Securities Company Ltd.,2026-04-17 12:09:17.270459,National Hydro Power Company Limited
2026041704006275,NHPC,60,42,2900,312.1,905090.0,2026-04-17,186812190,152,Nagarik Stock Dealer ,Sani Securities Company Ltd.,2026-04-17 12:09:17.271252,National Hydro Power Company Limited
2026041704006276,NHPC,63,42,50,312.1,15605.0,2026-04-17,186812192,152,Himalayan Brokerage Company Limited,Sani Securities Company Ltd.,2026-04-17 12:09:17.272066,National Hydro Power Company Limited
2026041704006277,NHPC,14,42,100,312.1,31210.0,2026-04-17,186812194,152,Nepal Stock House (PVT) Ltd.,Sani Securities Company Ltd.,2026-04-17 12:09:17.272938,National Hydro Power Company Limited
2026041704006278,NHPC,42,42,1571,312.0,490152.0,2026-04-17,186812196,152,Sani Securities Company Ltd.,Sani Securities Company Ltd.,2026-04-17 12:09:17.273815,National Hydro Power Company Limited
2026041704006279,NHPC,57,42,1000,312.0,312000.0,2026-04-17,186812198,152,Aryatara Investment & Securities,Sani Securities Company Ltd.,2026-04-17 12:09:17.274143,National Hydro Power Company Limited
2026041704006280,NHPC,1,42,200,312.0,62400.0,2026-04-17,186812200,152,Kumari Securities Private Limited,Sani Securities Company Ltd.,2026-04-17 12:09:17.274452,National Hydro Power Company Limited
2026041704006281,NHPC,43,42,100,312.0,31200.0,2026-04-17,186812202,152,South Asian Bulls Pvt. Ltd.,Sani Securities Company Ltd.,2026-04-17 12:09:17.274740,National Hydro Power Company Limited
2026041704006282,NHPC,38,42,100,311.9,31190.0,2026-04-17,186812204,152,Dipshikha Dhitopatra Karobar Co. Pvt Ltd.,Sani Securities Company Ltd.,2026-04-17 12:09:17.275020,National Hydro Power Company Limited
2026041704006283,NHPC,62,42,1000,311.9,311900.0,2026-04-17,186812206,152,Capital Max Securities Ltd,Sani Securities Company Ltd.,2026-04-17 12:09:17.275341,National Hydro Power Company Limited
2026041704006284,NHPC,59,42,100,311.8,31180.0,2026-04-17,186812208,152,Deevyaa Securities & Stock House Pvt. Ltd,Sani Securities Company Ltd.,2026-04-17 12:09:17.275707,National Hydro Power Company Limited
2026041704006285,NHPC,66,42,1719,311.8,535984.2,2026-04-17,186812209,152,Miyo Securities Pvt Ltd,Sani Securities Company Ltd.,2026-04-17 12:09:17.276055,National Hydro Power Company Limited
2026041704006294,NHPC,66,42,2281,311.8,711215.8,2026-04-17,186812354,152,Miyo Securities Pvt Ltd,Sani Securities Company Ltd.,2026-04-17 12:09:29.670032,National Hydro Power Company Limited
2026041704006295,NHPC,34,42,13,311.6,4050.8,2026-04-17,186812356,152,Vision Securities Pvt. Ltd,Sani Securities Company Ltd.,2026-04-17 12:09:29.671148,National Hydro Power Company Limited
2026041704006296,NHPC,72,42,2000,311.6,623200.0,2026-04-17,186812358,152,Hatemalo Financial Services Private Limited,Sani Securities Company Ltd.,2026-04-17 12:09:29.671948,National Hydro Power Company Limited
2026041704006297,NHPC,57,42,1000,311.5,311500.0,2026-04-17,186812360,152,Aryatara Investment & Securities,Sani Securities Company Ltd.,2026-04-17 12:09:29.672743,National Hydro Power Company Limited
2026041704006298,NHPC,45,42,100,311.5,31150.0,2026-04-17,186812362,152,Imperial Securities Company Pvt. Ltd.,Sani Securities Company Ltd.,2026-04-17 12:09:29.673526,National Hydro Power Company Limited
2026041704006299,NHPC,62,42,9606,311.5,2992269.0,2026-04-17,186812363,152,Capital Max Securities Ltd,Sani Securities Company Ltd.,2026-04-17 12:09:29.674343,National Hydro Power Company Limited
2026041704006312,NHPC,35,11,50,312.0,15600.0,2026-04-17,186812442,152,Kohinoor Investment & Securities Pvt. Ltd.,Malla & Malla Stock Broking Company Pvt. Limited,2026-04-17 12:09:38.192140,National Hydro Power Company Limited
2026041704006329,NHPC,62,29,100,311.5,31150.0,2026-04-17,186812529,152,Capital Max Securities Ltd,Trisul Securities & Invt. Ltd.,2026-04-17 12:09:45.404310,National Hydro Power Company Limited
2026041704006330,NHPC,62,45,294,311.5,91581.0,2026-04-17,186812536,152,Capital Max Securities Ltd,Imperial Securities Company Pvt. Ltd.,2026-04-17 12:09:46.102561,National Hydro Power Company Limited
2026041704006349,NHPC,34,42,19,311.4,5916.6,2026-04-17,186812674,152,Vision Securities Pvt. Ltd,Sani Securities Company Ltd.,2026-04-17 12:09:57.394817,National Hydro Power Company Limited
2026041704006350,NHPC,5,42,200,311.4,62280.0,2026-04-17,186812676,152,Market Securities & Exchange (PVT) Ltd.,Sani Securities Company Ltd.,2026-04-17 12:09:57.395401,National Hydro Power Company Limited
2026041704006351,NHPC,45,42,2000,311.3,622600.0,2026-04-17,186812678,152,Imperial Securities Company Pvt. Ltd.,Sani Securities Company Ltd.,2026-04-17 12:09:57.395732,National Hydro Power Company Limited
2026041704006352,NHPC,34,42,10,311.3,3113.0,2026-04-17,186812680,152,Vision Securities Pvt. Ltd,Sani Securities Company Ltd.,2026-04-17 12:09:57.396017,National Hydro Power Company Limited
2026041704006353,NHPC,47,42,1000,311.2,311200.0,2026-04-17,186812682,152,Neev Securities Pvt. Ltd.,Sani Securities Company Ltd.,2026-04-17 12:09:57.396304,National Hydro Power Company Limited
2026041704006354,NHPC,34,42,10,311.1,3111.0,2026-04-17,186812684,152,Vision Securities Pvt. Ltd,Sani Securities Company Ltd.,2026-04-17 12:09:57.396619,National Hydro Power Company Limited
2026041704006355,NHPC,45,42,500,311.1,155550.0,2026-04-17,186812686,152,Imperial Securities Company Pvt. Ltd.,Sani Securities Company Ltd.,2026-04-17 12:09:57.396910,National Hydro Power Company Limited
2026041704006356,NHPC,52,42,200,311.0,62200.0,2026-04-17,186812688,152,Sundhara Securities Limited,Sani Securities Company Ltd.,2026-04-17 12:09:57.397195,National Hydro Power Company Limited
2026041704006357,NHPC,6,42,215,311.0,66865.0,2026-04-17,186812690,152,Agrawal Securities (PVT) Ltd.,Sani Securities Company Ltd.,2026-04-17 12:09:57.397473,National Hydro Power Company Limited
2026041704006358,NHPC,49,42,500,311.0,155500.0,2026-04-17,186812692,152,Online Securities Pvt. Ltd.,Sani Securities Company Ltd.,2026-04-17 12:09:57.397806,National Hydro Power Company Limited
2026041704006359,NHPC,33,42,50,311.0,15550.0,2026-04-17,186812694,152,Dakshinkali Investment & Securities Pvt. Ltd.,Sani Securities Company Ltd.,2026-04-17 12:09:57.398131,National Hydro Power Company Limited
2026041704006360,NHPC,98,42,100,311.0,31100.0,2026-04-17,186812696,152,Trademow Securities Private Limited,Sani Securities Company Ltd.,2026-04-17 12:09:57.398427,National Hydro Power Company Limited
2026041704006361,NHPC,49,42,500,311.0,155500.0,2026-04-17,186812698,152,Online Securities Pvt. Ltd.,Sani Securities Company Ltd.,2026-04-17 12:09:57.398792,National Hydro Power Company Limited
2026041704006362,NHPC,34,42,1000,311.0,311000.0,2026-04-17,186812700,152,Vision Securities Pvt. Ltd,Sani Securities Company Ltd.,2026-04-17 12:09:57.399159,National Hydro Power Company Limited
2026041704006363,NHPC,82,42,440,311.0,136840.0,2026-04-17,186812702,152,N.M.B. SECURITIES LIMITED,Sani Securities Company Ltd.,2026-04-17 12:09:57.399431,National Hydro Power Company Limited
2026041704006364,NHPC,57,42,90,311.0,27990.0,2026-04-17,186812704,152,Aryatara Investment & Securities,Sani Securities Company Ltd.,2026-04-17 12:09:57.399680,National Hydro Power Company Limited
2026041704006365,NHPC,4,42,500,311.0,155500.0,2026-04-17,186812706,152,Opal Securities Investment (PVT) Ltd.,Sani Securities Company Ltd.,2026-04-17 12:09:57.399948,National Hydro Power Company Limited
2026041704006366,NHPC,80,42,300,311.0,93300.0,2026-04-17,186812708,152,Indira securities pvt. ltd,Sani Securities Company Ltd.,2026-04-17 12:09:57.400217,National Hydro Power Company Limited
2026041704006367,NHPC,38,42,200,311.0,62200.0,2026-04-17,186812710,152,Dipshikha Dhitopatra Karobar Co. Pvt Ltd.,Sani Securities Company Ltd.,2026-04-17 12:09:57.400477,National Hydro Power Company Limited
2026041704006368,NHPC,4,42,600,311.0,186600.0,2026-04-17,186812712,152,Opal Securities Investment (PVT) Ltd.,Sani Securities Company Ltd.,2026-04-17 12:09:57.400734,National Hydro Power Company Limited
2026041704006369,NHPC,34,42,15,311.0,4665.0,2026-04-17,186812714,152,Vision Securities Pvt. Ltd,Sani Securities Company Ltd.,2026-04-17 12:09:57.400999,National Hydro Power Company Limited
2026041704006370,NHPC,49,42,2000,311.0,622000.0,2026-04-17,186812716,152,Online Securities Pvt. Ltd.,Sani Securities Company Ltd.,2026-04-17 12:09:57.401252,National Hydro Power Company Limited
2026041704006371,NHPC,8,42,300,311.0,93300.0,2026-04-17,186812718,152,Brilliant Securities Pvt. Ltd.,Sani Securities Company Ltd.,2026-04-17 12:09:57.401518,National Hydro Power Company Limited
2026041704006372,NHPC,25,42,10,311.0,3110.0,2026-04-17,186812720,152,Sweta Securities Private Limited,Sani Securities Company Ltd.,2026-04-17 12:09:57.401771,National Hydro Power Company Limited
2026041704006373,NHPC,74,42,241,311.0,74951.0,2026-04-17,186812721,152,KALASH STOCK MARKET PVT. LTD.,Sani Securities Company Ltd.,2026-04-17 12:09:57.402029,National Hydro Power Company Limited
2026041704006375,NHPC,74,20,209,311.0,64999.0,2026-04-17,186812750,152,KALASH STOCK MARKET PVT. LTD.,Sipla Securities Private Limited,2026-04-17 12:09:58.770112,National Hydro Power Company Limited
2026041704006376,NHPC,58,20,100,311.0,31100.0,2026-04-17,186812752,152,Naasa Securities Co. Ltd.,Sipla Securities Private Limited,2026-04-17 12:09:58.771149,National Hydro Power Company Limited
2026041704006377,NHPC,64,20,200,311.0,62200.0,2026-04-17,186812754,152,SUN SECURITIES PVT LTD,Sipla Securities Private Limited,2026-04-17 12:09:58.771902,National Hydro Power Company Limited
2026041704006378,NHPC,58,20,100,311.0,31100.0,2026-04-17,186812756,152,Naasa Securities Co. Ltd.,Sipla Securities Private Limited,2026-04-17 12:09:58.772661,National Hydro Power Company Limited
2026041704006379,NHPC,56,20,100,311.0,31100.0,2026-04-17,186812758,152,Sri Hari Securities Pvt. Ltd.,Sipla Securities Private Limited,2026-04-17 12:09:58.773409,National Hydro Power Company Limited
2026041704006380,NHPC,59,20,1000,311.0,311000.0,2026-04-17,186812760,152,Deevyaa Securities & Stock House Pvt. Ltd,Sipla Securities Private Limited,2026-04-17 12:09:58.774186,National Hydro Power Company Limited
2026041704006381,NHPC,58,20,500,310.8,155400.0,2026-04-17,186812762,152,Naasa Securities Co. Ltd.,Sipla Securities Private Limited,2026-04-17 12:09:58.774972,National Hydro Power Company Limited
2026041704006382,NHPC,11,20,100,310.8,31080.0,2026-04-17,186812764,152,Malla & Malla Stock Broking Company Pvt. Limited,Sipla Securities Private Limited,2026-04-17 12:09:58.775748,National Hydro Power Company Limited
2026041704006383,NHPC,6,20,500,310.7,155350.0,2026-04-17,186812766,152,Agrawal Securities (PVT) Ltd.,Sipla Securities Private Limited,2026-04-17 12:09:58.776522,National Hydro Power Company Limited
2026041704006384,NHPC,35,20,50,310.7,15535.0,2026-04-17,186812768,152,Kohinoor Investment & Securities Pvt. Ltd.,Sipla Securities Private Limited,2026-04-17 12:09:58.777271,National Hydro Power Company Limited
2026041704006385,NHPC,35,20,2000,310.7,621400.0,2026-04-17,186812770,152,Kohinoor Investment & Securities Pvt. Ltd.,Sipla Securities Private Limited,2026-04-17 12:09:58.778024,National Hydro Power Company Limited
2026041704006386,NHPC,46,20,15,310.7,4660.5,2026-04-17,186812772,152,Kalika Securities Pvt. Ltd.,Sipla Securities Private Limited,2026-04-17 12:09:58.778800,National Hydro Power Company Limited
2026041704006387,NHPC,84,20,10000,310.7,3107000.0,2026-04-17,186812774,152,MILKY WAY SHARE BROKER COMPANY LTD ,Sipla Securities Private Limited,2026-04-17 12:09:58.779574,National Hydro Power Company Limited
2026041704006388,NHPC,51,20,300,310.7,93210.0,2026-04-17,186812776,152,Oxford Securities Pvt. Ltd.,Sipla Securities Private Limited,2026-04-17 12:09:58.780328,National Hydro Power Company Limited
2026041704006389,NHPC,45,20,500,310.7,155350.0,2026-04-17,186812778,152,Imperial Securities Company Pvt. Ltd.,Sipla Securities Private Limited,2026-04-17 12:09:58.781045,National Hydro Power Company Limited
2026041704006390,NHPC,49,20,300,310.5,93150.0,2026-04-17,186812780,152,Online Securities Pvt. Ltd.,Sipla Securities Private Limited,2026-04-17 12:09:58.781807,National Hydro Power Company Limited
2026041704006391,NHPC,34,20,100,310.2,31020.0,2026-04-17,186812782,152,Vision Securities Pvt. Ltd,Sipla Securities Private Limited,2026-04-17 12:09:58.782579,National Hydro Power Company Limited
2026041704006392,NHPC,51,20,50,310.1,15505.0,2026-04-17,186812784,152,Oxford Securities Pvt. Ltd.,Sipla Securities Private Limited,2026-04-17 12:09:58.783310,National Hydro Power Company Limited
2026041704006393,NHPC,50,20,500,310.1,155050.0,2026-04-17,186812786,152,Cristal Kanchanjanga Securites Pvt. Ltd.,Sipla Securities Private Limited,2026-04-17 12:09:58.784010,National Hydro Power Company Limited
2026041704006394,NHPC,41,20,100,310.1,31010.0,2026-04-17,186812788,152,Linch Stock Market Ltd.,Sipla Securities Private Limited,2026-04-17 12:09:58.784267,National Hydro Power Company Limited
2026041704006395,NHPC,51,20,1000,310.1,310100.0,2026-04-17,186812790,152,Oxford Securities Pvt. Ltd.,Sipla Securities Private Limited,2026-04-17 12:09:58.784518,National Hydro Power Company Limited
2026041704006396,NHPC,94,20,500,310.1,155050.0,2026-04-17,186812792,152,K.B.L. Securities Limited ,Sipla Securities Private Limited,2026-04-17 12:09:58.784760,National Hydro Power Company Limited
2026041704006397,NHPC,6,20,10,310.1,3101.0,2026-04-17,186812794,152,Agrawal Securities (PVT) Ltd.,Sipla Securities Private Limited,2026-04-17 12:09:58.785004,National Hydro Power Company Limited
2026041704006398,NHPC,58,20,5000,310.0,1550000.0,2026-04-17,186812796,152,Naasa Securities Co. Ltd.,Sipla Securities Private Limited,2026-04-17 12:09:58.785260,National Hydro Power Company Limited
2026041704006399,NHPC,71,20,1500,310.0,465000.0,2026-04-17,186812798,152,SHUBHAKAMANA SECURITIES PVT. LTD,Sipla Securities Private Limited,2026-04-17 12:09:58.785510,National Hydro Power Company Limited
2026041704006400,NHPC,71,20,1500,310.0,465000.0,2026-04-17,186812800,152,SHUBHAKAMANA SECURITIES PVT. LTD,Sipla Securities Private Limited,2026-04-17 12:09:58.785758,National Hydro Power Company Limited
2026041704006401,NHPC,64,20,1700,310.0,527000.0,2026-04-17,186812802,152,SUN SECURITIES PVT LTD,Sipla Securities Private Limited,2026-04-17 12:09:58.786001,National Hydro Power Company Limited
2026041704006402,NHPC,80,20,1000,310.0,310000.0,2026-04-17,186812804,152,Indira securities pvt. ltd,Sipla Securities Private Limited,2026-04-17 12:09:58.786235,National Hydro Power Company Limited
2026041704006403,NHPC,47,20,100,310.0,31000.0,2026-04-17,186812806,152,Neev Securities Pvt. Ltd.,Sipla Securities Private Limited,2026-04-17 12:09:58.786478,National Hydro Power Company Limited
2026041704006404,NHPC,16,20,50,310.0,15500.0,2026-04-17,186812808,152,Primo Securities (PVT) Ltd.,Sipla Securities Private Limited,2026-04-17 12:09:58.786709,National Hydro Power Company Limited
2026041704006405,NHPC,81,20,200,310.0,62000.0,2026-04-17,186812810,152,Aakashbhairab Securities Ltd.,Sipla Securities Private Limited,2026-04-17 12:09:58.786951,National Hydro Power Company Limited
2026041704006406,NHPC,38,20,50,310.0,15500.0,2026-04-17,186812812,152,Dipshikha Dhitopatra Karobar Co. Pvt Ltd.,Sipla Securities Private Limited,2026-04-17 12:09:58.787184,National Hydro Power Company Limited
2026041704006407,NHPC,51,20,100,310.0,31000.0,2026-04-17,186812814,152,Oxford Securities Pvt. Ltd.,Sipla Securities Private Limited,2026-04-17 12:09:58.787421,National Hydro Power Company Limited
2026041704006408,NHPC,58,20,100,310.0,31000.0,2026-04-17,186812816,152,Naasa Securities Co. Ltd.,Sipla Securities Private Limited,2026-04-17 12:09:58.787653,National Hydro Power Company Limited
2026041704006409,NHPC,42,20,466,310.0,144460.0,2026-04-17,186812817,152,Sani Securities Company Ltd.,Sipla Securities Private Limited,2026-04-17 12:09:58.787882,National Hydro Power Company Limited
2026041704006414,NHPC,96,96,3000,311.0,933000.0,2026-04-17,186812878,152,Himalayan Securities Limited,Himalayan Securities Limited,2026-04-17 12:10:05.274768,National Hydro Power Company Limited
2026041704006422,NHPC,58,56,50,310.3,15515.0,2026-04-17,186812935,152,Naasa Securities Co. Ltd.,Sri Hari Securities Pvt. Ltd.,2026-04-17 12:10:11.493866,National Hydro Power Company Limited
2026041704006429,NHPC,58,42,590,310.3,183077.0,2026-04-17,186813000,152,Naasa Securities Co. Ltd.,Sani Securities Company Ltd.,2026-04-17 12:10:12.511834,National Hydro Power Company Limited
2026041704006430,NHPC,45,42,2000,310.2,620400.0,2026-04-17,186813002,152,Imperial Securities Company Pvt. Ltd.,Sani Securities Company Ltd.,2026-04-17 12:10:12.512327,National Hydro Power Company Limited
2026041704006431,NHPC,60,42,15000,310.1,4651500.0,2026-04-17,186813004,152,Nagarik Stock Dealer ,Sani Securities Company Ltd.,2026-04-17 12:10:12.512574,National Hydro Power Company Limited
2026041704006432,NHPC,42,42,34,310.0,10540.0,2026-04-17,186813006,152,Sani Securities Company Ltd.,Sani Securities Company Ltd.,2026-04-17 12:10:12.512814,National Hydro Power Company Limited
2026041704006433,NHPC,50,42,1000,310.0,310000.0,2026-04-17,186813008,152,Cristal Kanchanjanga Securites Pvt. Ltd.,Sani Securities Company Ltd.,2026-04-17 12:10:12.513046,National Hydro Power Company Limited
2026041704006434,NHPC,22,42,500,310.0,155000.0,2026-04-17,186813010,152,Siprabi Securities Pvt. Ltd.,Sani Securities Company Ltd.,2026-04-17 12:10:12.513284,National Hydro Power Company Limited
2026041704006435,NHPC,64,42,200,310.0,62000.0,2026-04-17,186813012,152,SUN SECURITIES PVT LTD,Sani Securities Company Ltd.,2026-04-17 12:10:12.513521,National Hydro Power Company Limited
2026041704006436,NHPC,13,42,1000,310.0,310000.0,2026-04-17,186813014,152,Thrive Brokerage House Pvt. Ltd,Sani Securities Company Ltd.,2026-04-17 12:10:12.513749,National Hydro Power Company Limited
2026041704006437,NHPC,16,42,500,310.0,155000.0,2026-04-17,186813016,152,Primo Securities (PVT) Ltd.,Sani Securities Company Ltd.,2026-04-17 12:10:12.513985,National Hydro Power Company Limited
2026041704006438,NHPC,42,42,1000,310.0,310000.0,2026-04-17,186813018,152,Sani Securities Company Ltd.,Sani Securities Company Ltd.,2026-04-17 12:10:12.514216,National Hydro Power Company Limited
2026041704006439,NHPC,51,42,100,310.0,31000.0,2026-04-17,186813020,152,Oxford Securities Pvt. Ltd.,Sani Securities Company Ltd.,2026-04-17 12:10:12.514447,National Hydro Power Company Limited
2026041704006440,NHPC,58,42,1500,310.0,465000.0,2026-04-17,186813022,152,Naasa Securities Co. Ltd.,Sani Securities Company Ltd.,2026-04-17 12:10:12.514675,National Hydro Power Company Limited
2026041704006441,NHPC,88,42,100,310.0,31000.0,2026-04-17,186813024,152,Blue Chip Securities Ltd,Sani Securities Company Ltd.,2026-04-17 12:10:12.514906,National Hydro Power Company Limited
2026041704006442,NHPC,58,42,50,310.0,15500.0,2026-04-17,186813026,152,Naasa Securities Co. Ltd.,Sani Securities Company Ltd.,2026-04-17 12:10:12.515134,National Hydro Power Company Limited
2026041704006443,NHPC,38,42,300,310.0,93000.0,2026-04-17,186813028,152,Dipshikha Dhitopatra Karobar Co. Pvt Ltd.,Sani Securities Company Ltd.,2026-04-17 12:10:12.515396,National Hydro Power Company Limited
2026041704006444,NHPC,22,42,100,310.0,31000.0,2026-04-17,186813030,152,Siprabi Securities Pvt. Ltd.,Sani Securities Company Ltd.,2026-04-17 12:10:12.515623,National Hydro Power Company Limited
2026041704006445,NHPC,49,42,323,310.0,100130.0,2026-04-17,186813032,152,Online Securities Pvt. Ltd.,Sani Securities Company Ltd.,2026-04-17 12:10:12.515844,National Hydro Power Company Limited
2026041704006446,NHPC,32,42,50,310.0,15500.0,2026-04-17,186813034,152,Premier Securities Company Ltd.,Sani Securities Company Ltd.,2026-04-17 12:10:12.516075,National Hydro Power Company Limited
2026041704006447,NHPC,34,42,500,310.0,155000.0,2026-04-17,186813036,152,Vision Securities Pvt. Ltd,Sani Securities Company Ltd.,2026-04-17 12:10:12.516300,National Hydro Power Company Limited
2026041704006448,NHPC,45,42,40,310.0,12400.0,2026-04-17,186813038,152,Imperial Securities Company Pvt. Ltd.,Sani Securities Company Ltd.,2026-04-17 12:10:12.516536,National Hydro Power Company Limited
2026041704006449,NHPC,48,42,300,310.0,93000.0,2026-04-17,186813040,152,Trishakti Securities Public Limited,Sani Securities Company Ltd.,2026-04-17 12:10:12.516757,National Hydro Power Company Limited
2026041704006450,NHPC,52,42,1000,310.0,310000.0,2026-04-17,186813042,152,Sundhara Securities Limited,Sani Securities Company Ltd.,2026-04-17 12:10:12.516976,National Hydro Power Company Limited
2026041704006451,NHPC,32,42,50,310.0,15500.0,2026-04-17,186813044,152,Premier Securities Company Ltd.,Sani Securities Company Ltd.,2026-04-17 12:10:12.517206,National Hydro Power Company Limited
2026041704006452,NHPC,13,42,100,310.0,31000.0,2026-04-17,186813046,152,Thrive Brokerage House Pvt. Ltd,Sani Securities Company Ltd.,2026-04-17 12:10:12.517426,National Hydro Power Company Limited
2026041704006453,NHPC,39,42,1365,310.0,423150.0,2026-04-17,186813048,152,Sumeru Securities Pvt. Ltd.,Sani Securities Company Ltd.,2026-04-17 12:10:12.517648,National Hydro Power Company Limited
2026041704006454,NHPC,38,42,200,310.0,62000.0,2026-04-17,186813050,152,Dipshikha Dhitopatra Karobar Co. Pvt Ltd.,Sani Securities Company Ltd.,2026-04-17 12:10:12.517868,National Hydro Power Company Limited
2026041704006455,NHPC,32,42,1000,310.0,310000.0,2026-04-17,186813052,152,Premier Securities Company Ltd.,Sani Securities Company Ltd.,2026-04-17 12:10:12.518091,National Hydro Power Company Limited
2026041704006456,NHPC,86,42,1000,310.0,310000.0,2026-04-17,186813054,152,Stoxkarts Securities Limited,Sani Securities Company Ltd.,2026-04-17 12:10:12.518305,National Hydro Power Company Limited
2026041704006457,NHPC,32,42,150,310.0,46500.0,2026-04-17,186813056,152,Premier Securities Company Ltd.,Sani Securities Company Ltd.,2026-04-17 12:10:12.518530,National Hydro Power Company Limited
2026041704006458,NHPC,52,42,1500,310.0,465000.0,2026-04-17,186813058,152,Sundhara Securities Limited,Sani Securities Company Ltd.,2026-04-17 12:10:12.518745,National Hydro Power Company Limited
2026041704006459,NHPC,70,42,3000,310.0,930000.0,2026-04-17,186813060,152,Infinity Securities Limited,Sani Securities Company Ltd.,2026-04-17 12:10:12.518959,National Hydro Power Company Limited
2026041704006460,NHPC,35,42,20,310.0,6200.0,2026-04-17,186813062,152,Kohinoor Investment & Securities Pvt. Ltd.,Sani Securities Company Ltd.,2026-04-17 12:10:12.519171,National Hydro Power Company Limited
2026041704006461,NHPC,71,42,1000,310.0,310000.0,2026-04-17,186813064,152,SHUBHAKAMANA SECURITIES PVT. LTD,Sani Securities Company Ltd.,2026-04-17 12:10:12.519391,National Hydro Power Company Limited
2026041704006462,NHPC,71,42,1000,310.0,310000.0,2026-04-17,186813066,152,SHUBHAKAMANA SECURITIES PVT. LTD,Sani Securities Company Ltd.,2026-04-17 12:10:12.519608,National Hydro Power Company Limited
2026041704006463,NHPC,48,42,200,310.0,62000.0,2026-04-17,186813068,152,Trishakti Securities Public Limited,Sani Securities Company Ltd.,2026-04-17 12:10:12.519827,National Hydro Power Company Limited
2026041704006464,NHPC,41,42,500,310.0,155000.0,2026-04-17,186813070,152,Linch Stock Market Ltd.,Sani Securities Company Ltd.,2026-04-17 12:10:12.520039,National Hydro Power Company Limited
2026041704006465,NHPC,45,42,100,310.0,31000.0,2026-04-17,186813072,152,Imperial Securities Company Pvt. Ltd.,Sani Securities Company Ltd.,2026-04-17 12:10:12.520255,National Hydro Power Company Limited
2026041704006466,NHPC,42,42,400,310.0,124000.0,2026-04-17,186813074,152,Sani Securities Company Ltd.,Sani Securities Company Ltd.,2026-04-17 12:10:12.520471,National Hydro Power Company Limited
2026041704006467,NHPC,49,42,200,310.0,62000.0,2026-04-17,186813076,152,Online Securities Pvt. Ltd.,Sani Securities Company Ltd.,2026-04-17 12:10:12.520679,National Hydro Power Company Limited
2026041704006468,NHPC,16,42,200,310.0,62000.0,2026-04-17,186813078,152,Primo Securities (PVT) Ltd.,Sani Securities Company Ltd.,2026-04-17 12:10:12.520888,National Hydro Power Company Limited
2026041704006469,NHPC,59,42,1000,310.0,310000.0,2026-04-17,186813080,152,Deevyaa Securities & Stock House Pvt. Ltd,Sani Securities Company Ltd.,2026-04-17 12:10:12.521104,National Hydro Power Company Limited
2026041704006470,NHPC,48,42,190,310.0,58900.0,2026-04-17,186813082,152,Trishakti Securities Public Limited,Sani Securities Company Ltd.,2026-04-17 12:10:12.521310,National Hydro Power Company Limited
2026041704006471,NHPC,89,42,500,310.0,155000.0,2026-04-17,186813084,152,Global IME Securities Limited,Sani Securities Company Ltd.,2026-04-17 12:10:12.521537,National Hydro Power Company Limited
2026041704006472,NHPC,37,42,2000,310.0,620000.0,2026-04-17,186813086,152,Swarna Laxmi Securities Pvt. Ltd.,Sani Securities Company Ltd.,2026-04-17 12:10:12.521744,National Hydro Power Company Limited
2026041704006473,NHPC,39,42,2000,310.0,620000.0,2026-04-17,186813088,152,Sumeru Securities Pvt. Ltd.,Sani Securities Company Ltd.,2026-04-17 12:10:12.521956,National Hydro Power Company Limited
2026041704006474,NHPC,58,42,1138,310.0,352780.0,2026-04-17,186813089,152,Naasa Securities Co. Ltd.,Sani Securities Company Ltd.,2026-04-17 12:10:12.522168,National Hydro Power Company Limited
2026041704006480,NHPC,14,96,200,310.2,62040.0,2026-04-17,186813166,152,Nepal Stock House (PVT) Ltd.,Himalayan Securities Limited,2026-04-17 12:10:18.600517,National Hydro Power Company Limited
2026041704006481,NHPC,58,96,3862,310.0,1197220.0,2026-04-17,186813168,152,Naasa Securities Co. Ltd.,Himalayan Securities Limited,2026-04-17 12:10:18.601609,National Hydro Power Company Limited
2026041704006482,NHPC,19,96,80,310.0,24800.0,2026-04-17,186813170,152,Nepal Investment And Securities Trading Private Limited,Himalayan Securities Limited,2026-04-17 12:10:18.602673,National Hydro Power Company Limited
2026041704006483,NHPC,14,96,40,310.0,12400.0,2026-04-17,186813172,152,Nepal Stock House (PVT) Ltd.,Himalayan Securities Limited,2026-04-17 12:10:18.603661,National Hydro Power Company Limited
2026041704006484,NHPC,51,96,200,310.0,62000.0,2026-04-17,186813174,152,Oxford Securities Pvt. Ltd.,Himalayan Securities Limited,2026-04-17 12:10:18.604595,National Hydro Power Company Limited
2026041704006485,NHPC,67,96,618,310.0,191580.0,2026-04-17,186813175,152,Property Wiard Limited,Himalayan Securities Limited,2026-04-17 12:10:18.605545,National Hydro Power Company Limited
2026041704006494,NHPC,67,45,987,310.0,305970.0,2026-04-17,186813226,152,Property Wiard Limited,Imperial Securities Company Pvt. Ltd.,2026-04-17 12:10:22.454226,National Hydro Power Company Limited
2026041704006495,NHPC,42,45,100,310.0,31000.0,2026-04-17,186813228,152,Sani Securities Company Ltd.,Imperial Securities Company Pvt. Ltd.,2026-04-17 12:10:22.454734,National Hydro Power Company Limited
2026041704006504,NHPC,25,45,100,310.0,31000.0,2026-04-17,186813288,152,Sweta Securities Private Limited,Imperial Securities Company Pvt. Ltd.,2026-04-17 12:10:27.422355,National Hydro Power Company Limited
2026041704006522,NHPC,21,45,1519,310.0,470890.0,2026-04-17,186813335,152,Midas Stock Broking Company Private Limited,Imperial Securities Company Pvt. Ltd.,2026-04-17 12:10:30.305833,National Hydro Power Company Limited
2026041704006523,NHPC,21,96,481,310.0,149110.0,2026-04-17,186813338,152,Midas Stock Broking Company Private Limited,Himalayan Securities Limited,2026-04-17 12:10:30.306752,National Hydro Power Company Limited
2026041704006542,NHPC,60,96,1519,310.0,470890.0,2026-04-17,186813657,152,Nagarik Stock Dealer ,Himalayan Securities Limited,2026-04-17 12:10:54.449715,National Hydro Power Company Limited
2026041704006543,NHPC,60,58,100,310.0,31000.0,2026-04-17,186813663,152,Nagarik Stock Dealer ,Naasa Securities Co. Ltd.,2026-04-17 12:10:55.210655,National Hydro Power Company Limited
2026041704006549,NHPC,60,25,500,310.0,155000.0,2026-04-17,186813735,152,Nagarik Stock Dealer ,Sweta Securities Private Limited,2026-04-17 12:10:59.554824,National Hydro Power Company Limited
2026041704006558,NHPC,60,58,16,310.0,4960.0,2026-04-17,186813783,152,Nagarik Stock Dealer ,Naasa Securities Co. Ltd.,2026-04-17 12:11:00.747824,National Hydro Power Company Limited
2026041704006559,NHPC,60,45,500,310.0,155000.0,2026-04-17,186813791,152,Nagarik Stock Dealer ,Imperial Securities Company Pvt. Ltd.,2026-04-17 12:11:00.856926,National Hydro Power Company Limited
2026041704006560,NHPC,60,11,2365,310.0,733150.0,2026-04-17,186813796,152,Nagarik Stock Dealer ,Malla & Malla Stock Broking Company Pvt. Limited,2026-04-17 12:11:01.070660,National Hydro Power Company Limited
2026041704006561,NHPC,96,11,735,310.0,227850.0,2026-04-17,186813797,152,Himalayan Securities Limited,Malla & Malla Stock Broking Company Pvt. Limited,2026-04-17 12:11:01.071495,National Hydro Power Company Limited
2026041704006569,NHPC,96,34,25,310.0,7750.0,2026-04-17,186813857,152,Himalayan Securities Limited,Vision Securities Pvt. Ltd,2026-04-17 12:11:05.838204,National Hydro Power Company Limited
2026041704006570,NHPC,96,19,300,310.0,93000.0,2026-04-17,186813861,152,Himalayan Securities Limited,Nepal Investment And Securities Trading Private Limited,2026-04-17 12:11:05.954175,National Hydro Power Company Limited
2026041704006571,NHPC,96,66,500,310.0,155000.0,2026-04-17,186813871,152,Himalayan Securities Limited,Miyo Securities Pvt Ltd,2026-04-17 12:11:06.857794,National Hydro Power Company Limited
2026041704006575,NHPC,96,71,440,310.0,136400.0,2026-04-17,186813918,152,Himalayan Securities Limited,SHUBHAKAMANA SECURITIES PVT. LTD,2026-04-17 12:11:08.369638,National Hydro Power Company Limited
2026041704006578,NHPC,4,71,29,310.0,8990.0,2026-04-17,186813932,152,Opal Securities Investment (PVT) Ltd.,SHUBHAKAMANA SECURITIES PVT. LTD,2026-04-17 12:11:09.329608,National Hydro Power Company Limited
2026041704006587,NHPC,44,71,1000,310.0,310000.0,2026-04-17,186814018,152,Dynamic Money Managers Securities Pvt. Ltd.,SHUBHAKAMANA SECURITIES PVT. LTD,2026-04-17 12:11:16.095047,National Hydro Power Company Limited
2026041704006596,NHPC,58,71,400,310.0,124000.0,2026-04-17,186814066,152,Naasa Securities Co. Ltd.,SHUBHAKAMANA SECURITIES PVT. LTD,2026-04-17 12:11:18.243640,National Hydro Power Company Limited
2026041704006598,NHPC,34,44,10,309.8,3098.0,2026-04-17,186814172,152,Vision Securities Pvt. Ltd,Dynamic Money Managers Securities Pvt. Ltd.,2026-04-17 12:11:23.136998,National Hydro Power Company Limited
2026041704006599,NHPC,42,44,419,309.8,129806.2,2026-04-17,186814173,152,Sani Securities Company Ltd.,Dynamic Money Managers Securities Pvt. Ltd.,2026-04-17 12:11:23.137903,National Hydro Power Company Limited
2026041704006602,NHPC,4,71,1400,310.0,434000.0,2026-04-17,186814206,152,Opal Securities Investment (PVT) Ltd.,SHUBHAKAMANA SECURITIES PVT. LTD,2026-04-17 12:11:26.638264,National Hydro Power Company Limited
2026041704006616,NHPC,29,71,1731,310.0,536610.0,2026-04-17,186814379,152,Trisul Securities & Invt. Ltd.,SHUBHAKAMANA SECURITIES PVT. LTD,2026-04-17 12:11:36.892909,National Hydro Power Company Limited
2026041704006617,NHPC,29,11,2769,310.0,858390.0,2026-04-17,186814382,152,Trisul Securities & Invt. Ltd.,Malla & Malla Stock Broking Company Pvt. Limited,2026-04-17 12:11:36.893432,National Hydro Power Company Limited
2026041704006622,NHPC,18,11,331,310.0,102610.0,2026-04-17,186814395,152,Sagarmatha Securities Private Limited,Malla & Malla Stock Broking Company Pvt. Limited,2026-04-17 12:11:38.077471,National Hydro Power Company Limited
2026041704006651,NHPC,58,34,200,310.1,62020.0,2026-04-17,186814565,152,Naasa Securities Co. Ltd.,Vision Securities Pvt. Ltd,2026-04-17 12:11:48.937208,National Hydro Power Company Limited
2026041704006655,NHPC,58,58,50,310.1,15505.0,2026-04-17,186814588,152,Naasa Securities Co. Ltd.,Naasa Securities Co. Ltd.,2026-04-17 12:11:50.525393,National Hydro Power Company Limited
2026041704006656,NHPC,18,58,500,310.0,155000.0,2026-04-17,186814589,152,Sagarmatha Securities Private Limited,Naasa Securities Co. Ltd.,2026-04-17 12:11:50.526547,National Hydro Power Company Limited
2026041704006677,NHPC,58,52,100,310.5,31050.0,2026-04-17,186814680,152,Naasa Securities Co. Ltd.,Sundhara Securities Limited,2026-04-17 12:11:53.813837,National Hydro Power Company Limited
2026041704006678,NHPC,18,58,500,310.0,155000.0,2026-04-17,186814691,152,Sagarmatha Securities Private Limited,Naasa Securities Co. Ltd.,2026-04-17 12:11:54.623697,National Hydro Power Company Limited
2026041704006679,NHPC,18,58,100,310.0,31000.0,2026-04-17,186814719,152,Sagarmatha Securities Private Limited,Naasa Securities Co. Ltd.,2026-04-17 12:11:57.219588,National Hydro Power Company Limited
2026041704006680,NHPC,18,58,2569,310.0,796390.0,2026-04-17,186814722,152,Sagarmatha Securities Private Limited,Naasa Securities Co. Ltd.,2026-04-17 12:11:57.240641,National Hydro Power Company Limited
2026041704006681,NHPC,49,58,1000,310.0,310000.0,2026-04-17,186814724,152,Online Securities Pvt. Ltd.,Naasa Securities Co. Ltd.,2026-04-17 12:11:57.241617,National Hydro Power Company Limited
2026041704006682,NHPC,66,58,1431,310.0,443610.0,2026-04-17,186814725,152,Miyo Securities Pvt Ltd,Naasa Securities Co. Ltd.,2026-04-17 12:11:57.242445,National Hydro Power Company Limited
2026041704006683,NHPC,66,96,569,310.0,176390.0,2026-04-17,186814736,152,Miyo Securities Pvt Ltd,Himalayan Securities Limited,2026-04-17 12:11:58.240176,National Hydro Power Company Limited
2026041704006741,NHPC,64,96,1000,310.0,310000.0,2026-04-17,186815064,152,SUN SECURITIES PVT LTD,Himalayan Securities Limited,2026-04-17 12:12:13.200934,National Hydro Power Company Limited
2026041704006742,NHPC,71,96,436,310.0,135160.0,2026-04-17,186815065,152,SHUBHAKAMANA SECURITIES PVT. LTD,Himalayan Securities Limited,2026-04-17 12:12:13.439937,National Hydro Power Company Limited
2026041704006743,NHPC,71,34,500,310.0,155000.0,2026-04-17,186815067,152,SHUBHAKAMANA SECURITIES PVT. LTD,Vision Securities Pvt. Ltd,2026-04-17 12:12:13.440919,National Hydro Power Company Limited
2026041704006749,NHPC,39,52,85,310.5,26392.5,2026-04-17,186815105,152,Sumeru Securities Pvt. Ltd.,Sundhara Securities Limited,2026-04-17 12:12:14.917826,National Hydro Power Company Limited
2026041704006750,NHPC,39,71,365,310.5,113332.5,2026-04-17,186815108,152,Sumeru Securities Pvt. Ltd.,SHUBHAKAMANA SECURITIES PVT. LTD,2026-04-17 12:12:14.917927,National Hydro Power Company Limited
2026041704006772,NHPC,57,71,800,310.5,248400.0,2026-04-17,186815322,152,Aryatara Investment & Securities,SHUBHAKAMANA SECURITIES PVT. LTD,2026-04-17 12:12:31.788179,National Hydro Power Company Limited
2026041704006779,NHPC,71,38,64,310.0,19840.0,2026-04-17,186815406,152,SHUBHAKAMANA SECURITIES PVT. LTD,Dipshikha Dhitopatra Karobar Co. Pvt Ltd.,2026-04-17 12:12:37.144457,National Hydro Power Company Limited
2026041704006780,NHPC,70,38,277,310.0,85870.0,2026-04-17,186815407,152,Infinity Securities Limited,Dipshikha Dhitopatra Karobar Co. Pvt Ltd.,2026-04-17 12:12:37.144911,National Hydro Power Company Limited
2026041704006782,NHPC,70,42,723,310.0,224130.0,2026-04-17,186815436,152,Infinity Securities Limited,Sani Securities Company Ltd.,2026-04-17 12:12:38.327661,National Hydro Power Company Limited
2026041704006783,NHPC,62,42,500,310.0,155000.0,2026-04-17,186815438,152,Capital Max Securities Ltd,Sani Securities Company Ltd.,2026-04-17 12:12:38.328109,National Hydro Power Company Limited
2026041704006784,NHPC,49,42,2000,310.0,620000.0,2026-04-17,186815440,152,Online Securities Pvt. Ltd.,Sani Securities Company Ltd.,2026-04-17 12:12:38.328346,National Hydro Power Company Limited
2026041704006785,NHPC,99,42,100,310.0,31000.0,2026-04-17,186815442,152,Prabhu Stock Market Limited,Sani Securities Company Ltd.,2026-04-17 12:12:38.328564,National Hydro Power Company Limited
2026041704006786,NHPC,35,42,500,310.0,155000.0,2026-04-17,186815444,152,Kohinoor Investment & Securities Pvt. Ltd.,Sani Securities Company Ltd.,2026-04-17 12:12:38.328776,National Hydro Power Company Limited
2026041704006787,NHPC,10,42,500,310.0,155000.0,2026-04-17,186815446,152,Pragyan Securities (PVT) Ltd.,Sani Securities Company Ltd.,2026-04-17 12:12:38.328999,National Hydro Power Company Limited
2026041704006788,NHPC,62,42,1000,310.0,310000.0,2026-04-17,186815448,152,Capital Max Securities Ltd,Sani Securities Company Ltd.,2026-04-17 12:12:38.329212,National Hydro Power Company Limited
2026041704006789,NHPC,58,42,170,310.0,52700.0,2026-04-17,186815471,152,Naasa Securities Co. Ltd.,Sani Securities Company Ltd.,2026-04-17 12:12:40.668736,National Hydro Power Company Limited
2026041704006802,NHPC,21,42,500,310.0,155000.0,2026-04-17,186815594,152,Midas Stock Broking Company Private Limited,Sani Securities Company Ltd.,2026-04-17 12:12:46.351806,National Hydro Power Company Limited
2026041704006803,NHPC,100,42,50,310.0,15500.0,2026-04-17,186815640,152,Sunrise Securities Limited,Sani Securities Company Ltd.,2026-04-17 12:12:49.103230,National Hydro Power Company Limited
2026041704006813,NHPC,48,64,200,309.9,61980.0,2026-04-17,186815722,152,Trishakti Securities Public Limited,SUN SECURITIES PVT LTD,2026-04-17 12:12:53.890369,National Hydro Power Company Limited
2026041704006814,NHPC,42,64,160,309.8,49568.0,2026-04-17,186815723,152,Sani Securities Company Ltd.,SUN SECURITIES PVT LTD,2026-04-17 12:12:53.891272,National Hydro Power Company Limited
2026041704006885,NHPC,21,42,1000,310.0,310000.0,2026-04-17,186815998,152,Midas Stock Broking Company Private Limited,Sani Securities Company Ltd.,2026-04-17 12:13:06.926148,National Hydro Power Company Limited
2026041704006886,NHPC,25,42,200,310.0,62000.0,2026-04-17,186816010,152,Sweta Securities Private Limited,Sani Securities Company Ltd.,2026-04-17 12:13:08.043050,National Hydro Power Company Limited
2026041704006888,NHPC,96,44,500,309.9,154950.0,2026-04-17,186816049,152,Himalayan Securities Limited,Dynamic Money Managers Securities Pvt. Ltd.,2026-04-17 12:13:10.136640,National Hydro Power Company Limited
2026041704006889,NHPC,38,42,500,310.0,155000.0,2026-04-17,186816056,152,Dipshikha Dhitopatra Karobar Co. Pvt Ltd.,Sani Securities Company Ltd.,2026-04-17 12:13:10.292368,National Hydro Power Company Limited
2026041704006890,NHPC,48,42,150,310.0,46500.0,2026-04-17,186816070,152,Trishakti Securities Public Limited,Sani Securities Company Ltd.,2026-04-17 12:13:10.465020,National Hydro Power Company Limited
2026041704006892,NHPC,58,42,50,310.0,15500.0,2026-04-17,186816144,152,Naasa Securities Co. Ltd.,Sani Securities Company Ltd.,2026-04-17 12:13:15.864021,National Hydro Power Company Limited
2026041704006898,NHPC,32,42,1000,310.0,310000.0,2026-04-17,186816158,152,Premier Securities Company Ltd.,Sani Securities Company Ltd.,2026-04-17 12:13:16.651962,National Hydro Power Company Limited
2026041704006900,NHPC,22,42,1000,310.0,310000.0,2026-04-17,186816164,152,Siprabi Securities Pvt. Ltd.,Sani Securities Company Ltd.,2026-04-17 12:13:17.376098,National Hydro Power Company Limited
2026041704006903,NHPC,96,42,4000,309.9,1239600.0,2026-04-17,186816194,152,Himalayan Securities Limited,Sani Securities Company Ltd.,2026-04-17 12:13:21.527574,National Hydro Power Company Limited
2026041704006904,NHPC,42,42,4000,309.8,1239200.0,2026-04-17,186816195,152,Sani Securities Company Ltd.,Sani Securities Company Ltd.,2026-04-17 12:13:21.528064,National Hydro Power Company Limited
2026041704006910,NHPC,56,58,20,309.9,6198.0,2026-04-17,186816236,152,Sri Hari Securities Pvt. Ltd.,Naasa Securities Co. Ltd.,2026-04-17 12:13:24.059003,National Hydro Power Company Limited
2026041704006914,NHPC,42,42,20,310.0,6200.0,2026-04-17,186816266,152,Sani Securities Company Ltd.,Sani Securities Company Ltd.,2026-04-17 12:13:28.102220,National Hydro Power Company Limited
2026041704006921,NHPC,42,38,46,309.8,14250.8,2026-04-17,186816311,152,Sani Securities Company Ltd.,Dipshikha Dhitopatra Karobar Co. Pvt Ltd.,2026-04-17 12:13:31.217564,National Hydro Power Company Limited
2026041704006922,NHPC,97,64,3900,309.9,1208610.0,2026-04-17,186816321,152,R.B.B. Securities Company Ltd,SUN SECURITIES PVT LTD,2026-04-17 12:13:31.494717,National Hydro Power Company Limited
2026041704006923,NHPC,97,42,37,310.0,11470.0,2026-04-17,186816323,152,R.B.B. Securities Company Ltd,Sani Securities Company Ltd.,2026-04-17 12:13:31.495203,National Hydro Power Company Limited
2026041704006924,NHPC,97,51,200,310.0,62000.0,2026-04-17,186816325,152,R.B.B. Securities Company Ltd,Oxford Securities Pvt. Ltd.,2026-04-17 12:13:31.495445,National Hydro Power Company Limited
2026041704006925,NHPC,97,49,24,310.0,7440.0,2026-04-17,186816327,152,R.B.B. Securities Company Ltd,Online Securities Pvt. Ltd.,2026-04-17 12:13:31.495666,National Hydro Power Company Limited
2026041704006926,NHPC,97,58,300,310.0,93000.0,2026-04-17,186816329,152,R.B.B. Securities Company Ltd,Naasa Securities Co. Ltd.,2026-04-17 12:13:31.495883,National Hydro Power Company Limited
2026041704006936,NHPC,97,45,50,310.0,15500.0,2026-04-17,186816375,152,R.B.B. Securities Company Ltd,Imperial Securities Company Pvt. Ltd.,2026-04-17 12:13:36.050505,National Hydro Power Company Limited
2026041704006937,NHPC,97,36,489,310.0,151590.0,2026-04-17,186816378,152,R.B.B. Securities Company Ltd,Secured Securities Ltd.,2026-04-17 12:13:36.100764,National Hydro Power Company Limited
2026041704006938,NHPC,34,36,10,310.0,3100.0,2026-04-17,186816380,152,Vision Securities Pvt. Ltd,Secured Securities Ltd.,2026-04-17 12:13:36.101496,National Hydro Power Company Limited
2026041704006941,NHPC,96,36,356,310.0,110360.0,2026-04-17,186816393,152,Himalayan Securities Limited,Secured Securities Ltd.,2026-04-17 12:13:36.904560,National Hydro Power Company Limited
2026041704006942,NHPC,96,7,1000,310.0,310000.0,2026-04-17,186816395,152,Himalayan Securities Limited,J.F. Securites (PVT) Ltd.,2026-04-17 12:13:36.905602,National Hydro Power Company Limited
2026041704006943,NHPC,96,71,644,310.0,199640.0,2026-04-17,186816418,152,Himalayan Securities Limited,SHUBHAKAMANA SECURITIES PVT. LTD,2026-04-17 12:13:37.740802,National Hydro Power Company Limited
2026041704006946,NHPC,51,71,26,310.0,8060.0,2026-04-17,186816450,152,Oxford Securities Pvt. Ltd.,SHUBHAKAMANA SECURITIES PVT. LTD,2026-04-17 12:13:40.598910,National Hydro Power Company Limited
2026041704006954,NHPC,5,71,200,310.0,62000.0,2026-04-17,186816516,152,Market Securities & Exchange (PVT) Ltd.,SHUBHAKAMANA SECURITIES PVT. LTD,2026-04-17 12:13:46.092393,National Hydro Power Company Limited
2026041704006972,NHPC,58,71,1000,310.0,310000.0,2026-04-17,186816642,152,Naasa Securities Co. Ltd.,SHUBHAKAMANA SECURITIES PVT. LTD,2026-04-17 12:13:52.140484,National Hydro Power Company Limited
2026041704006982,NHPC,97,71,3130,310.0,970300.0,2026-04-17,186816675,152,R.B.B. Securities Company Ltd,SHUBHAKAMANA SECURITIES PVT. LTD,2026-04-17 12:13:54.745874,National Hydro Power Company Limited
2026041704006983,NHPC,97,35,555,310.0,172050.0,2026-04-17,186816677,152,R.B.B. Securities Company Ltd,Kohinoor Investment & Securities Pvt. Ltd.,2026-04-17 12:13:54.746837,National Hydro Power Company Limited
2026041704006985,NHPC,97,48,200,310.0,62000.0,2026-04-17,186816735,152,R.B.B. Securities Company Ltd,Trishakti Securities Public Limited,2026-04-17 12:13:58.206855,National Hydro Power Company Limited
2026041704006998,NHPC,58,56,10,310.1,3101.0,2026-04-17,186816852,152,Naasa Securities Co. Ltd.,Sri Hari Securities Pvt. Ltd.,2026-04-17 12:14:08.315030,National Hydro Power Company Limited
2026041704006999,NHPC,97,56,40,310.0,12400.0,2026-04-17,186816853,152,R.B.B. Securities Company Ltd,Sri Hari Securities Pvt. Ltd.,2026-04-17 12:14:08.315533,National Hydro Power Company Limited
2026041704007000,NHPC,45,71,2000,310.5,621000.0,2026-04-17,186816864,152,Imperial Securities Company Pvt. Ltd.,SHUBHAKAMANA SECURITIES PVT. LTD,2026-04-17 12:14:08.794065,National Hydro Power Company Limited
2026041704007005,NHPC,49,71,1500,310.5,465750.0,2026-04-17,186816910,152,Online Securities Pvt. Ltd.,SHUBHAKAMANA SECURITIES PVT. LTD,2026-04-17 12:14:14.376477,National Hydro Power Company Limited
2026041704007007,NHPC,98,58,1000,310.1,310100.0,2026-04-17,186816954,152,Trademow Securities Private Limited,Naasa Securities Co. Ltd.,2026-04-17 12:14:17.878675,National Hydro Power Company Limited
2026041704007008,NHPC,97,58,1075,310.0,333250.0,2026-04-17,186816956,152,R.B.B. Securities Company Ltd,Naasa Securities Co. Ltd.,2026-04-17 12:14:17.879667,National Hydro Power Company Limited
2026041704007009,NHPC,96,58,925,310.0,286750.0,2026-04-17,186816957,152,Himalayan Securities Limited,Naasa Securities Co. Ltd.,2026-04-17 12:14:17.880369,National Hydro Power Company Limited
2026041704007015,NHPC,96,42,1075,310.0,333250.0,2026-04-17,186817030,152,Himalayan Securities Limited,Sani Securities Company Ltd.,2026-04-17 12:14:24.321706,National Hydro Power Company Limited
2026041704007016,NHPC,56,42,50,310.0,15500.0,2026-04-17,186817032,152,Sri Hari Securities Pvt. Ltd.,Sani Securities Company Ltd.,2026-04-17 12:14:24.322709,National Hydro Power Company Limited
2026041704007017,NHPC,45,42,20,310.0,6200.0,2026-04-17,186817034,152,Imperial Securities Company Pvt. Ltd.,Sani Securities Company Ltd.,2026-04-17 12:14:24.323441,National Hydro Power Company Limited
2026041704007018,NHPC,17,42,2000,310.0,620000.0,2026-04-17,186817036,152,ABC Securities Private Limited,Sani Securities Company Ltd.,2026-04-17 12:14:24.324132,National Hydro Power Company Limited
2026041704007019,NHPC,49,42,2000,310.0,620000.0,2026-04-17,186817038,152,Online Securities Pvt. Ltd.,Sani Securities Company Ltd.,2026-04-17 12:14:24.324803,National Hydro Power Company Limited
2026041704007020,NHPC,57,42,64,310.0,19840.0,2026-04-17,186817040,152,Aryatara Investment & Securities,Sani Securities Company Ltd.,2026-04-17 12:14:24.325491,National Hydro Power Company Limited
2026041704007021,NHPC,3,42,20,310.0,6200.0,2026-04-17,186817042,152,Arun Securities (PVT) Ltd.,Sani Securities Company Ltd.,2026-04-17 12:14:24.326176,National Hydro Power Company Limited
2026041704007022,NHPC,17,42,300,310.0,93000.0,2026-04-17,186817044,152,ABC Securities Private Limited,Sani Securities Company Ltd.,2026-04-17 12:14:24.326870,National Hydro Power Company Limited
2026041704007023,NHPC,45,42,2000,310.0,620000.0,2026-04-17,186817046,152,Imperial Securities Company Pvt. Ltd.,Sani Securities Company Ltd.,2026-04-17 12:14:24.434425,National Hydro Power Company Limited
2026041704007027,NHPC,21,62,500,309.9,154950.0,2026-04-17,186817079,152,Midas Stock Broking Company Private Limited,Capital Max Securities Ltd,2026-04-17 12:14:26.509537,National Hydro Power Company Limited
2026041704007032,NHPC,25,42,200,310.0,62000.0,2026-04-17,186817102,152,Sweta Securities Private Limited,Sani Securities Company Ltd.,2026-04-17 12:14:29.823956,National Hydro Power Company Limited
2026041704007034,NHPC,58,58,11,309.9,3408.9,2026-04-17,186817108,152,Naasa Securities Co. Ltd.,Naasa Securities Co. Ltd.,2026-04-17 12:14:30.574386,National Hydro Power Company Limited
2026041704007035,NHPC,42,58,375,309.8,116175.0,2026-04-17,186817110,152,Sani Securities Company Ltd.,Naasa Securities Co. Ltd.,2026-04-17 12:14:30.574490,National Hydro Power Company Limited
2026041704007036,NHPC,45,58,20,309.8,6196.0,2026-04-17,186817112,152,Imperial Securities Company Pvt. Ltd.,Naasa Securities Co. Ltd.,2026-04-17 12:14:30.574561,National Hydro Power Company Limited
2026041704007037,NHPC,58,58,1000,309.8,309800.0,2026-04-17,186817114,152,Naasa Securities Co. Ltd.,Naasa Securities Co. Ltd.,2026-04-17 12:14:30.574629,National Hydro Power Company Limited
2026041704007038,NHPC,62,58,20,309.7,6194.0,2026-04-17,186817116,152,Capital Max Securities Ltd,Naasa Securities Co. Ltd.,2026-04-17 12:14:30.574697,National Hydro Power Company Limited
2026041704007039,NHPC,17,58,50,309.7,15485.0,2026-04-17,186817118,152,ABC Securities Private Limited,Naasa Securities Co. Ltd.,2026-04-17 12:14:30.574767,National Hydro Power Company Limited
2026041704007040,NHPC,45,58,45,309.7,13936.5,2026-04-17,186817120,152,Imperial Securities Company Pvt. Ltd.,Naasa Securities Co. Ltd.,2026-04-17 12:14:30.574834,National Hydro Power Company Limited
2026041704007041,NHPC,38,58,34,309.7,10529.8,2026-04-17,186817121,152,Dipshikha Dhitopatra Karobar Co. Pvt Ltd.,Naasa Securities Co. Ltd.,2026-04-17 12:14:30.574896,National Hydro Power Company Limited
2026041704007042,NHPC,5,42,200,310.0,62000.0,2026-04-17,186817128,152,Market Securities & Exchange (PVT) Ltd.,Sani Securities Company Ltd.,2026-04-17 12:14:30.910693,National Hydro Power Company Limited
2026041704007043,NHPC,95,42,500,310.0,155000.0,2026-04-17,186817130,152,Magnet Securities and Investment Company Private Limited,Sani Securities Company Ltd.,2026-04-17 12:14:31.473838,National Hydro Power Company Limited
2026041704007044,NHPC,8,42,50,310.0,15500.0,2026-04-17,186817132,152,Brilliant Securities Pvt. Ltd.,Sani Securities Company Ltd.,2026-04-17 12:14:31.570263,National Hydro Power Company Limited
2026041704007045,NHPC,50,42,500,310.0,155000.0,2026-04-17,186817142,152,Cristal Kanchanjanga Securites Pvt. Ltd.,Sani Securities Company Ltd.,2026-04-17 12:14:32.820778,National Hydro Power Company Limited
2026041704007048,NHPC,62,42,10,310.0,3100.0,2026-04-17,186817186,152,Capital Max Securities Ltd,Sani Securities Company Ltd.,2026-04-17 12:14:35.659410,National Hydro Power Company Limited
2026041704007055,NHPC,83,42,10000,310.0,3100000.0,2026-04-17,186817234,152,Sanima Securities Limited,Sani Securities Company Ltd.,2026-04-17 12:14:39.257862,National Hydro Power Company Limited
2026041704007056,NHPC,58,42,1011,310.0,313410.0,2026-04-17,186817245,152,Naasa Securities Co. Ltd.,Sani Securities Company Ltd.,2026-04-17 12:14:40.122664,National Hydro Power Company Limited
2026041704007057,NHPC,58,58,1500,310.0,465000.0,2026-04-17,186817263,152,Naasa Securities Co. Ltd.,Naasa Securities Co. Ltd.,2026-04-17 12:14:41.013958,National Hydro Power Company Limited
2026041704007077,NHPC,64,58,10,310.1,3101.0,2026-04-17,186817369,152,SUN SECURITIES PVT LTD,Naasa Securities Co. Ltd.,2026-04-17 12:14:50.585456,National Hydro Power Company Limited
2026041704007078,NHPC,62,71,335,310.5,104017.5,2026-04-17,186817373,152,Capital Max Securities Ltd,SHUBHAKAMANA SECURITIES PVT. LTD,2026-04-17 12:14:50.801139,National Hydro Power Company Limited
2026041704007080,NHPC,62,42,10,310.5,3105.0,2026-04-17,186817391,152,Capital Max Securities Ltd,Sani Securities Company Ltd.,2026-04-17 12:14:53.912971,National Hydro Power Company Limited
2026041704007083,NHPC,62,17,655,310.5,203377.5,2026-04-17,186817412,152,Capital Max Securities Ltd,ABC Securities Private Limited,2026-04-17 12:14:56.383664,National Hydro Power Company Limited
2026041704007084,NHPC,64,17,345,310.1,106984.5,2026-04-17,186817413,152,SUN SECURITIES PVT LTD,ABC Securities Private Limited,2026-04-17 12:14:56.384144,National Hydro Power Company Limited
2026041704007085,NHPC,64,38,100,310.1,31010.0,2026-04-17,186817415,152,SUN SECURITIES PVT LTD,Dipshikha Dhitopatra Karobar Co. Pvt Ltd.,2026-04-17 12:14:56.571202,National Hydro Power Company Limited
2026041704007093,NHPC,42,44,10,311.0,3110.0,2026-04-17,186817482,152,Sani Securities Company Ltd.,Dynamic Money Managers Securities Pvt. Ltd.,2026-04-17 12:15:01.471734,National Hydro Power Company Limited
2026041704007094,NHPC,36,44,40,311.0,12440.0,2026-04-17,186817485,152,Secured Securities Ltd.,Dynamic Money Managers Securities Pvt. Ltd.,2026-04-17 12:15:01.699485,National Hydro Power Company Limited
2026041704007095,NHPC,36,58,960,311.0,298560.0,2026-04-17,186817514,152,Secured Securities Ltd.,Naasa Securities Co. Ltd.,2026-04-17 12:15:03.785137,National Hydro Power Company Limited
2026041704007096,NHPC,48,58,500,311.0,155500.0,2026-04-17,186817516,152,Trishakti Securities Public Limited,Naasa Securities Co. Ltd.,2026-04-17 12:15:03.786166,National Hydro Power Company Limited
2026041704007105,NHPC,34,8,100,310.2,31020.0,2026-04-17,186817611,152,Vision Securities Pvt. Ltd,Brilliant Securities Pvt. Ltd.,2026-04-17 12:15:16.004941,National Hydro Power Company Limited
2026041704007122,NHPC,18,58,540,311.0,167940.0,2026-04-17,186817815,152,Sagarmatha Securities Private Limited,Naasa Securities Co. Ltd.,2026-04-17 12:15:28.945126,National Hydro Power Company Limited
2026041704007123,NHPC,18,19,200,311.0,62200.0,2026-04-17,186817817,152,Sagarmatha Securities Private Limited,Nepal Investment And Securities Trading Private Limited,2026-04-17 12:15:28.946176,National Hydro Power Company Limited
2026041704007124,NHPC,18,11,260,311.0,80860.0,2026-04-17,186817820,152,Sagarmatha Securities Private Limited,Malla & Malla Stock Broking Company Pvt. Limited,2026-04-17 12:15:28.946999,National Hydro Power Company Limited
2026041704007155,NHPC,97,11,2000,311.0,622000.0,2026-04-17,186817956,152,R.B.B. Securities Company Ltd,Malla & Malla Stock Broking Company Pvt. Limited,2026-04-17 12:15:39.861242,National Hydro Power Company Limited
2026041704007160,NHPC,35,11,840,311.0,261240.0,2026-04-17,186817973,152,Kohinoor Investment & Securities Pvt. Ltd.,Malla & Malla Stock Broking Company Pvt. Limited,2026-04-17 12:15:42.608683,National Hydro Power Company Limited
2026041704007161,NHPC,35,58,20,311.0,6220.0,2026-04-17,186817975,152,Kohinoor Investment & Securities Pvt. Ltd.,Naasa Securities Co. Ltd.,2026-04-17 12:15:42.608774,National Hydro Power Company Limited
2026041704007162,NHPC,35,88,140,311.0,43540.0,2026-04-17,186817978,152,Kohinoor Investment & Securities Pvt. Ltd.,Blue Chip Securities Ltd,2026-04-17 12:15:42.608801,National Hydro Power Company Limited
2026041704007189,NHPC,75,88,660,311.0,205260.0,2026-04-17,186818103,152,N.I.M.B. Stock Markets Limited,Blue Chip Securities Ltd,2026-04-17 12:15:49.281923,National Hydro Power Company Limited
2026041704007190,NHPC,75,43,100,311.0,31100.0,2026-04-17,186818147,152,N.I.M.B. Stock Markets Limited,South Asian Bulls Pvt. Ltd.,2026-04-17 12:15:50.936089,National Hydro Power Company Limited
2026041704007193,NHPC,44,71,5000,311.9,1559500.0,2026-04-17,186818176,152,Dynamic Money Managers Securities Pvt. Ltd.,SHUBHAKAMANA SECURITIES PVT. LTD,2026-04-17 12:15:56.856897,National Hydro Power Company Limited
2026041704007198,NHPC,75,39,240,311.0,74640.0,2026-04-17,186818206,152,N.I.M.B. Stock Markets Limited,Sumeru Securities Pvt. Ltd.,2026-04-17 12:15:58.147087,National Hydro Power Company Limited
2026041704007199,NHPC,70,39,260,311.0,80860.0,2026-04-17,186818207,152,Infinity Securities Limited,Sumeru Securities Pvt. Ltd.,2026-04-17 12:15:58.148144,National Hydro Power Company Limited
2026041704007200,NHPC,70,64,120,311.0,37320.0,2026-04-17,186818223,152,Infinity Securities Limited,SUN SECURITIES PVT LTD,2026-04-17 12:15:59.313535,National Hydro Power Company Limited
2026041704007201,NHPC,70,49,10,311.0,3110.0,2026-04-17,186818233,152,Infinity Securities Limited,Online Securities Pvt. Ltd.,2026-04-17 12:16:00.319403,National Hydro Power Company Limited
2026041704007226,NHPC,39,25,100,312.0,31200.0,2026-04-17,186818489,152,Sumeru Securities Pvt. Ltd.,Sweta Securities Private Limited,2026-04-17 12:16:22.594035,National Hydro Power Company Limited
2026041704007227,NHPC,39,58,125,312.0,39000.0,2026-04-17,186818491,152,Sumeru Securities Pvt. Ltd.,Naasa Securities Co. Ltd.,2026-04-17 12:16:22.595017,National Hydro Power Company Limited
2026041704007228,NHPC,39,35,87,312.0,27144.0,2026-04-17,186818493,152,Sumeru Securities Pvt. Ltd.,Kohinoor Investment & Securities Pvt. Ltd.,2026-04-17 12:16:22.595771,National Hydro Power Company Limited
2026041704007229,NHPC,39,43,188,312.0,58656.0,2026-04-17,186818496,152,Sumeru Securities Pvt. Ltd.,South Asian Bulls Pvt. Ltd.,2026-04-17 12:16:22.596523,National Hydro Power Company Limited
2026041704007230,NHPC,36,43,500,312.0,156000.0,2026-04-17,186818508,152,Secured Securities Ltd.,South Asian Bulls Pvt. Ltd.,2026-04-17 12:16:24.690528,National Hydro Power Company Limited
2026041704007235,NHPC,71,42,100,311.3,31130.0,2026-04-17,186818538,152,SHUBHAKAMANA SECURITIES PVT. LTD,Sani Securities Company Ltd.,2026-04-17 12:16:28.108178,National Hydro Power Company Limited
2026041704007236,NHPC,83,42,9900,311.2,3080880.0,2026-04-17,186818539,152,Sanima Securities Limited,Sani Securities Company Ltd.,2026-04-17 12:16:28.108677,National Hydro Power Company Limited
2026041704007241,NHPC,51,43,312,312.0,97344.0,2026-04-17,186818559,152,Oxford Securities Pvt. Ltd.,South Asian Bulls Pvt. Ltd.,2026-04-17 12:16:32.287869,National Hydro Power Company Limited
2026041704007242,NHPC,51,1,188,312.0,58656.0,2026-04-17,186818562,152,Oxford Securities Pvt. Ltd.,Kumari Securities Private Limited,2026-04-17 12:16:32.289095,National Hydro Power Company Limited
2026041704007246,NHPC,71,1,312,312.0,97344.0,2026-04-17,186818609,152,SHUBHAKAMANA SECURITIES PVT. LTD,Kumari Securities Private Limited,2026-04-17 12:16:35.812771,National Hydro Power Company Limited
2026041704007283,NHPC,71,28,1688,312.9,528175.2,2026-04-17,186818878,152,SHUBHAKAMANA SECURITIES PVT. LTD,Shree Krishna Securities Ltd.,2026-04-17 12:17:00.131345,National Hydro Power Company Limited
2026041704007284,NHPC,62,28,2812,312.9,879874.8,2026-04-17,186818879,152,Capital Max Securities Ltd,Shree Krishna Securities Ltd.,2026-04-17 12:17:00.236957,National Hydro Power Company Limited
2026041704007285,NHPC,62,71,5000,313.0,1565000.0,2026-04-17,186818881,152,Capital Max Securities Ltd,SHUBHAKAMANA SECURITIES PVT. LTD,2026-04-17 12:17:00.237911,National Hydro Power Company Limited
2026041704007286,NHPC,62,8,61,313.0,19093.0,2026-04-17,186818883,152,Capital Max Securities Ltd,Brilliant Securities Pvt. Ltd.,2026-04-17 12:17:00.238643,National Hydro Power Company Limited
2026041704007287,NHPC,62,42,500,313.0,156500.0,2026-04-17,186818885,152,Capital Max Securities Ltd,Sani Securities Company Ltd.,2026-04-17 12:17:00.239362,National Hydro Power Company Limited
2026041704007288,NHPC,62,49,20,313.0,6260.0,2026-04-17,186818887,152,Capital Max Securities Ltd,Online Securities Pvt. Ltd.,2026-04-17 12:17:00.240068,National Hydro Power Company Limited
2026041704007297,NHPC,62,45,100,313.0,31300.0,2026-04-17,186818981,152,Capital Max Securities Ltd,Imperial Securities Company Pvt. Ltd.,2026-04-17 12:17:07.525432,National Hydro Power Company Limited
2026041704007340,NHPC,62,4,10,313.0,3130.0,2026-04-17,186819119,152,Capital Max Securities Ltd,Opal Securities Investment (PVT) Ltd.,2026-04-17 12:17:14.460974,National Hydro Power Company Limited
2026041704007348,NHPC,62,42,500,313.0,156500.0,2026-04-17,186819147,152,Capital Max Securities Ltd,Sani Securities Company Ltd.,2026-04-17 12:17:16.286377,National Hydro Power Company Limited
2026041704007364,NHPC,5,45,100,313.1,31310.0,2026-04-17,186819381,152,Market Securities & Exchange (PVT) Ltd.,Imperial Securities Company Pvt. Ltd.,2026-04-17 12:17:27.926605,National Hydro Power Company Limited
2026041704007367,NHPC,5,57,120,313.1,37572.0,2026-04-17,186819415,152,Market Securities & Exchange (PVT) Ltd.,Aryatara Investment & Securities,2026-04-17 12:17:30.743122,National Hydro Power Company Limited
2026041704007368,NHPC,34,17,200,313.8,62760.0,2026-04-17,186819460,152,Vision Securities Pvt. Ltd,ABC Securities Private Limited,2026-04-17 12:17:40.618165,National Hydro Power Company Limited
2026041704007369,NHPC,5,4,10,313.1,3131.0,2026-04-17,186819461,152,Market Securities & Exchange (PVT) Ltd.,Opal Securities Investment (PVT) Ltd.,2026-04-17 12:17:40.812485,National Hydro Power Company Limited
2026041704007375,NHPC,37,71,500,313.5,156750.0,2026-04-17,186819564,152,Swarna Laxmi Securities Pvt. Ltd.,SHUBHAKAMANA SECURITIES PVT. LTD,2026-04-17 12:17:51.213403,National Hydro Power Company Limited
2026041704007408,NHPC,56,34,500,313.2,156600.0,2026-04-17,186819924,152,Sri Hari Securities Pvt. Ltd.,Vision Securities Pvt. Ltd,2026-04-17 12:18:06.884117,National Hydro Power Company Limited
2026041704007409,NHPC,5,34,70,313.1,21917.0,2026-04-17,186819926,152,Market Securities & Exchange (PVT) Ltd.,Vision Securities Pvt. Ltd,2026-04-17 12:18:06.884173,National Hydro Power Company Limited
2026041704007410,NHPC,49,34,630,313.1,197253.0,2026-04-17,186819927,152,Online Securities Pvt. Ltd.,Vision Securities Pvt. Ltd,2026-04-17 12:18:06.884199,National Hydro Power Company Limited
2026041704007420,NHPC,62,71,997,313.0,312061.0,2026-04-17,186820160,152,Capital Max Securities Ltd,SHUBHAKAMANA SECURITIES PVT. LTD,2026-04-17 12:18:19.529154,National Hydro Power Company Limited
2026041704007421,NHPC,58,71,400,313.0,125200.0,2026-04-17,186820162,152,Naasa Securities Co. Ltd.,SHUBHAKAMANA SECURITIES PVT. LTD,2026-04-17 12:18:19.529704,National Hydro Power Company Limited
2026041704007422,NHPC,50,71,100,313.0,31300.0,2026-04-17,186820164,152,Cristal Kanchanjanga Securites Pvt. Ltd.,SHUBHAKAMANA SECURITIES PVT. LTD,2026-04-17 12:18:19.529948,National Hydro Power Company Limited
2026041704007423,NHPC,63,71,200,313.0,62600.0,2026-04-17,186820178,152,Himalayan Brokerage Company Limited,SHUBHAKAMANA SECURITIES PVT. LTD,2026-04-17 12:18:19.927988,National Hydro Power Company Limited
2026041704007428,NHPC,5,71,20,313.0,6260.0,2026-04-17,186820222,152,Market Securities & Exchange (PVT) Ltd.,SHUBHAKAMANA SECURITIES PVT. LTD,2026-04-17 12:18:23.125185,National Hydro Power Company Limited
2026041704007438,NHPC,64,42,545,312.1,170094.5,2026-04-17,186820290,152,SUN SECURITIES PVT LTD,Sani Securities Company Ltd.,2026-04-17 12:18:29.373584,National Hydro Power Company Limited
2026041704007439,NHPC,34,42,1000,312.0,312000.0,2026-04-17,186820292,152,Vision Securities Pvt. Ltd,Sani Securities Company Ltd.,2026-04-17 12:18:29.374140,National Hydro Power Company Limited
2026041704007440,NHPC,35,42,20,312.0,6240.0,2026-04-17,186820294,152,Kohinoor Investment & Securities Pvt. Ltd.,Sani Securities Company Ltd.,2026-04-17 12:18:29.374405,National Hydro Power Company Limited
2026041704007441,NHPC,17,42,1250,312.0,390000.0,2026-04-17,186820296,152,ABC Securities Private Limited,Sani Securities Company Ltd.,2026-04-17 12:18:29.374676,National Hydro Power Company Limited
2026041704007446,NHPC,10,42,100,312.0,31200.0,2026-04-17,186820314,152,Pragyan Securities (PVT) Ltd.,Sani Securities Company Ltd.,2026-04-17 12:18:32.136031,National Hydro Power Company Limited
2026041704007454,NHPC,14,71,500,311.5,155750.0,2026-04-17,186820406,152,Nepal Stock House (PVT) Ltd.,SHUBHAKAMANA SECURITIES PVT. LTD,2026-04-17 12:18:36.188420,National Hydro Power Company Limited
2026041704007455,NHPC,61,71,1250,311.4,389250.0,2026-04-17,186820408,152,BHOLE GANESH SECURITIES LTD,SHUBHAKAMANA SECURITIES PVT. LTD,2026-04-17 12:18:36.188941,National Hydro Power Company Limited
2026041704007456,NHPC,58,71,3250,311.3,1011725.0,2026-04-17,186820409,152,Naasa Securities Co. Ltd.,SHUBHAKAMANA SECURITIES PVT. LTD,2026-04-17 12:18:36.189225,National Hydro Power Company Limited
2026041704007470,NHPC,58,58,10,311.3,3113.0,2026-04-17,186820651,152,Naasa Securities Co. Ltd.,Naasa Securities Co. Ltd.,2026-04-17 12:18:50.674089,National Hydro Power Company Limited
2026041704007472,NHPC,58,19,42,311.3,13074.6,2026-04-17,186820669,152,Naasa Securities Co. Ltd.,Nepal Investment And Securities Trading Private Limited,2026-04-17 12:18:53.390715,National Hydro Power Company Limited
2026041704007488,NHPC,58,41,100,311.3,31130.0,2026-04-17,186820765,152,Naasa Securities Co. Ltd.,Linch Stock Market Ltd.,2026-04-17 12:19:01.797576,National Hydro Power Company Limited
2026041704007489,NHPC,95,71,200,311.9,62380.0,2026-04-17,186820938,152,Magnet Securities and Investment Company Private Limited,SHUBHAKAMANA SECURITIES PVT. LTD,2026-04-17 12:19:05.202722,National Hydro Power Company Limited
2026041704007509,NHPC,5,71,100,311.9,31190.0,2026-04-17,186821054,152,Market Securities & Exchange (PVT) Ltd.,SHUBHAKAMANA SECURITIES PVT. LTD,2026-04-17 12:19:12.383003,National Hydro Power Company Limited
2026041704007520,NHPC,58,51,500,311.3,155650.0,2026-04-17,186821207,152,Naasa Securities Co. Ltd.,Oxford Securities Pvt. Ltd.,2026-04-17 12:19:16.558959,National Hydro Power Company Limited
2026041704007522,NHPC,58,58,1098,311.3,341807.4,2026-04-17,186821224,152,Naasa Securities Co. Ltd.,Naasa Securities Co. Ltd.,2026-04-17 12:19:18.084564,National Hydro Power Company Limited
2026041704007523,NHPC,97,58,660,311.0,205260.0,2026-04-17,186821226,152,R.B.B. Securities Company Ltd,Naasa Securities Co. Ltd.,2026-04-17 12:19:18.085070,National Hydro Power Company Limited
2026041704007524,NHPC,59,58,300,311.0,93300.0,2026-04-17,186821228,152,Deevyaa Securities & Stock House Pvt. Ltd,Naasa Securities Co. Ltd.,2026-04-17 12:19:18.085322,National Hydro Power Company Limited
2026041704007525,NHPC,83,58,100,310.6,31060.0,2026-04-17,186821230,152,Sanima Securities Limited,Naasa Securities Co. Ltd.,2026-04-17 12:19:18.085569,National Hydro Power Company Limited
2026041704007526,NHPC,60,58,100,310.5,31050.0,2026-04-17,186821232,152,Nagarik Stock Dealer ,Naasa Securities Co. Ltd.,2026-04-17 12:19:18.085810,National Hydro Power Company Limited
2026041704007527,NHPC,50,58,2000,310.5,621000.0,2026-04-17,186821234,152,Cristal Kanchanjanga Securites Pvt. Ltd.,Naasa Securities Co. Ltd.,2026-04-17 12:19:18.086048,National Hydro Power Company Limited
2026041704007528,NHPC,63,58,100,310.4,31040.0,2026-04-17,186821236,152,Himalayan Brokerage Company Limited,Naasa Securities Co. Ltd.,2026-04-17 12:19:18.086289,National Hydro Power Company Limited
2026041704007529,NHPC,70,58,150,310.3,46545.0,2026-04-17,186821238,152,Infinity Securities Limited,Naasa Securities Co. Ltd.,2026-04-17 12:19:18.086534,National Hydro Power Company Limited
2026041704007530,NHPC,38,58,1000,310.3,310300.0,2026-04-17,186821240,152,Dipshikha Dhitopatra Karobar Co. Pvt Ltd.,Naasa Securities Co. Ltd.,2026-04-17 12:19:18.086772,National Hydro Power Company Limited
2026041704007531,NHPC,67,58,1000,310.1,310100.0,2026-04-17,186821242,152,Property Wiard Limited,Naasa Securities Co. Ltd.,2026-04-17 12:19:18.087008,National Hydro Power Company Limited
2026041704007532,NHPC,39,58,500,310.1,155050.0,2026-04-17,186821244,152,Sumeru Securities Pvt. Ltd.,Naasa Securities Co. Ltd.,2026-04-17 12:19:18.087245,National Hydro Power Company Limited
2026041704007533,NHPC,58,58,2489,310.0,771590.0,2026-04-17,186821246,152,Naasa Securities Co. Ltd.,Naasa Securities Co. Ltd.,2026-04-17 12:19:18.087497,National Hydro Power Company Limited
2026041704007534,NHPC,29,58,500,310.0,155000.0,2026-04-17,186821248,152,Trisul Securities & Invt. Ltd.,Naasa Securities Co. Ltd.,2026-04-17 12:19:18.087793,National Hydro Power Company Limited
2026041704007535,NHPC,28,58,1000,310.0,310000.0,2026-04-17,186821250,152,Shree Krishna Securities Ltd.,Naasa Securities Co. Ltd.,2026-04-17 12:19:18.088039,National Hydro Power Company Limited
2026041704007536,NHPC,46,58,200,310.0,62000.0,2026-04-17,186821252,152,Kalika Securities Pvt. Ltd.,Naasa Securities Co. Ltd.,2026-04-17 12:19:18.088308,National Hydro Power Company Limited
2026041704007537,NHPC,45,58,50,310.0,15500.0,2026-04-17,186821254,152,Imperial Securities Company Pvt. Ltd.,Naasa Securities Co. Ltd.,2026-04-17 12:19:18.088612,National Hydro Power Company Limited
2026041704007538,NHPC,62,58,2000,310.0,620000.0,2026-04-17,186821256,152,Capital Max Securities Ltd,Naasa Securities Co. Ltd.,2026-04-17 12:19:18.088885,National Hydro Power Company Limited
2026041704007539,NHPC,58,58,500,310.0,155000.0,2026-04-17,186821258,152,Naasa Securities Co. Ltd.,Naasa Securities Co. Ltd.,2026-04-17 12:19:18.089124,National Hydro Power Company Limited
2026041704007540,NHPC,40,58,110,310.0,34100.0,2026-04-17,186821260,152,Creative Securities Pvt Ltd,Naasa Securities Co. Ltd.,2026-04-17 12:19:18.089385,National Hydro Power Company Limited
2026041704007541,NHPC,48,58,250,310.0,77500.0,2026-04-17,186821262,152,Trishakti Securities Public Limited,Naasa Securities Co. Ltd.,2026-04-17 12:19:18.089616,National Hydro Power Company Limited
2026041704007542,NHPC,5,58,1000,310.0,310000.0,2026-04-17,186821264,152,Market Securities & Exchange (PVT) Ltd.,Naasa Securities Co. Ltd.,2026-04-17 12:19:18.089856,National Hydro Power Company Limited
2026041704007543,NHPC,58,58,985,310.0,305350.0,2026-04-17,186821266,152,Naasa Securities Co. Ltd.,Naasa Securities Co. Ltd.,2026-04-17 12:19:18.090087,National Hydro Power Company Limited
2026041704007544,NHPC,54,58,15,310.0,4650.0,2026-04-17,186821268,152,Sewa Securities Pvt. Ltd.,Naasa Securities Co. Ltd.,2026-04-17 12:19:18.090324,National Hydro Power Company Limited
2026041704007545,NHPC,58,58,5000,310.0,1550000.0,2026-04-17,186821270,152,Naasa Securities Co. Ltd.,Naasa Securities Co. Ltd.,2026-04-17 12:19:18.090563,National Hydro Power Company Limited
2026041704007546,NHPC,38,58,50,310.0,15500.0,2026-04-17,186821274,152,Dipshikha Dhitopatra Karobar Co. Pvt Ltd.,Naasa Securities Co. Ltd.,2026-04-17 12:19:18.678450,National Hydro Power Company Limited
2026041704007547,NHPC,62,58,800,310.0,248000.0,2026-04-17,186821292,152,Capital Max Securities Ltd,Naasa Securities Co. Ltd.,2026-04-17 12:19:19.322881,National Hydro Power Company Limited
2026041704007594,NHPC,64,71,1000,309.9,309900.0,2026-04-17,186821672,152,SUN SECURITIES PVT LTD,SHUBHAKAMANA SECURITIES PVT. LTD,2026-04-17 12:19:47.256396,National Hydro Power Company Limited
2026041704007610,NHPC,6,71,100,309.9,30990.0,2026-04-17,186821730,152,Agrawal Securities (PVT) Ltd.,SHUBHAKAMANA SECURITIES PVT. LTD,2026-04-17 12:19:50.754739,National Hydro Power Company Limited
2026041704007611,NHPC,38,71,1900,309.9,588810.0,2026-04-17,186821731,152,Dipshikha Dhitopatra Karobar Co. Pvt Ltd.,SHUBHAKAMANA SECURITIES PVT. LTD,2026-04-17 12:19:50.880182,National Hydro Power Company Limited
2026041704007612,NHPC,51,58,1000,310.0,310000.0,2026-04-17,186821734,152,Oxford Securities Pvt. Ltd.,Naasa Securities Co. Ltd.,2026-04-17 12:19:50.894496,National Hydro Power Company Limited
2026041704007614,NHPC,38,91,1100,309.9,340890.0,2026-04-17,186821758,152,Dipshikha Dhitopatra Karobar Co. Pvt Ltd.,Citizens Share Broker Limited,2026-04-17 12:19:54.030632,National Hydro Power Company Limited
2026041704007615,NHPC,19,91,100,309.8,30980.0,2026-04-17,186821760,152,Nepal Investment And Securities Trading Private Limited,Citizens Share Broker Limited,2026-04-17 12:19:54.030736,National Hydro Power Company Limited
2026041704007616,NHPC,29,91,5000,309.8,1549000.0,2026-04-17,186821762,152,Trisul Securities & Invt. Ltd.,Citizens Share Broker Limited,2026-04-17 12:19:54.030798,National Hydro Power Company Limited
2026041704007617,NHPC,25,91,100,309.8,30980.0,2026-04-17,186821764,152,Sweta Securities Private Limited,Citizens Share Broker Limited,2026-04-17 12:19:54.030881,National Hydro Power Company Limited
2026041704007618,NHPC,38,91,66,309.7,20440.2,2026-04-17,186821766,152,Dipshikha Dhitopatra Karobar Co. Pvt Ltd.,Citizens Share Broker Limited,2026-04-17 12:19:54.030955,National Hydro Power Company Limited
2026041704007619,NHPC,49,91,500,309.7,154850.0,2026-04-17,186821768,152,Online Securities Pvt. Ltd.,Citizens Share Broker Limited,2026-04-17 12:19:54.031033,National Hydro Power Company Limited
2026041704007620,NHPC,87,91,1134,309.7,351199.8,2026-04-17,186821769,152,S.P.S.A. Securities Limited,Citizens Share Broker Limited,2026-04-17 12:19:54.031108,National Hydro Power Company Limited
2026041704007622,NHPC,63,58,5000,310.0,1550000.0,2026-04-17,186821816,152,Himalayan Brokerage Company Limited,Naasa Securities Co. Ltd.,2026-04-17 12:19:58.000034,National Hydro Power Company Limited
2026041704007634,NHPC,58,58,55,310.0,17050.0,2026-04-17,186821952,152,Naasa Securities Co. Ltd.,Naasa Securities Co. Ltd.,2026-04-17 12:20:13.151713,National Hydro Power Company Limited
2026041704007645,NHPC,1,58,360,310.0,111600.0,2026-04-17,186822094,152,Kumari Securities Private Limited,Naasa Securities Co. Ltd.,2026-04-17 12:20:26.333042,National Hydro Power Company Limited
2026041704007646,NHPC,34,58,2000,310.0,620000.0,2026-04-17,186822100,152,Vision Securities Pvt. Ltd,Naasa Securities Co. Ltd.,2026-04-17 12:20:27.287509,National Hydro Power Company Limited
2026041704007654,NHPC,45,58,20,310.0,6200.0,2026-04-17,186822142,152,Imperial Securities Company Pvt. Ltd.,Naasa Securities Co. Ltd.,2026-04-17 12:20:29.886080,National Hydro Power Company Limited
2026041704007664,NHPC,6,69,100,309.8,30980.0,2026-04-17,186822196,152,Agrawal Securities (PVT) Ltd.,INDEX SECURITIES LIMITED,2026-04-17 12:20:33.038978,National Hydro Power Company Limited
2026041704007665,NHPC,87,64,240,309.7,74328.0,2026-04-17,186822207,152,S.P.S.A. Securities Limited,SUN SECURITIES PVT LTD,2026-04-17 12:20:34.832283,National Hydro Power Company Limited
2026041704007668,NHPC,49,69,10,309.8,3098.0,2026-04-17,186822308,152,Online Securities Pvt. Ltd.,INDEX SECURITIES LIMITED,2026-04-17 12:20:39.532136,National Hydro Power Company Limited
2026041704007680,NHPC,87,22,865,309.7,267890.5,2026-04-17,186822385,152,S.P.S.A. Securities Limited,Siprabi Securities Pvt. Ltd.,2026-04-17 12:20:47.475639,National Hydro Power Company Limited
2026041704007681,NHPC,87,4,73,309.7,22608.1,2026-04-17,186822387,152,S.P.S.A. Securities Limited,Opal Securities Investment (PVT) Ltd.,2026-04-17 12:20:47.707723,National Hydro Power Company Limited
2026041704007683,NHPC,87,57,188,309.7,58223.6,2026-04-17,186822392,152,S.P.S.A. Securities Limited,Aryatara Investment & Securities,2026-04-17 12:20:47.994607,National Hydro Power Company Limited
2026041704007684,NHPC,19,57,70,309.7,21679.0,2026-04-17,186822394,152,Nepal Investment And Securities Trading Private Limited,Aryatara Investment & Securities,2026-04-17 12:20:47.995081,National Hydro Power Company Limited
2026041704007687,NHPC,51,57,11,309.7,3406.7,2026-04-17,186822472,152,Oxford Securities Pvt. Ltd.,Aryatara Investment & Securities,2026-04-17 12:20:52.674332,National Hydro Power Company Limited
2026041704007701,NHPC,32,57,31,309.7,9600.7,2026-04-17,186822581,152,Premier Securities Company Ltd.,Aryatara Investment & Securities,2026-04-17 12:21:01.838085,National Hydro Power Company Limited
2026041704007719,NHPC,47,69,445,309.8,137861.0,2026-04-17,186822795,152,Neev Securities Pvt. Ltd.,INDEX SECURITIES LIMITED,2026-04-17 12:21:20.229272,National Hydro Power Company Limited
2026041704007724,NHPC,47,34,500,309.8,154900.0,2026-04-17,186822865,152,Neev Securities Pvt. Ltd.,Vision Securities Pvt. Ltd,2026-04-17 12:21:28.826258,National Hydro Power Company Limited
2026041704007726,NHPC,47,22,1000,309.8,309800.0,2026-04-17,186822869,152,Neev Securities Pvt. Ltd.,Siprabi Securities Pvt. Ltd.,2026-04-17 12:21:29.199151,National Hydro Power Company Limited
2026041704007740,NHPC,47,43,555,309.8,171939.0,2026-04-17,186822916,152,Neev Securities Pvt. Ltd.,South Asian Bulls Pvt. Ltd.,2026-04-17 12:21:34.931287,National Hydro Power Company Limited
2026041704007741,NHPC,36,43,200,309.8,61960.0,2026-04-17,186822918,152,Secured Securities Ltd.,South Asian Bulls Pvt. Ltd.,2026-04-17 12:21:34.931834,National Hydro Power Company Limited
2026041704007742,NHPC,32,43,119,309.7,36854.3,2026-04-17,186822920,152,Premier Securities Company Ltd.,South Asian Bulls Pvt. Ltd.,2026-04-17 12:21:34.932096,National Hydro Power Company Limited
2026041704007743,NHPC,60,43,500,309.6,154800.0,2026-04-17,186822922,152,Nagarik Stock Dealer ,South Asian Bulls Pvt. Ltd.,2026-04-17 12:21:34.932388,National Hydro Power Company Limited
2026041704007744,NHPC,34,43,226,309.6,69969.6,2026-04-17,186822924,152,Vision Securities Pvt. Ltd,South Asian Bulls Pvt. Ltd.,2026-04-17 12:21:34.932681,National Hydro Power Company Limited
2026041704007745,NHPC,66,43,300,309.5,92850.0,2026-04-17,186822926,152,Miyo Securities Pvt Ltd,South Asian Bulls Pvt. Ltd.,2026-04-17 12:21:34.932954,National Hydro Power Company Limited
2026041704007746,NHPC,92,43,600,309.5,185700.0,2026-04-17,186822927,152,Roadshow securities limited,South Asian Bulls Pvt. Ltd.,2026-04-17 12:21:34.933232,National Hydro Power Company Limited
2026041704007770,NHPC,59,58,2000,310.0,620000.0,2026-04-17,186823158,152,Deevyaa Securities & Stock House Pvt. Ltd,Naasa Securities Co. Ltd.,2026-04-17 12:21:55.238039,National Hydro Power Company Limited
2026041704007780,NHPC,53,58,1000,310.0,310000.0,2026-04-17,186823190,152,Investment Management Nepal Pvt. Ltd.,Naasa Securities Co. Ltd.,2026-04-17 12:22:00.143427,National Hydro Power Company Limited
2026041704007781,NHPC,58,58,40,310.0,12400.0,2026-04-17,186823194,152,Naasa Securities Co. Ltd.,Naasa Securities Co. Ltd.,2026-04-17 12:22:00.635527,National Hydro Power Company Limited
2026041704007784,NHPC,16,58,500,310.0,155000.0,2026-04-17,186823206,152,Primo Securities (PVT) Ltd.,Naasa Securities Co. Ltd.,2026-04-17 12:22:01.684567,National Hydro Power Company Limited
2026041704007789,NHPC,16,34,81,309.9,25101.9,2026-04-17,186823246,152,Primo Securities (PVT) Ltd.,Vision Securities Pvt. Ltd,2026-04-17 12:22:03.775804,National Hydro Power Company Limited
2026041704007792,NHPC,42,34,200,309.9,61980.0,2026-04-17,186823288,152,Sani Securities Company Ltd.,Vision Securities Pvt. Ltd,2026-04-17 12:22:07.152579,National Hydro Power Company Limited
2026041704007793,NHPC,62,34,219,309.9,67868.1,2026-04-17,186823309,152,Capital Max Securities Ltd,Vision Securities Pvt. Ltd,2026-04-17 12:22:09.154325,National Hydro Power Company Limited
2026041704007794,NHPC,62,58,9781,310.0,3032110.0,2026-04-17,186823312,152,Capital Max Securities Ltd,Naasa Securities Co. Ltd.,2026-04-17 12:22:09.154979,National Hydro Power Company Limited
2026041704007802,NHPC,26,71,100,309.9,30990.0,2026-04-17,186823404,152,Asian Securities Private Ltd.,SHUBHAKAMANA SECURITIES PVT. LTD,2026-04-17 12:22:18.471779,National Hydro Power Company Limited
2026041704007803,NHPC,36,71,700,309.9,216930.0,2026-04-17,186823416,152,Secured Securities Ltd.,SHUBHAKAMANA SECURITIES PVT. LTD,2026-04-17 12:22:22.618089,National Hydro Power Company Limited
2026041704007809,NHPC,35,71,100,309.9,30990.0,2026-04-17,186823664,152,Kohinoor Investment & Securities Pvt. Ltd.,SHUBHAKAMANA SECURITIES PVT. LTD,2026-04-17 12:22:32.480616,National Hydro Power Company Limited
2026041704007834,NHPC,46,71,500,309.9,154950.0,2026-04-17,186823834,152,Kalika Securities Pvt. Ltd.,SHUBHAKAMANA SECURITIES PVT. LTD,2026-04-17 12:22:48.887184,National Hydro Power Company Limited
2026041704007835,NHPC,62,91,100,309.8,30980.0,2026-04-17,186823836,152,Capital Max Securities Ltd,Citizens Share Broker Limited,2026-04-17 12:22:49.828172,National Hydro Power Company Limited
2026041704007836,NHPC,16,91,200,309.7,61940.0,2026-04-17,186823838,152,Primo Securities (PVT) Ltd.,Citizens Share Broker Limited,2026-04-17 12:22:49.828222,National Hydro Power Company Limited
2026041704007837,NHPC,42,91,1000,309.7,309700.0,2026-04-17,186823840,152,Sani Securities Company Ltd.,Citizens Share Broker Limited,2026-04-17 12:22:49.828248,National Hydro Power Company Limited
2026041704007838,NHPC,5,91,200,309.7,61940.0,2026-04-17,186823842,152,Market Securities & Exchange (PVT) Ltd.,Citizens Share Broker Limited,2026-04-17 12:22:49.828272,National Hydro Power Company Limited
2026041704007839,NHPC,58,91,300,309.6,92880.0,2026-04-17,186823844,152,Naasa Securities Co. Ltd.,Citizens Share Broker Limited,2026-04-17 12:22:49.828297,National Hydro Power Company Limited
2026041704007840,NHPC,63,91,500,309.6,154800.0,2026-04-17,186823846,152,Himalayan Brokerage Company Limited,Citizens Share Broker Limited,2026-04-17 12:22:49.828328,National Hydro Power Company Limited
2026041704007841,NHPC,49,91,1085,309.6,335916.0,2026-04-17,186823848,152,Online Securities Pvt. Ltd.,Citizens Share Broker Limited,2026-04-17 12:22:49.828360,National Hydro Power Company Limited
2026041704007842,NHPC,92,91,1615,309.5,499842.5,2026-04-17,186823849,152,Roadshow securities limited,Citizens Share Broker Limited,2026-04-17 12:22:49.828388,National Hydro Power Company Limited
2026041704007843,NHPC,18,71,300,309.9,92970.0,2026-04-17,186823886,152,Sagarmatha Securities Private Limited,SHUBHAKAMANA SECURITIES PVT. LTD,2026-04-17 12:22:51.842730,National Hydro Power Company Limited
2026041704007849,NHPC,10,71,100,309.9,30990.0,2026-04-17,186823980,152,Pragyan Securities (PVT) Ltd.,SHUBHAKAMANA SECURITIES PVT. LTD,2026-04-17 12:22:57.155654,National Hydro Power Company Limited
2026041704007854,NHPC,38,71,500,309.9,154950.0,2026-04-17,186824012,152,Dipshikha Dhitopatra Karobar Co. Pvt Ltd.,SHUBHAKAMANA SECURITIES PVT. LTD,2026-04-17 12:23:01.901053,National Hydro Power Company Limited
2026041704007857,NHPC,92,34,285,309.5,88207.5,2026-04-17,186824020,152,Roadshow securities limited,Vision Securities Pvt. Ltd,2026-04-17 12:23:02.376054,National Hydro Power Company Limited
2026041704007858,NHPC,59,34,500,309.5,154750.0,2026-04-17,186824022,152,Deevyaa Securities & Stock House Pvt. Ltd,Vision Securities Pvt. Ltd,2026-04-17 12:23:02.376595,National Hydro Power Company Limited
2026041704007859,NHPC,45,34,20,309.5,6190.0,2026-04-17,186824024,152,Imperial Securities Company Pvt. Ltd.,Vision Securities Pvt. Ltd,2026-04-17 12:23:02.376866,National Hydro Power Company Limited
2026041704007860,NHPC,54,34,80,309.4,24752.0,2026-04-17,186824026,152,Sewa Securities Pvt. Ltd.,Vision Securities Pvt. Ltd,2026-04-17 12:23:02.377123,National Hydro Power Company Limited
2026041704007861,NHPC,40,34,30,309.4,9282.0,2026-04-17,186824028,152,Creative Securities Pvt Ltd,Vision Securities Pvt. Ltd,2026-04-17 12:23:02.377392,National Hydro Power Company Limited
2026041704007862,NHPC,72,34,85,309.2,26282.0,2026-04-17,186824029,152,Hatemalo Financial Services Private Limited,Vision Securities Pvt. Ltd,2026-04-17 12:23:02.377648,National Hydro Power Company Limited
2026041704007866,NHPC,26,71,100,309.9,30990.0,2026-04-17,186824048,152,Asian Securities Private Ltd.,SHUBHAKAMANA SECURITIES PVT. LTD,2026-04-17 12:23:03.472384,National Hydro Power Company Limited
2026041704007868,NHPC,36,71,83,309.9,25721.7,2026-04-17,186824059,152,Secured Securities Ltd.,SHUBHAKAMANA SECURITIES PVT. LTD,2026-04-17 12:23:04.677190,National Hydro Power Company Limited
2026041704007869,NHPC,36,41,25,309.9,7747.5,2026-04-17,186824061,152,Secured Securities Ltd.,Linch Stock Market Ltd.,2026-04-17 12:23:04.678278,National Hydro Power Company Limited
2026041704007870,NHPC,36,58,407,309.9,126129.3,2026-04-17,186824063,152,Secured Securities Ltd.,Naasa Securities Co. Ltd.,2026-04-17 12:23:04.679090,National Hydro Power Company Limited
2026041704007883,NHPC,36,34,85,309.9,26341.5,2026-04-17,186824362,152,Secured Securities Ltd.,Vision Securities Pvt. Ltd,2026-04-17 12:23:18.877956,National Hydro Power Company Limited
2026041704007884,NHPC,25,34,200,309.9,61980.0,2026-04-17,186824364,152,Sweta Securities Private Limited,Vision Securities Pvt. Ltd,2026-04-17 12:23:18.878523,National Hydro Power Company Limited
2026041704007893,NHPC,26,34,30,309.9,9297.0,2026-04-17,186824514,152,Asian Securities Private Ltd.,Vision Securities Pvt. Ltd,2026-04-17 12:23:29.992522,National Hydro Power Company Limited
2026041704007920,NHPC,51,58,405,310.0,125550.0,2026-04-17,186824670,152,Oxford Securities Pvt. Ltd.,Naasa Securities Co. Ltd.,2026-04-17 12:23:44.766036,National Hydro Power Company Limited
2026041704007921,NHPC,38,42,100,309.9,30990.0,2026-04-17,186824709,152,Dipshikha Dhitopatra Karobar Co. Pvt Ltd.,Sani Securities Company Ltd.,2026-04-17 12:23:47.249356,National Hydro Power Company Limited
2026041704007923,NHPC,38,29,290,309.9,89871.0,2026-04-17,186824727,152,Dipshikha Dhitopatra Karobar Co. Pvt Ltd.,Trisul Securities & Invt. Ltd.,2026-04-17 12:23:51.014248,National Hydro Power Company Limited
2026041704007926,NHPC,45,58,216,310.0,66960.0,2026-04-17,186824740,152,Imperial Securities Company Pvt. Ltd.,Naasa Securities Co. Ltd.,2026-04-17 12:23:52.550072,National Hydro Power Company Limited
2026041704007928,NHPC,36,58,1000,310.0,310000.0,2026-04-17,186824772,152,Secured Securities Ltd.,Naasa Securities Co. Ltd.,2026-04-17 12:23:56.028416,National Hydro Power Company Limited
2026041704007933,NHPC,17,58,100,310.0,31000.0,2026-04-17,186824798,152,ABC Securities Private Limited,Naasa Securities Co. Ltd.,2026-04-17 12:23:57.590643,National Hydro Power Company Limited
2026041704007936,NHPC,28,58,875,310.0,271250.0,2026-04-17,186824822,152,Shree Krishna Securities Ltd.,Naasa Securities Co. Ltd.,2026-04-17 12:24:01.540995,National Hydro Power Company Limited
2026041704007938,NHPC,38,71,162,309.9,50203.8,2026-04-17,186824847,152,Dipshikha Dhitopatra Karobar Co. Pvt Ltd.,SHUBHAKAMANA SECURITIES PVT. LTD,2026-04-17 12:24:01.972151,National Hydro Power Company Limited
2026041704007941,NHPC,21,58,1000,310.0,310000.0,2026-04-17,186824886,152,Midas Stock Broking Company Private Limited,Naasa Securities Co. Ltd.,2026-04-17 12:24:08.074326,National Hydro Power Company Limited
2026041704007942,NHPC,35,58,300,310.0,93000.0,2026-04-17,186824888,152,Kohinoor Investment & Securities Pvt. Ltd.,Naasa Securities Co. Ltd.,2026-04-17 12:24:08.448955,National Hydro Power Company Limited
2026041704007943,NHPC,84,58,10000,310.0,3100000.0,2026-04-17,186824902,152,MILKY WAY SHARE BROKER COMPANY LTD ,Naasa Securities Co. Ltd.,2026-04-17 12:24:09.387951,National Hydro Power Company Limited
2026041704007947,NHPC,62,58,8890,310.0,2755900.0,2026-04-17,186824929,152,Capital Max Securities Ltd,Naasa Securities Co. Ltd.,2026-04-17 12:24:10.766092,National Hydro Power Company Limited
2026041704007948,NHPC,62,49,300,310.0,93000.0,2026-04-17,186824931,152,Capital Max Securities Ltd,Online Securities Pvt. Ltd.,2026-04-17 12:24:10.766724,National Hydro Power Company Limited
2026041704007949,NHPC,62,49,810,310.0,251100.0,2026-04-17,186824934,152,Capital Max Securities Ltd,Online Securities Pvt. Ltd.,2026-04-17 12:24:10.767013,National Hydro Power Company Limited
2026041704007954,NHPC,21,49,190,310.0,58900.0,2026-04-17,186824975,152,Midas Stock Broking Company Private Limited,Online Securities Pvt. Ltd.,2026-04-17 12:24:15.274083,National Hydro Power Company Limited
2026041704007955,NHPC,21,11,310,310.0,96100.0,2026-04-17,186824978,152,Midas Stock Broking Company Private Limited,Malla & Malla Stock Broking Company Pvt. Limited,2026-04-17 12:24:15.274649,National Hydro Power Company Limited
2026041704007960,NHPC,58,11,2790,310.0,864900.0,2026-04-17,186825035,152,Naasa Securities Co. Ltd.,Malla & Malla Stock Broking Company Pvt. Limited,2026-04-17 12:24:23.123407,National Hydro Power Company Limited
2026041704007961,NHPC,58,49,20,310.0,6200.0,2026-04-17,186825037,152,Naasa Securities Co. Ltd.,Online Securities Pvt. Ltd.,2026-04-17 12:24:23.123963,National Hydro Power Company Limited
2026041704007962,NHPC,58,39,2000,310.0,620000.0,2026-04-17,186825039,152,Naasa Securities Co. Ltd.,Sumeru Securities Pvt. Ltd.,2026-04-17 12:24:23.124256,National Hydro Power Company Limited
2026041704007963,NHPC,58,44,65,310.0,20150.0,2026-04-17,186825041,152,Naasa Securities Co. Ltd.,Dynamic Money Managers Securities Pvt. Ltd.,2026-04-17 12:24:23.124538,National Hydro Power Company Limited
2026041704007964,NHPC,58,59,125,310.0,38750.0,2026-04-17,186825043,152,Naasa Securities Co. Ltd.,Deevyaa Securities & Stock House Pvt. Ltd,2026-04-17 12:24:23.124809,National Hydro Power Company Limited
2026041704007967,NHPC,58,49,30,310.0,9300.0,2026-04-17,186825065,152,Naasa Securities Co. Ltd.,Online Securities Pvt. Ltd.,2026-04-17 12:24:24.168014,National Hydro Power Company Limited
2026041704007968,NHPC,58,18,500,310.0,155000.0,2026-04-17,186825067,152,Naasa Securities Co. Ltd.,Sagarmatha Securities Private Limited,2026-04-17 12:24:24.204382,National Hydro Power Company Limited
2026041704007982,NHPC,58,32,25,310.0,7750.0,2026-04-17,186825186,152,Naasa Securities Co. Ltd.,Premier Securities Company Ltd.,2026-04-17 12:24:31.900781,National Hydro Power Company Limited
2026041704007983,NHPC,96,32,225,310.0,69750.0,2026-04-17,186825187,152,Himalayan Securities Limited,Premier Securities Company Ltd.,2026-04-17 12:24:31.901943,National Hydro Power Company Limited
2026041704007994,NHPC,96,58,100,310.0,31000.0,2026-04-17,186825243,152,Himalayan Securities Limited,Naasa Securities Co. Ltd.,2026-04-17 12:24:38.977795,National Hydro Power Company Limited
2026041704008016,NHPC,71,58,2000,311.0,622000.0,2026-04-17,186825353,152,SHUBHAKAMANA SECURITIES PVT. LTD,Naasa Securities Co. Ltd.,2026-04-17 12:24:47.161184,National Hydro Power Company Limited
2026041704008017,NHPC,71,10,100,311.0,31100.0,2026-04-17,186825355,152,SHUBHAKAMANA SECURITIES PVT. LTD,Pragyan Securities (PVT) Ltd.,2026-04-17 12:24:47.162390,National Hydro Power Company Limited
2026041704008018,NHPC,71,54,1000,311.0,311000.0,2026-04-17,186825357,152,SHUBHAKAMANA SECURITIES PVT. LTD,Sewa Securities Pvt. Ltd.,2026-04-17 12:24:47.163286,National Hydro Power Company Limited
2026041704008063,NHPC,42,13,160,311.5,49840.0,2026-04-17,186825730,152,Sani Securities Company Ltd.,Thrive Brokerage House Pvt. Ltd,2026-04-17 12:25:20.314288,National Hydro Power Company Limited
2026041704008067,NHPC,71,42,900,311.0,279900.0,2026-04-17,186825786,152,SHUBHAKAMANA SECURITIES PVT. LTD,Sani Securities Company Ltd.,2026-04-17 12:25:27.121145,National Hydro Power Company Limited
2026041704008068,NHPC,6,42,100,311.0,31100.0,2026-04-17,186825787,152,Agrawal Securities (PVT) Ltd.,Sani Securities Company Ltd.,2026-04-17 12:25:27.122464,National Hydro Power Company Limited
2026041704008069,NHPC,60,13,50,311.5,15575.0,2026-04-17,186825792,152,Nagarik Stock Dealer ,Thrive Brokerage House Pvt. Ltd,2026-04-17 12:25:27.585993,National Hydro Power Company Limited
2026041704008083,NHPC,6,64,100,311.0,31100.0,2026-04-17,186825930,152,Agrawal Securities (PVT) Ltd.,SUN SECURITIES PVT LTD,2026-04-17 12:25:40.342719,National Hydro Power Company Limited
2026041704008084,NHPC,14,64,500,311.0,155500.0,2026-04-17,186825932,152,Nepal Stock House (PVT) Ltd.,SUN SECURITIES PVT LTD,2026-04-17 12:25:40.343321,National Hydro Power Company Limited
2026041704008096,NHPC,46,13,25,311.5,7787.5,2026-04-17,186826096,152,Kalika Securities Pvt. Ltd.,Thrive Brokerage House Pvt. Ltd,2026-04-17 12:25:57.068507,National Hydro Power Company Limited
2026041704008098,NHPC,32,48,500,311.1,155550.0,2026-04-17,186826110,152,Premier Securities Company Ltd.,Trishakti Securities Public Limited,2026-04-17 12:25:58.961778,National Hydro Power Company Limited
2026041704008099,NHPC,14,48,300,311.0,93300.0,2026-04-17,186826111,152,Nepal Stock House (PVT) Ltd.,Trishakti Securities Public Limited,2026-04-17 12:25:58.962981,National Hydro Power Company Limited
2026041704008120,NHPC,6,13,65,311.5,20247.5,2026-04-17,186826337,152,Agrawal Securities (PVT) Ltd.,Thrive Brokerage House Pvt. Ltd,2026-04-17 12:26:16.211351,National Hydro Power Company Limited
2026041704008146,NHPC,42,34,100,312.0,31200.0,2026-04-17,186826681,152,Sani Securities Company Ltd.,Vision Securities Pvt. Ltd,2026-04-17 12:26:45.308593,National Hydro Power Company Limited
2026041704008147,NHPC,42,26,10,312.0,3120.0,2026-04-17,186826683,152,Sani Securities Company Ltd.,Asian Securities Private Ltd.,2026-04-17 12:26:45.309888,National Hydro Power Company Limited
2026041704008148,NHPC,42,45,90,312.0,28080.0,2026-04-17,186826686,152,Sani Securities Company Ltd.,Imperial Securities Company Pvt. Ltd.,2026-04-17 12:26:45.310945,National Hydro Power Company Limited
2026041704008155,NHPC,6,21,20,311.5,6230.0,2026-04-17,186826723,152,Agrawal Securities (PVT) Ltd.,Midas Stock Broking Company Private Limited,2026-04-17 12:26:49.673892,National Hydro Power Company Limited
2026041704008183,NHPC,96,54,1000,313.0,313000.0,2026-04-17,186827087,152,Himalayan Securities Limited,Sewa Securities Pvt. Ltd.,2026-04-17 12:27:13.845235,National Hydro Power Company Limited
2026041704008184,NHPC,96,42,500,313.0,156500.0,2026-04-17,186827090,152,Himalayan Securities Limited,Sani Securities Company Ltd.,2026-04-17 12:27:13.845941,National Hydro Power Company Limited
2026041704008216,NHPC,60,43,50,312.5,15625.0,2026-04-17,186827320,152,Nagarik Stock Dealer ,South Asian Bulls Pvt. Ltd.,2026-04-17 12:27:32.829209,National Hydro Power Company Limited
2026041704008217,NHPC,14,43,950,312.5,296875.0,2026-04-17,186827327,152,Nepal Stock House (PVT) Ltd.,South Asian Bulls Pvt. Ltd.,2026-04-17 12:27:33.930387,National Hydro Power Company Limited
2026041704008218,NHPC,14,42,5050,313.0,1580650.0,2026-04-17,186827330,152,Nepal Stock House (PVT) Ltd.,Sani Securities Company Ltd.,2026-04-17 12:27:33.931706,National Hydro Power Company Limited
2026041704008239,NHPC,34,42,100,312.0,31200.0,2026-04-17,186827541,152,Vision Securities Pvt. Ltd,Sani Securities Company Ltd.,2026-04-17 12:27:52.880083,National Hydro Power Company Limited
2026041704008261,NHPC,34,26,162,312.0,50544.0,2026-04-17,186827813,152,Vision Securities Pvt. Ltd,Asian Securities Private Ltd.,2026-04-17 12:28:22.060759,National Hydro Power Company Limited
2026041704008262,NHPC,34,42,238,312.0,74256.0,2026-04-17,186827864,152,Vision Securities Pvt. Ltd,Sani Securities Company Ltd.,2026-04-17 12:28:26.674410,National Hydro Power Company Limited
2026041704008263,NHPC,6,42,65,311.5,20247.5,2026-04-17,186827866,152,Agrawal Securities (PVT) Ltd.,Sani Securities Company Ltd.,2026-04-17 12:28:26.675041,National Hydro Power Company Limited
2026041704008264,NHPC,3,42,100,311.5,31150.0,2026-04-17,186827868,152,Arun Securities (PVT) Ltd.,Sani Securities Company Ltd.,2026-04-17 12:28:26.675352,National Hydro Power Company Limited
2026041704008265,NHPC,7,42,100,311.1,31110.0,2026-04-17,186827870,152,J.F. Securites (PVT) Ltd.,Sani Securities Company Ltd.,2026-04-17 12:28:26.675701,National Hydro Power Company Limited
2026041704008266,NHPC,98,42,250,311.1,77775.0,2026-04-17,186827872,152,Trademow Securities Private Limited,Sani Securities Company Ltd.,2026-04-17 12:28:26.675993,National Hydro Power Company Limited
2026041704008267,NHPC,14,42,200,311.0,62200.0,2026-04-17,186827874,152,Nepal Stock House (PVT) Ltd.,Sani Securities Company Ltd.,2026-04-17 12:28:26.676332,National Hydro Power Company Limited
2026041704008268,NHPC,62,42,500,311.0,155500.0,2026-04-17,186827876,152,Capital Max Securities Ltd,Sani Securities Company Ltd.,2026-04-17 12:28:26.676625,National Hydro Power Company Limited
2026041704008269,NHPC,41,42,10,311.0,3110.0,2026-04-17,186827878,152,Linch Stock Market Ltd.,Sani Securities Company Ltd.,2026-04-17 12:28:26.676914,National Hydro Power Company Limited
2026041704008270,NHPC,58,42,1000,311.0,311000.0,2026-04-17,186827880,152,Naasa Securities Co. Ltd.,Sani Securities Company Ltd.,2026-04-17 12:28:26.677204,National Hydro Power Company Limited
2026041704008271,NHPC,35,42,1000,311.0,311000.0,2026-04-17,186827882,152,Kohinoor Investment & Securities Pvt. Ltd.,Sani Securities Company Ltd.,2026-04-17 12:28:26.677510,National Hydro Power Company Limited
2026041704008272,NHPC,34,42,200,310.8,62160.0,2026-04-17,186827884,152,Vision Securities Pvt. Ltd,Sani Securities Company Ltd.,2026-04-17 12:28:26.677825,National Hydro Power Company Limited
2026041704008273,NHPC,84,42,1000,310.8,310800.0,2026-04-17,186827886,152,MILKY WAY SHARE BROKER COMPANY LTD ,Sani Securities Company Ltd.,2026-04-17 12:28:26.678120,National Hydro Power Company Limited
2026041704008274,NHPC,48,42,500,310.7,155350.0,2026-04-17,186827888,152,Trishakti Securities Public Limited,Sani Securities Company Ltd.,2026-04-17 12:28:26.678422,National Hydro Power Company Limited
2026041704008275,NHPC,34,42,300,310.6,93180.0,2026-04-17,186827890,152,Vision Securities Pvt. Ltd,Sani Securities Company Ltd.,2026-04-17 12:28:26.678706,National Hydro Power Company Limited
2026041704008276,NHPC,96,42,1675,310.6,520255.0,2026-04-17,186827892,152,Himalayan Securities Limited,Sani Securities Company Ltd.,2026-04-17 12:28:26.679004,National Hydro Power Company Limited
2026041704008277,NHPC,38,42,500,310.6,155300.0,2026-04-17,186827894,152,Dipshikha Dhitopatra Karobar Co. Pvt Ltd.,Sani Securities Company Ltd.,2026-04-17 12:28:26.679289,National Hydro Power Company Limited
2026041704008278,NHPC,34,42,100,310.4,31040.0,2026-04-17,186827896,152,Vision Securities Pvt. Ltd,Sani Securities Company Ltd.,2026-04-17 12:28:26.679584,National Hydro Power Company Limited
2026041704008279,NHPC,71,42,100,310.4,31040.0,2026-04-17,186827898,152,SHUBHAKAMANA SECURITIES PVT. LTD,Sani Securities Company Ltd.,2026-04-17 12:28:26.679874,National Hydro Power Company Limited
2026041704008280,NHPC,14,42,1000,310.3,310300.0,2026-04-17,186827900,152,Nepal Stock House (PVT) Ltd.,Sani Securities Company Ltd.,2026-04-17 12:28:26.680167,National Hydro Power Company Limited
2026041704008281,NHPC,72,42,398,310.3,123499.4,2026-04-17,186827902,152,Hatemalo Financial Services Private Limited,Sani Securities Company Ltd.,2026-04-17 12:28:26.680464,National Hydro Power Company Limited
2026041704008282,NHPC,43,42,100,310.2,31020.0,2026-04-17,186827904,152,South Asian Bulls Pvt. Ltd.,Sani Securities Company Ltd.,2026-04-17 12:28:26.680755,National Hydro Power Company Limited
2026041704008283,NHPC,58,42,100,310.1,31010.0,2026-04-17,186827906,152,Naasa Securities Co. Ltd.,Sani Securities Company Ltd.,2026-04-17 12:28:26.681038,National Hydro Power Company Limited
2026041704008284,NHPC,40,42,200,310.1,62020.0,2026-04-17,186827908,152,Creative Securities Pvt Ltd,Sani Securities Company Ltd.,2026-04-17 12:28:26.681330,National Hydro Power Company Limited
2026041704008285,NHPC,60,42,200,310.1,62020.0,2026-04-17,186827910,152,Nagarik Stock Dealer ,Sani Securities Company Ltd.,2026-04-17 12:28:26.681615,National Hydro Power Company Limited
2026041704008286,NHPC,44,42,500,310.0,155000.0,2026-04-17,186827912,152,Dynamic Money Managers Securities Pvt. Ltd.,Sani Securities Company Ltd.,2026-04-17 12:28:26.681900,National Hydro Power Company Limited
2026041704008287,NHPC,38,42,1000,310.0,310000.0,2026-04-17,186827914,152,Dipshikha Dhitopatra Karobar Co. Pvt Ltd.,Sani Securities Company Ltd.,2026-04-17 12:28:26.682194,National Hydro Power Company Limited
2026041704008288,NHPC,58,42,5000,310.0,1550000.0,2026-04-17,186827916,152,Naasa Securities Co. Ltd.,Sani Securities Company Ltd.,2026-04-17 12:28:26.682476,National Hydro Power Company Limited
2026041704008289,NHPC,51,42,1000,310.0,310000.0,2026-04-17,186827918,152,Oxford Securities Pvt. Ltd.,Sani Securities Company Ltd.,2026-04-17 12:28:26.682758,National Hydro Power Company Limited
2026041704008290,NHPC,13,42,200,310.0,62000.0,2026-04-17,186827920,152,Thrive Brokerage House Pvt. Ltd,Sani Securities Company Ltd.,2026-04-17 12:28:26.683047,National Hydro Power Company Limited
2026041704008291,NHPC,34,42,1000,310.0,310000.0,2026-04-17,186827922,152,Vision Securities Pvt. Ltd,Sani Securities Company Ltd.,2026-04-17 12:28:26.683336,National Hydro Power Company Limited
2026041704008292,NHPC,58,42,100,310.0,31000.0,2026-04-17,186827924,152,Naasa Securities Co. Ltd.,Sani Securities Company Ltd.,2026-04-17 12:28:26.683647,National Hydro Power Company Limited
2026041704008293,NHPC,14,42,180,310.0,55800.0,2026-04-17,186827926,152,Nepal Stock House (PVT) Ltd.,Sani Securities Company Ltd.,2026-04-17 12:28:26.683931,National Hydro Power Company Limited
2026041704008294,NHPC,3,42,250,310.0,77500.0,2026-04-17,186827928,152,Arun Securities (PVT) Ltd.,Sani Securities Company Ltd.,2026-04-17 12:28:26.684216,National Hydro Power Company Limited
2026041704008295,NHPC,51,42,100,310.0,31000.0,2026-04-17,186827930,152,Oxford Securities Pvt. Ltd.,Sani Securities Company Ltd.,2026-04-17 12:28:26.684508,National Hydro Power Company Limited
2026041704008296,NHPC,58,42,18,310.0,5580.0,2026-04-17,186827932,152,Naasa Securities Co. Ltd.,Sani Securities Company Ltd.,2026-04-17 12:28:26.684795,National Hydro Power Company Limited
2026041704008297,NHPC,17,42,100,310.0,31000.0,2026-04-17,186827934,152,ABC Securities Private Limited,Sani Securities Company Ltd.,2026-04-17 12:28:26.685107,National Hydro Power Company Limited
2026041704008298,NHPC,6,42,150,310.0,46500.0,2026-04-17,186827936,152,Agrawal Securities (PVT) Ltd.,Sani Securities Company Ltd.,2026-04-17 12:28:26.685396,National Hydro Power Company Limited
2026041704008299,NHPC,48,42,5000,310.0,1550000.0,2026-04-17,186827938,152,Trishakti Securities Public Limited,Sani Securities Company Ltd.,2026-04-17 12:28:26.685673,National Hydro Power Company Limited
2026041704008300,NHPC,58,42,1000,310.0,310000.0,2026-04-17,186827940,152,Naasa Securities Co. Ltd.,Sani Securities Company Ltd.,2026-04-17 12:28:26.685946,National Hydro Power Company Limited
2026041704008301,NHPC,74,42,300,310.0,93000.0,2026-04-17,186827942,152,KALASH STOCK MARKET PVT. LTD.,Sani Securities Company Ltd.,2026-04-17 12:28:26.686235,National Hydro Power Company Limited
2026041704008302,NHPC,45,42,3000,310.0,930000.0,2026-04-17,186827944,152,Imperial Securities Company Pvt. Ltd.,Sani Securities Company Ltd.,2026-04-17 12:28:26.686520,National Hydro Power Company Limited
2026041704008303,NHPC,88,42,1000,310.0,310000.0,2026-04-17,186827946,152,Blue Chip Securities Ltd,Sani Securities Company Ltd.,2026-04-17 12:28:26.686807,National Hydro Power Company Limited
2026041704008304,NHPC,75,42,266,310.0,82460.0,2026-04-17,186827947,152,N.I.M.B. Stock Markets Limited,Sani Securities Company Ltd.,2026-04-17 12:28:26.687092,National Hydro Power Company Limited
2026041704008340,NHPC,34,34,50,312.0,15600.0,2026-04-17,186828405,152,Vision Securities Pvt. Ltd,Vision Securities Pvt. Ltd,2026-04-17 12:29:11.294761,National Hydro Power Company Limited
2026041704008341,NHPC,34,14,500,312.0,156000.0,2026-04-17,186828407,152,Vision Securities Pvt. Ltd,Nepal Stock House (PVT) Ltd.,2026-04-17 12:29:11.296032,National Hydro Power Company Limited
2026041704008342,NHPC,34,59,100,312.0,31200.0,2026-04-17,186828409,152,Vision Securities Pvt. Ltd,Deevyaa Securities & Stock House Pvt. Ltd,2026-04-17 12:29:11.296951,National Hydro Power Company Limited
2026041704008343,NHPC,34,96,2550,312.0,795600.0,2026-04-17,186828412,152,Vision Securities Pvt. Ltd,Himalayan Securities Limited,2026-04-17 12:29:11.297839,National Hydro Power Company Limited
2026041704008374,NHPC,28,96,1100,312.0,343200.0,2026-04-17,186828712,152,Shree Krishna Securities Ltd.,Himalayan Securities Limited,2026-04-17 12:29:37.680276,National Hydro Power Company Limited
2026041704008384,NHPC,14,42,900,311.0,279900.0,2026-04-17,186828783,152,Nepal Stock House (PVT) Ltd.,Sani Securities Company Ltd.,2026-04-17 12:29:42.200874,National Hydro Power Company Limited
2026041704008385,NHPC,49,96,500,312.0,156000.0,2026-04-17,186828798,152,Online Securities Pvt. Ltd.,Himalayan Securities Limited,2026-04-17 12:29:43.555397,National Hydro Power Company Limited
2026041704008401,NHPC,14,43,100,311.0,31100.0,2026-04-17,186829198,152,Nepal Stock House (PVT) Ltd.,South Asian Bulls Pvt. Ltd.,2026-04-17 12:30:19.210577,National Hydro Power Company Limited
2026041704008402,NHPC,62,43,500,311.0,155500.0,2026-04-17,186829200,152,Capital Max Securities Ltd,South Asian Bulls Pvt. Ltd.,2026-04-17 12:30:19.211872,National Hydro Power Company Limited
2026041704008403,NHPC,71,43,1000,311.0,311000.0,2026-04-17,186829202,152,SHUBHAKAMANA SECURITIES PVT. LTD,South Asian Bulls Pvt. Ltd.,2026-04-17 12:30:19.212783,National Hydro Power Company Limited
2026041704008404,NHPC,94,43,100,310.2,31020.0,2026-04-17,186829204,152,K.B.L. Securities Limited ,South Asian Bulls Pvt. Ltd.,2026-04-17 12:30:19.213707,National Hydro Power Company Limited
2026041704008405,NHPC,38,43,800,310.2,248160.0,2026-04-17,186829205,152,Dipshikha Dhitopatra Karobar Co. Pvt Ltd.,South Asian Bulls Pvt. Ltd.,2026-04-17 12:30:19.214616,National Hydro Power Company Limited
2026041704008409,NHPC,81,96,1000,312.0,312000.0,2026-04-17,186829238,152,Aakashbhairab Securities Ltd.,Himalayan Securities Limited,2026-04-17 12:30:20.620838,National Hydro Power Company Limited
2026041704008435,NHPC,48,96,1600,312.0,499200.0,2026-04-17,186829580,152,Trishakti Securities Public Limited,Himalayan Securities Limited,2026-04-17 12:30:48.782438,National Hydro Power Company Limited
2026041704008468,NHPC,58,96,50,312.0,15600.0,2026-04-17,186829932,152,Naasa Securities Co. Ltd.,Himalayan Securities Limited,2026-04-17 12:31:19.033772,National Hydro Power Company Limited
2026041704008511,NHPC,38,96,1260,312.0,393120.0,2026-04-17,186830524,152,Dipshikha Dhitopatra Karobar Co. Pvt Ltd.,Himalayan Securities Limited,2026-04-17 12:31:53.340289,National Hydro Power Company Limited
2026041704008513,NHPC,35,42,400,311.1,124440.0,2026-04-17,186830545,152,Kohinoor Investment & Securities Pvt. Ltd.,Sani Securities Company Ltd.,2026-04-17 12:31:57.377990,National Hydro Power Company Limited
2026041704008518,NHPC,35,14,500,311.1,155550.0,2026-04-17,186830637,152,Kohinoor Investment & Securities Pvt. Ltd.,Nepal Stock House (PVT) Ltd.,2026-04-17 12:32:04.811957,National Hydro Power Company Limited
2026041704008528,NHPC,38,96,200,312.0,62400.0,2026-04-17,186830806,152,Dipshikha Dhitopatra Karobar Co. Pvt Ltd.,Himalayan Securities Limited,2026-04-17 12:32:10.762773,National Hydro Power Company Limited
2026041704008530,NHPC,35,96,300,312.0,93600.0,2026-04-17,186830814,152,Kohinoor Investment & Securities Pvt. Ltd.,Himalayan Securities Limited,2026-04-17 12:32:11.531005,National Hydro Power Company Limited
2026041704008535,NHPC,45,96,1440,312.0,449280.0,2026-04-17,186830999,152,Imperial Securities Company Pvt. Ltd.,Himalayan Securities Limited,2026-04-17 12:32:17.296583,National Hydro Power Company Limited
2026041704008536,NHPC,45,4,10,312.0,3120.0,2026-04-17,186831001,152,Imperial Securities Company Pvt. Ltd.,Opal Securities Investment (PVT) Ltd.,2026-04-17 12:32:17.297764,National Hydro Power Company Limited
2026041704008537,NHPC,45,49,10,312.0,3120.0,2026-04-17,186831003,152,Imperial Securities Company Pvt. Ltd.,Online Securities Pvt. Ltd.,2026-04-17 12:32:17.298662,National Hydro Power Company Limited
2026041704008538,NHPC,45,49,10,312.0,3120.0,2026-04-17,186831005,152,Imperial Securities Company Pvt. Ltd.,Online Securities Pvt. Ltd.,2026-04-17 12:32:17.299517,National Hydro Power Company Limited
2026041704008539,NHPC,45,11,702,312.0,219024.0,2026-04-17,186831007,152,Imperial Securities Company Pvt. Ltd.,Malla & Malla Stock Broking Company Pvt. Limited,2026-04-17 12:32:17.300392,National Hydro Power Company Limited
2026041704008540,NHPC,45,34,200,312.0,62400.0,2026-04-17,186831009,152,Imperial Securities Company Pvt. Ltd.,Vision Securities Pvt. Ltd,2026-04-17 12:32:17.301271,National Hydro Power Company Limited
2026041704008566,NHPC,58,48,250,312.8,78200.0,2026-04-17,186831236,152,Naasa Securities Co. Ltd.,Trishakti Securities Public Limited,2026-04-17 12:32:35.607476,National Hydro Power Company Limited
2026041704008586,NHPC,45,48,40,312.8,12512.0,2026-04-17,186831324,152,Imperial Securities Company Pvt. Ltd.,Trishakti Securities Public Limited,2026-04-17 12:32:42.367424,National Hydro Power Company Limited
2026041704008593,NHPC,44,48,500,312.8,156400.0,2026-04-17,186831404,152,Dynamic Money Managers Securities Pvt. Ltd.,Trishakti Securities Public Limited,2026-04-17 12:32:47.117669,National Hydro Power Company Limited
2026041704008594,NHPC,34,64,11,312.7,3439.7,2026-04-17,186831406,152,Vision Securities Pvt. Ltd,SUN SECURITIES PVT LTD,2026-04-17 12:32:47.137956,National Hydro Power Company Limited
2026041704008595,NHPC,59,64,1191,312.2,371830.2,2026-04-17,186831407,152,Deevyaa Securities & Stock House Pvt. Ltd,SUN SECURITIES PVT LTD,2026-04-17 12:32:47.138498,National Hydro Power Company Limited
2026041704008600,NHPC,8,48,25,312.8,7820.0,2026-04-17,186831424,152,Brilliant Securities Pvt. Ltd.,Trishakti Securities Public Limited,2026-04-17 12:32:47.400441,National Hydro Power Company Limited
2026041704008608,NHPC,38,48,25,312.8,7820.0,2026-04-17,186831496,152,Dipshikha Dhitopatra Karobar Co. Pvt Ltd.,Trishakti Securities Public Limited,2026-04-17 12:32:55.545207,National Hydro Power Company Limited
2026041704008611,NHPC,60,48,160,312.8,50048.0,2026-04-17,186831521,152,Nagarik Stock Dealer ,Trishakti Securities Public Limited,2026-04-17 12:32:59.637293,National Hydro Power Company Limited
2026041704008627,NHPC,71,59,300,312.9,93870.0,2026-04-17,186831606,152,SHUBHAKAMANA SECURITIES PVT. LTD,Deevyaa Securities & Stock House Pvt. Ltd,2026-04-17 12:33:05.025179,National Hydro Power Company Limited
2026041704008633,NHPC,60,59,16,312.9,5006.4,2026-04-17,186831673,152,Nagarik Stock Dealer ,Deevyaa Securities & Stock House Pvt. Ltd,2026-04-17 12:33:09.999189,National Hydro Power Company Limited
2026041704008634,NHPC,60,48,314,312.9,98250.6,2026-04-17,186831676,152,Nagarik Stock Dealer ,Trishakti Securities Public Limited,2026-04-17 12:33:10.000459,National Hydro Power Company Limited
2026041704008635,NHPC,94,48,300,312.9,93870.0,2026-04-17,186831682,152,K.B.L. Securities Limited ,Trishakti Securities Public Limited,2026-04-17 12:33:10.524153,National Hydro Power Company Limited
2026041704008653,NHPC,53,4,50,312.8,15640.0,2026-04-17,186831735,152,Investment Management Nepal Pvt. Ltd.,Opal Securities Investment (PVT) Ltd.,2026-04-17 12:33:13.968133,National Hydro Power Company Limited
2026041704008654,NHPC,53,48,219,312.9,68525.1,2026-04-17,186831737,152,Investment Management Nepal Pvt. Ltd.,Trishakti Securities Public Limited,2026-04-17 12:33:13.969451,National Hydro Power Company Limited
2026041704008656,NHPC,34,58,10,313.0,3130.0,2026-04-17,186831754,152,Vision Securities Pvt. Ltd,Naasa Securities Co. Ltd.,2026-04-17 12:33:16.605213,National Hydro Power Company Limited
2026041704008677,NHPC,3,58,10,313.0,3130.0,2026-04-17,186831873,152,Arun Securities (PVT) Ltd.,Naasa Securities Co. Ltd.,2026-04-17 12:33:26.964433,National Hydro Power Company Limited
2026041704008678,NHPC,3,19,33,313.0,10329.0,2026-04-17,186831876,152,Arun Securities (PVT) Ltd.,Nepal Investment And Securities Trading Private Limited,2026-04-17 12:33:26.965758,National Hydro Power Company Limited
2026041704008705,NHPC,58,19,67,313.0,20971.0,2026-04-17,186832059,152,Naasa Securities Co. Ltd.,Nepal Investment And Securities Trading Private Limited,2026-04-17 12:33:35.598057,National Hydro Power Company Limited
2026041704008706,NHPC,58,42,33,313.0,10329.0,2026-04-17,186832062,152,Naasa Securities Co. Ltd.,Sani Securities Company Ltd.,2026-04-17 12:33:35.598710,National Hydro Power Company Limited
2026041704008713,NHPC,50,42,500,313.0,156500.0,2026-04-17,186832132,152,Cristal Kanchanjanga Securites Pvt. Ltd.,Sani Securities Company Ltd.,2026-04-17 12:33:38.938702,National Hydro Power Company Limited
2026041704008715,NHPC,26,42,357,313.0,111741.0,2026-04-17,186832135,152,Asian Securities Private Ltd.,Sani Securities Company Ltd.,2026-04-17 12:33:39.168680,National Hydro Power Company Limited
2026041704008716,NHPC,26,42,143,313.0,44759.0,2026-04-17,186832138,152,Asian Securities Private Ltd.,Sani Securities Company Ltd.,2026-04-17 12:33:39.169268,National Hydro Power Company Limited
2026041704008731,NHPC,49,42,100,313.0,31300.0,2026-04-17,186832272,152,Online Securities Pvt. Ltd.,Sani Securities Company Ltd.,2026-04-17 12:33:48.710211,National Hydro Power Company Limited
2026041704008752,NHPC,57,42,250,313.0,78250.0,2026-04-17,186832572,152,Aryatara Investment & Securities,Sani Securities Company Ltd.,2026-04-17 12:34:14.248606,National Hydro Power Company Limited
2026041704008753,NHPC,58,42,507,313.0,158691.0,2026-04-17,186832593,152,Naasa Securities Co. Ltd.,Sani Securities Company Ltd.,2026-04-17 12:34:16.510252,National Hydro Power Company Limited
2026041704008754,NHPC,58,42,993,313.0,310809.0,2026-04-17,186832596,152,Naasa Securities Co. Ltd.,Sani Securities Company Ltd.,2026-04-17 12:34:16.510932,National Hydro Power Company Limited
2026041704008758,NHPC,57,57,10,313.0,3130.0,2026-04-17,186832661,152,Aryatara Investment & Securities,Aryatara Investment & Securities,2026-04-17 12:34:24.073107,National Hydro Power Company Limited
2026041704008766,NHPC,35,45,100,313.1,31310.0,2026-04-17,186832778,152,Kohinoor Investment & Securities Pvt. Ltd.,Imperial Securities Company Pvt. Ltd.,2026-04-17 12:34:36.746395,National Hydro Power Company Limited
2026041704008778,NHPC,34,17,10,313.8,3138.0,2026-04-17,186832964,152,Vision Securities Pvt. Ltd,ABC Securities Private Limited,2026-04-17 12:34:51.920565,National Hydro Power Company Limited
2026041704008790,NHPC,28,17,100,313.8,31380.0,2026-04-17,186833054,152,Shree Krishna Securities Ltd.,ABC Securities Private Limited,2026-04-17 12:34:59.474866,National Hydro Power Company Limited
2026041704008796,NHPC,58,13,25,313.4,7835.0,2026-04-17,186833126,152,Naasa Securities Co. Ltd.,Thrive Brokerage House Pvt. Ltd,2026-04-17 12:35:06.256219,National Hydro Power Company Limited
2026041704008797,NHPC,58,13,75,313.2,23490.0,2026-04-17,186833127,152,Naasa Securities Co. Ltd.,Thrive Brokerage House Pvt. Ltd,2026-04-17 12:35:06.257562,National Hydro Power Company Limited
2026041704008798,NHPC,59,59,1809,313.7,567483.3,2026-04-17,186833130,152,Deevyaa Securities & Stock House Pvt. Ltd,Deevyaa Securities & Stock House Pvt. Ltd,2026-04-17 12:35:06.734669,National Hydro Power Company Limited
2026041704008802,NHPC,34,59,191,313.7,59916.7,2026-04-17,186833173,152,Vision Securities Pvt. Ltd,Deevyaa Securities & Stock House Pvt. Ltd,2026-04-17 12:35:11.189581,National Hydro Power Company Limited
2026041704008803,NHPC,34,17,190,313.8,59622.0,2026-04-17,186833175,152,Vision Securities Pvt. Ltd,ABC Securities Private Limited,2026-04-17 12:35:11.190339,National Hydro Power Company Limited
2026041704008812,NHPC,50,42,500,313.9,156950.0,2026-04-17,186833266,152,Cristal Kanchanjanga Securites Pvt. Ltd.,Sani Securities Company Ltd.,2026-04-17 12:35:18.296788,National Hydro Power Company Limited
2026041704008813,NHPC,74,8,301,314.0,94514.0,2026-04-17,186833277,152,KALASH STOCK MARKET PVT. LTD.,Brilliant Securities Pvt. Ltd.,2026-04-17 12:35:19.389975,National Hydro Power Company Limited
2026041704008814,NHPC,74,5,999,314.0,313686.0,2026-04-17,186833280,152,KALASH STOCK MARKET PVT. LTD.,Market Securities & Exchange (PVT) Ltd.,2026-04-17 12:35:19.391333,National Hydro Power Company Limited
2026041704008818,NHPC,45,58,39,314.0,12246.0,2026-04-17,186833289,152,Imperial Securities Company Pvt. Ltd.,Naasa Securities Co. Ltd.,2026-04-17 12:35:21.400876,National Hydro Power Company Limited
2026041704008819,NHPC,45,54,261,314.0,81954.0,2026-04-17,186833292,152,Imperial Securities Company Pvt. Ltd.,Sewa Securities Pvt. Ltd.,2026-04-17 12:35:21.401546,National Hydro Power Company Limited
2026041704008822,NHPC,58,54,500,314.0,157000.0,2026-04-17,186833330,152,Naasa Securities Co. Ltd.,Sewa Securities Pvt. Ltd.,2026-04-17 12:35:24.518645,National Hydro Power Company Limited
2026041704008824,NHPC,44,54,239,314.0,75046.0,2026-04-17,186833341,152,Dynamic Money Managers Securities Pvt. Ltd.,Sewa Securities Pvt. Ltd.,2026-04-17 12:35:26.601826,National Hydro Power Company Limited
2026041704008825,NHPC,44,42,261,314.0,81954.0,2026-04-17,186833344,152,Dynamic Money Managers Securities Pvt. Ltd.,Sani Securities Company Ltd.,2026-04-17 12:35:26.603198,National Hydro Power Company Limited
2026041704008833,NHPC,40,42,239,314.0,75046.0,2026-04-17,186833443,152,Creative Securities Pvt Ltd,Sani Securities Company Ltd.,2026-04-17 12:35:35.579904,National Hydro Power Company Limited
2026041704008834,NHPC,40,49,761,314.0,238954.0,2026-04-17,186833446,152,Creative Securities Pvt Ltd,Online Securities Pvt. Ltd.,2026-04-17 12:35:35.580571,National Hydro Power Company Limited
2026041704008835,NHPC,53,49,239,314.0,75046.0,2026-04-17,186833455,152,Investment Management Nepal Pvt. Ltd.,Online Securities Pvt. Ltd.,2026-04-17 12:35:37.005622,National Hydro Power Company Limited
2026041704008840,NHPC,58,42,4,319.0,1276.0,2026-04-17,186833501,152,Naasa Securities Co. Ltd.,Sani Securities Company Ltd.,2026-04-17 12:35:39.554489,National Hydro Power Company Limited
2026041704008844,NHPC,60,57,1000,314.4,314400.0,2026-04-17,186833591,152,Nagarik Stock Dealer ,Aryatara Investment & Securities,2026-04-17 12:35:45.632205,National Hydro Power Company Limited
2026041704008845,NHPC,60,61,1136,314.5,357272.0,2026-04-17,186833593,152,Nagarik Stock Dealer ,BHOLE GANESH SECURITIES LTD,2026-04-17 12:35:45.632280,National Hydro Power Company Limited
2026041704008846,NHPC,60,58,1000,315.0,315000.0,2026-04-17,186833595,152,Nagarik Stock Dealer ,Naasa Securities Co. Ltd.,2026-04-17 12:35:45.632304,National Hydro Power Company Limited
2026041704008847,NHPC,60,50,50,315.0,15750.0,2026-04-17,186833597,152,Nagarik Stock Dealer ,Cristal Kanchanjanga Securites Pvt. Ltd.,2026-04-17 12:35:45.632336,National Hydro Power Company Limited
2026041704008848,NHPC,60,19,100,315.0,31500.0,2026-04-17,186833599,152,Nagarik Stock Dealer ,Nepal Investment And Securities Trading Private Limited,2026-04-17 12:35:45.632357,National Hydro Power Company Limited
2026041704008849,NHPC,60,45,152,315.0,47880.0,2026-04-17,186833601,152,Nagarik Stock Dealer ,Imperial Securities Company Pvt. Ltd.,2026-04-17 12:35:45.632378,National Hydro Power Company Limited
2026041704008850,NHPC,60,56,37,315.0,11655.0,2026-04-17,186833603,152,Nagarik Stock Dealer ,Sri Hari Securities Pvt. Ltd.,2026-04-17 12:35:45.632400,National Hydro Power Company Limited
2026041704008851,NHPC,60,48,50,315.0,15750.0,2026-04-17,186833605,152,Nagarik Stock Dealer ,Trishakti Securities Public Limited,2026-04-17 12:35:45.632428,National Hydro Power Company Limited
2026041704008852,NHPC,60,22,1475,315.0,464625.0,2026-04-17,186833608,152,Nagarik Stock Dealer ,Siprabi Securities Pvt. Ltd.,2026-04-17 12:35:45.632491,National Hydro Power Company Limited
2026041704008854,NHPC,34,22,10,315.0,3150.0,2026-04-17,186833622,152,Vision Securities Pvt. Ltd,Siprabi Securities Pvt. Ltd.,2026-04-17 12:35:46.244628,National Hydro Power Company Limited
2026041704008871,NHPC,77,22,15,315.0,4725.0,2026-04-17,186833761,152,Nabil Stock Dealer Ltd.,Siprabi Securities Pvt. Ltd.,2026-04-17 12:35:59.208348,National Hydro Power Company Limited
2026041704008872,NHPC,77,13,50,315.0,15750.0,2026-04-17,186833763,152,Nabil Stock Dealer Ltd.,Thrive Brokerage House Pvt. Ltd,2026-04-17 12:35:59.209695,National Hydro Power Company Limited
2026041704008873,NHPC,77,7,100,315.0,31500.0,2026-04-17,186833765,152,Nabil Stock Dealer Ltd.,J.F. Securites (PVT) Ltd.,2026-04-17 12:35:59.211015,National Hydro Power Company Limited
2026041704008874,NHPC,77,57,2835,315.0,893025.0,2026-04-17,186833768,152,Nabil Stock Dealer Ltd.,Aryatara Investment & Securities,2026-04-17 12:35:59.211967,National Hydro Power Company Limited
2026041704008897,NHPC,77,85,2000,314.9,629800.0,2026-04-17,186833938,152,Nabil Stock Dealer Ltd.,Capital Hub P. Ltd,2026-04-17 12:36:17.128489,National Hydro Power Company Limited
2026041704008899,NHPC,34,21,11,314.8,3462.8,2026-04-17,186833944,152,Vision Securities Pvt. Ltd,Midas Stock Broking Company Private Limited,2026-04-17 12:36:17.251199,National Hydro Power Company Limited
2026041704008900,NHPC,34,21,100,314.0,31400.0,2026-04-17,186833946,152,Vision Securities Pvt. Ltd,Midas Stock Broking Company Private Limited,2026-04-17 12:36:17.251783,National Hydro Power Company Limited
2026041704008901,NHPC,41,21,89,314.0,27946.0,2026-04-17,186833948,152,Linch Stock Market Ltd.,Midas Stock Broking Company Private Limited,2026-04-17 12:36:17.252096,National Hydro Power Company Limited
2026041704008902,NHPC,13,21,30,314.0,9420.0,2026-04-17,186833950,152,Thrive Brokerage House Pvt. Ltd,Midas Stock Broking Company Private Limited,2026-04-17 12:36:17.252434,National Hydro Power Company Limited
2026041704008903,NHPC,58,21,100,314.0,31400.0,2026-04-17,186833952,152,Naasa Securities Co. Ltd.,Midas Stock Broking Company Private Limited,2026-04-17 12:36:17.252740,National Hydro Power Company Limited
2026041704008906,NHPC,66,21,700,314.0,219800.0,2026-04-17,186833992,152,Miyo Securities Pvt Ltd,Midas Stock Broking Company Private Limited,2026-04-17 12:36:21.156348,National Hydro Power Company Limited
2026041704008908,NHPC,87,21,857,314.0,269098.0,2026-04-17,186834068,152,S.P.S.A. Securities Limited,Midas Stock Broking Company Private Limited,2026-04-17 12:36:26.358452,National Hydro Power Company Limited
2026041704008943,NHPC,57,71,10,313.9,3139.0,2026-04-17,186834300,152,Aryatara Investment & Securities,SHUBHAKAMANA SECURITIES PVT. LTD,2026-04-17 12:36:50.302903,National Hydro Power Company Limited
2026041704008944,NHPC,34,71,90,313.8,28242.0,2026-04-17,186834301,152,Vision Securities Pvt. Ltd,SHUBHAKAMANA SECURITIES PVT. LTD,2026-04-17 12:36:50.303008,National Hydro Power Company Limited
2026041704008957,NHPC,58,42,1,317.0,317.0,2026-04-17,186834363,152,Naasa Securities Co. Ltd.,Sani Securities Company Ltd.,2026-04-17 12:36:57.722466,National Hydro Power Company Limited
2026041704008969,NHPC,22,21,11,314.0,3454.0,2026-04-17,186834482,152,Siprabi Securities Pvt. Ltd.,Midas Stock Broking Company Private Limited,2026-04-17 12:37:09.335354,National Hydro Power Company Limited
2026041704008971,NHPC,45,21,100,314.0,31400.0,2026-04-17,186834520,152,Imperial Securities Company Pvt. Ltd.,Midas Stock Broking Company Private Limited,2026-04-17 12:37:12.671474,National Hydro Power Company Limited
2026041704008976,NHPC,34,25,29,313.8,9100.2,2026-04-17,186834570,152,Vision Securities Pvt. Ltd,Sweta Securities Private Limited,2026-04-17 12:37:16.275984,National Hydro Power Company Limited
2026041704008977,NHPC,21,25,21,313.8,6589.8,2026-04-17,186834571,152,Midas Stock Broking Company Private Limited,Sweta Securities Private Limited,2026-04-17 12:37:16.277289,National Hydro Power Company Limited
2026041704009002,NHPC,21,21,500,313.8,156900.0,2026-04-17,186834697,152,Midas Stock Broking Company Private Limited,Midas Stock Broking Company Private Limited,2026-04-17 12:37:27.114651,National Hydro Power Company Limited
2026041704009009,NHPC,21,7,79,313.8,24790.2,2026-04-17,186834780,152,Midas Stock Broking Company Private Limited,J.F. Securites (PVT) Ltd.,2026-04-17 12:37:38.023945,National Hydro Power Company Limited
2026041704009010,NHPC,41,7,421,313.8,132109.8,2026-04-17,186834793,152,Linch Stock Market Ltd.,J.F. Securites (PVT) Ltd.,2026-04-17 12:37:38.474774,National Hydro Power Company Limited
2026041704009033,NHPC,61,21,1002,314.0,314628.0,2026-04-17,186835049,152,BHOLE GANESH SECURITIES LTD,Midas Stock Broking Company Private Limited,2026-04-17 12:37:57.463918,National Hydro Power Company Limited
2026041704009034,NHPC,61,54,998,314.0,313372.0,2026-04-17,186835052,152,BHOLE GANESH SECURITIES LTD,Sewa Securities Pvt. Ltd.,2026-04-17 12:37:57.465358,National Hydro Power Company Limited
2026041704009036,NHPC,28,54,100,314.0,31400.0,2026-04-17,186835076,152,Shree Krishna Securities Ltd.,Sewa Securities Pvt. Ltd.,2026-04-17 12:37:59.842002,National Hydro Power Company Limited
2026041704009062,NHPC,42,25,200,313.9,62780.0,2026-04-17,186835360,152,Sani Securities Company Ltd.,Sweta Securities Private Limited,2026-04-17 12:38:24.528721,National Hydro Power Company Limited
2026041704009070,NHPC,41,25,79,313.9,24798.1,2026-04-17,186835383,152,Linch Stock Market Ltd.,Sweta Securities Private Limited,2026-04-17 12:38:25.506692,National Hydro Power Company Limited
2026041704009089,NHPC,58,54,22,313.2,6890.4,2026-04-17,186835585,152,Naasa Securities Co. Ltd.,Sewa Securities Pvt. Ltd.,2026-04-17 12:38:48.561914,National Hydro Power Company Limited
2026041704009112,NHPC,58,21,53,313.2,16599.6,2026-04-17,186835930,152,Naasa Securities Co. Ltd.,Midas Stock Broking Company Private Limited,2026-04-17 12:39:19.188856,National Hydro Power Company Limited
2026041704009113,NHPC,58,21,100,313.2,31320.0,2026-04-17,186835932,152,Naasa Securities Co. Ltd.,Midas Stock Broking Company Private Limited,2026-04-17 12:39:19.190197,National Hydro Power Company Limited
2026041704009114,NHPC,43,21,200,313.1,62620.0,2026-04-17,186835934,152,South Asian Bulls Pvt. Ltd.,Midas Stock Broking Company Private Limited,2026-04-17 12:39:19.191302,National Hydro Power Company Limited
2026041704009115,NHPC,58,21,100,313.0,31300.0,2026-04-17,186835936,152,Naasa Securities Co. Ltd.,Midas Stock Broking Company Private Limited,2026-04-17 12:39:19.192444,National Hydro Power Company Limited
2026041704009116,NHPC,4,21,500,313.0,156500.0,2026-04-17,186835938,152,Opal Securities Investment (PVT) Ltd.,Midas Stock Broking Company Private Limited,2026-04-17 12:39:19.193484,National Hydro Power Company Limited
2026041704009117,NHPC,91,21,47,313.0,14711.0,2026-04-17,186835939,152,Citizens Share Broker Limited,Midas Stock Broking Company Private Limited,2026-04-17 12:39:19.194137,National Hydro Power Company Limited
2026041704009130,NHPC,58,58,50,313.8,15690.0,2026-04-17,186836077,152,Naasa Securities Co. Ltd.,Naasa Securities Co. Ltd.,2026-04-17 12:39:32.132339,National Hydro Power Company Limited
2026041704009131,NHPC,58,7,500,313.8,156900.0,2026-04-17,186836080,152,Naasa Securities Co. Ltd.,J.F. Securites (PVT) Ltd.,2026-04-17 12:39:32.133001,National Hydro Power Company Limited
2026041704009156,NHPC,57,25,557,313.9,174842.3,2026-04-17,186836213,152,Aryatara Investment & Securities,Sweta Securities Private Limited,2026-04-17 12:39:50.584147,National Hydro Power Company Limited
2026041704009157,NHPC,57,42,443,313.9,139057.7,2026-04-17,186836216,152,Aryatara Investment & Securities,Sani Securities Company Ltd.,2026-04-17 12:39:50.584835,National Hydro Power Company Limited
2026041704009167,NHPC,50,42,57,313.9,17892.3,2026-04-17,186836275,152,Cristal Kanchanjanga Securites Pvt. Ltd.,Sani Securities Company Ltd.,2026-04-17 12:39:57.252113,National Hydro Power Company Limited
2026041704009168,NHPC,50,42,1000,313.9,313900.0,2026-04-17,186836277,152,Cristal Kanchanjanga Securites Pvt. Ltd.,Sani Securities Company Ltd.,2026-04-17 12:39:57.253436,National Hydro Power Company Limited
2026041704009169,NHPC,50,21,2943,314.0,924102.0,2026-04-17,186836280,152,Cristal Kanchanjanga Securites Pvt. Ltd.,Midas Stock Broking Company Private Limited,2026-04-17 12:39:57.254445,National Hydro Power Company Limited
2026041704009179,NHPC,71,42,300,313.9,94170.0,2026-04-17,186836436,152,SHUBHAKAMANA SECURITIES PVT. LTD,Sani Securities Company Ltd.,2026-04-17 12:40:12.096769,National Hydro Power Company Limited
2026041704009182,NHPC,42,42,100,313.9,31390.0,2026-04-17,186836454,152,Sani Securities Company Ltd.,Sani Securities Company Ltd.,2026-04-17 12:40:14.416583,National Hydro Power Company Limited
2026041704009191,NHPC,88,42,100,313.9,31390.0,2026-04-17,186836495,152,Blue Chip Securities Ltd,Sani Securities Company Ltd.,2026-04-17 12:40:20.557230,National Hydro Power Company Limited
2026041704009207,NHPC,58,21,57,314.0,17898.0,2026-04-17,186836561,152,Naasa Securities Co. Ltd.,Midas Stock Broking Company Private Limited,2026-04-17 12:40:28.406525,National Hydro Power Company Limited
2026041704009208,NHPC,58,34,43,314.0,13502.0,2026-04-17,186836564,152,Naasa Securities Co. Ltd.,Vision Securities Pvt. Ltd,2026-04-17 12:40:28.407162,National Hydro Power Company Limited
2026041704009212,NHPC,62,34,1000,314.0,314000.0,2026-04-17,186836630,152,Capital Max Securities Ltd,Vision Securities Pvt. Ltd,2026-04-17 12:40:34.163109,National Hydro Power Company Limited
2026041704009228,NHPC,88,21,850,313.9,266815.0,2026-04-17,186836850,152,Blue Chip Securities Ltd,Midas Stock Broking Company Private Limited,2026-04-17 12:40:54.696214,National Hydro Power Company Limited
2026041704009229,NHPC,38,21,1000,313.2,313200.0,2026-04-17,186836852,152,Dipshikha Dhitopatra Karobar Co. Pvt Ltd.,Midas Stock Broking Company Private Limited,2026-04-17 12:40:54.696967,National Hydro Power Company Limited
2026041704009230,NHPC,13,21,150,313.1,46965.0,2026-04-17,186836853,152,Thrive Brokerage House Pvt. Ltd,Midas Stock Broking Company Private Limited,2026-04-17 12:40:54.697351,National Hydro Power Company Limited
2026041704009231,NHPC,62,34,469,314.0,147266.0,2026-04-17,186836860,152,Capital Max Securities Ltd,Vision Securities Pvt. Ltd,2026-04-17 12:40:55.251184,National Hydro Power Company Limited
2026041704009253,NHPC,60,59,1000,313.9,313900.0,2026-04-17,186837061,152,Nagarik Stock Dealer ,Deevyaa Securities & Stock House Pvt. Ltd,2026-04-17 12:41:16.997579,National Hydro Power Company Limited
2026041704009254,NHPC,60,34,4000,314.0,1256000.0,2026-04-17,186837064,152,Nagarik Stock Dealer ,Vision Securities Pvt. Ltd,2026-04-17 12:41:16.998961,National Hydro Power Company Limited
2026041704009286,NHPC,29,44,500,313.9,156950.0,2026-04-17,186837312,152,Trisul Securities & Invt. Ltd.,Dynamic Money Managers Securities Pvt. Ltd.,2026-04-17 12:41:38.408229,National Hydro Power Company Limited
2026041704009287,NHPC,80,34,488,314.0,153232.0,2026-04-17,186837315,152,Indira securities pvt. ltd,Vision Securities Pvt. Ltd,2026-04-17 12:41:38.827569,National Hydro Power Company Limited
2026041704009288,NHPC,80,77,932,314.0,292648.0,2026-04-17,186837318,152,Indira securities pvt. ltd,Nabil Stock Dealer Ltd.,2026-04-17 12:41:38.828234,National Hydro Power Company Limited
2026041704009293,NHPC,21,21,2222,313.9,697485.8,2026-04-17,186837352,152,Midas Stock Broking Company Private Limited,Midas Stock Broking Company Private Limited,2026-04-17 12:41:41.927468,National Hydro Power Company Limited
2026041704009308,NHPC,36,21,500,313.9,156950.0,2026-04-17,186837570,152,Secured Securities Ltd.,Midas Stock Broking Company Private Limited,2026-04-17 12:42:06.794009,National Hydro Power Company Limited
2026041704009326,NHPC,62,21,278,313.9,87264.2,2026-04-17,186837701,152,Capital Max Securities Ltd,Midas Stock Broking Company Private Limited,2026-04-17 12:42:23.568939,National Hydro Power Company Limited
2026041704009327,NHPC,62,77,722,314.0,226708.0,2026-04-17,186837704,152,Capital Max Securities Ltd,Nabil Stock Dealer Ltd.,2026-04-17 12:42:23.569648,National Hydro Power Company Limited
2026041704009328,NHPC,32,77,500,314.0,157000.0,2026-04-17,186837742,152,Premier Securities Company Ltd.,Nabil Stock Dealer Ltd.,2026-04-17 12:42:28.144302,National Hydro Power Company Limited
2026041704009337,NHPC,57,77,1000,314.0,314000.0,2026-04-17,186837824,152,Aryatara Investment & Securities,Nabil Stock Dealer Ltd.,2026-04-17 12:42:31.997969,National Hydro Power Company Limited
2026041704009349,NHPC,62,77,257,314.0,80698.0,2026-04-17,186837898,152,Capital Max Securities Ltd,Nabil Stock Dealer Ltd.,2026-04-17 12:42:39.810486,National Hydro Power Company Limited
2026041704009351,NHPC,59,77,1589,314.0,498946.0,2026-04-17,186837947,152,Deevyaa Securities & Stock House Pvt. Ltd,Nabil Stock Dealer Ltd.,2026-04-17 12:42:40.595091,National Hydro Power Company Limited
2026041704009361,NHPC,44,48,1000,314.5,314500.0,2026-04-17,186838162,152,Dynamic Money Managers Securities Pvt. Ltd.,Trishakti Securities Public Limited,2026-04-17 12:42:54.273023,National Hydro Power Company Limited
2026041704009366,NHPC,36,42,230,314.5,72335.0,2026-04-17,186838229,152,Secured Securities Ltd.,Sani Securities Company Ltd.,2026-04-17 12:43:02.700385,National Hydro Power Company Limited
2026041704009367,NHPC,36,58,270,314.6,84942.0,2026-04-17,186838232,152,Secured Securities Ltd.,Naasa Securities Co. Ltd.,2026-04-17 12:43:02.700483,National Hydro Power Company Limited
2026041704009371,NHPC,62,58,740,314.6,232804.0,2026-04-17,186838343,152,Capital Max Securities Ltd,Naasa Securities Co. Ltd.,2026-04-17 12:43:05.659219,National Hydro Power Company Limited
2026041704009372,NHPC,62,60,1760,314.8,554048.0,2026-04-17,186838346,152,Capital Max Securities Ltd,Nagarik Stock Dealer ,2026-04-17 12:43:05.660583,National Hydro Power Company Limited
2026041704009374,NHPC,58,21,22,314.5,6919.0,2026-04-17,186838382,152,Naasa Securities Co. Ltd.,Midas Stock Broking Company Private Limited,2026-04-17 12:43:08.122170,National Hydro Power Company Limited
2026041704009395,NHPC,26,21,100,314.5,31450.0,2026-04-17,186838514,152,Asian Securities Private Ltd.,Midas Stock Broking Company Private Limited,2026-04-17 12:43:21.254722,National Hydro Power Company Limited
2026041704009397,NHPC,34,21,700,314.5,220150.0,2026-04-17,186838564,152,Vision Securities Pvt. Ltd,Midas Stock Broking Company Private Limited,2026-04-17 12:43:27.413947,National Hydro Power Company Limited
2026041704009407,NHPC,38,21,100,314.5,31450.0,2026-04-17,186838644,152,Dipshikha Dhitopatra Karobar Co. Pvt Ltd.,Midas Stock Broking Company Private Limited,2026-04-17 12:43:38.820742,National Hydro Power Company Limited
2026041704009409,NHPC,47,77,500,314.4,157200.0,2026-04-17,186838666,152,Neev Securities Pvt. Ltd.,Nabil Stock Dealer Ltd.,2026-04-17 12:43:41.125101,National Hydro Power Company Limited
2026041704009427,NHPC,26,21,50,314.2,15710.0,2026-04-17,186838736,152,Asian Securities Private Ltd.,Midas Stock Broking Company Private Limited,2026-04-17 12:43:43.973896,National Hydro Power Company Limited
2026041704009428,NHPC,58,21,30,314.1,9423.0,2026-04-17,186838738,152,Naasa Securities Co. Ltd.,Midas Stock Broking Company Private Limited,2026-04-17 12:43:43.975242,National Hydro Power Company Limited
2026041704009429,NHPC,5,21,200,314.1,62820.0,2026-04-17,186838740,152,Market Securities & Exchange (PVT) Ltd.,Midas Stock Broking Company Private Limited,2026-04-17 12:43:43.976266,National Hydro Power Company Limited
2026041704009430,NHPC,59,21,411,314.0,129054.0,2026-04-17,186838742,152,Deevyaa Securities & Stock House Pvt. Ltd,Midas Stock Broking Company Private Limited,2026-04-17 12:43:43.977286,National Hydro Power Company Limited
2026041704009431,NHPC,38,21,100,314.0,31400.0,2026-04-17,186838744,152,Dipshikha Dhitopatra Karobar Co. Pvt Ltd.,Midas Stock Broking Company Private Limited,2026-04-17 12:43:43.978301,National Hydro Power Company Limited
2026041704009432,NHPC,17,21,200,314.0,62800.0,2026-04-17,186838746,152,ABC Securities Private Limited,Midas Stock Broking Company Private Limited,2026-04-17 12:43:43.979326,National Hydro Power Company Limited
2026041704009481,NHPC,34,58,35,314.0,10990.0,2026-04-17,186839274,152,Vision Securities Pvt. Ltd,Naasa Securities Co. Ltd.,2026-04-17 12:44:35.273023,National Hydro Power Company Limited
2026041704009482,NHPC,26,58,50,314.0,15700.0,2026-04-17,186839276,152,Asian Securities Private Ltd.,Naasa Securities Co. Ltd.,2026-04-17 12:44:35.274416,National Hydro Power Company Limited
2026041704009483,NHPC,42,58,100,314.0,31400.0,2026-04-17,186839278,152,Sani Securities Company Ltd.,Naasa Securities Co. Ltd.,2026-04-17 12:44:35.275484,National Hydro Power Company Limited
2026041704009502,NHPC,36,58,230,314.0,72220.0,2026-04-17,186839391,152,Secured Securities Ltd.,Naasa Securities Co. Ltd.,2026-04-17 12:44:46.853842,National Hydro Power Company Limited
2026041704009527,NHPC,34,47,2000,314.3,628600.0,2026-04-17,186839606,152,Vision Securities Pvt. Ltd,Neev Securities Pvt. Ltd.,2026-04-17 12:45:10.806603,National Hydro Power Company Limited
2026041704009541,NHPC,36,62,270,314.0,84780.0,2026-04-17,186839732,152,Secured Securities Ltd.,Capital Max Securities Ltd,2026-04-17 12:45:22.693983,National Hydro Power Company Limited
2026041704009542,NHPC,22,62,230,314.0,72220.0,2026-04-17,186839734,152,Siprabi Securities Pvt. Ltd.,Capital Max Securities Ltd,2026-04-17 12:45:22.694650,National Hydro Power Company Limited
2026041704009543,NHPC,33,62,200,314.0,62800.0,2026-04-17,186839735,152,Dakshinkali Investment & Securities Pvt. Ltd.,Capital Max Securities Ltd,2026-04-17 12:45:22.694989,National Hydro Power Company Limited
2026041704009545,NHPC,61,35,500,314.2,157100.0,2026-04-17,186839761,152,BHOLE GANESH SECURITIES LTD,Kohinoor Investment & Securities Pvt. Ltd.,2026-04-17 12:45:24.367284,National Hydro Power Company Limited
2026041704009551,NHPC,61,38,266,314.3,83603.8,2026-04-17,186839803,152,BHOLE GANESH SECURITIES LTD,Dipshikha Dhitopatra Karobar Co. Pvt Ltd.,2026-04-17 12:45:28.392853,National Hydro Power Company Limited
2026041704009562,NHPC,42,77,4500,314.4,1414800.0,2026-04-17,186839939,152,Sani Securities Company Ltd.,Nabil Stock Dealer Ltd.,2026-04-17 12:45:42.432582,National Hydro Power Company Limited
2026041704009563,NHPC,42,21,2078,314.5,653531.0,2026-04-17,186839941,152,Sani Securities Company Ltd.,Midas Stock Broking Company Private Limited,2026-04-17 12:45:42.433979,National Hydro Power Company Limited
2026041704009564,NHPC,42,59,1000,314.5,314500.0,2026-04-17,186839943,152,Sani Securities Company Ltd.,Deevyaa Securities & Stock House Pvt. Ltd,2026-04-17 12:45:42.435032,National Hydro Power Company Limited
2026041704009565,NHPC,42,49,10,314.5,3145.0,2026-04-17,186839945,152,Sani Securities Company Ltd.,Online Securities Pvt. Ltd.,2026-04-17 12:45:42.436050,National Hydro Power Company Limited
2026041704009566,NHPC,42,85,3000,314.9,944700.0,2026-04-17,186839947,152,Sani Securities Company Ltd.,Capital Hub P. Ltd,2026-04-17 12:45:42.437081,National Hydro Power Company Limited
2026041704009567,NHPC,42,49,3000,315.0,945000.0,2026-04-17,186839949,152,Sani Securities Company Ltd.,Online Securities Pvt. Ltd.,2026-04-17 12:45:42.438112,National Hydro Power Company Limited
2026041704009568,NHPC,42,42,1500,315.0,472500.0,2026-04-17,186839951,152,Sani Securities Company Ltd.,Sani Securities Company Ltd.,2026-04-17 12:45:42.438704,National Hydro Power Company Limited
2026041704009569,NHPC,42,38,40,315.0,12600.0,2026-04-17,186839953,152,Sani Securities Company Ltd.,Dipshikha Dhitopatra Karobar Co. Pvt Ltd.,2026-04-17 12:45:42.439041,National Hydro Power Company Limited
2026041704009570,NHPC,42,32,2872,315.0,904680.0,2026-04-17,186839956,152,Sani Securities Company Ltd.,Premier Securities Company Ltd.,2026-04-17 12:45:42.439380,National Hydro Power Company Limited
2026041704009580,NHPC,53,60,492,314.9,154930.8,2026-04-17,186840068,152,Investment Management Nepal Pvt. Ltd.,Nagarik Stock Dealer ,2026-04-17 12:45:49.469018,National Hydro Power Company Limited
2026041704009593,NHPC,91,71,3,313.0,939.0,2026-04-17,186840155,152,Citizens Share Broker Limited,SHUBHAKAMANA SECURITIES PVT. LTD,2026-04-17 12:45:55.331869,National Hydro Power Company Limited
2026041704009600,NHPC,47,60,390,314.9,122811.0,2026-04-17,186840278,152,Neev Securities Pvt. Ltd.,Nagarik Stock Dealer ,2026-04-17 12:46:08.871052,National Hydro Power Company Limited
2026041704009602,NHPC,58,60,500,314.9,157450.0,2026-04-17,186840284,152,Naasa Securities Co. Ltd.,Nagarik Stock Dealer ,2026-04-17 12:46:10.389194,National Hydro Power Company Limited
2026041704009609,NHPC,58,60,100,314.9,31490.0,2026-04-17,186840306,152,Naasa Securities Co. Ltd.,Nagarik Stock Dealer ,2026-04-17 12:46:12.411193,National Hydro Power Company Limited
2026041704009610,NHPC,71,60,500,314.9,157450.0,2026-04-17,186840328,152,SHUBHAKAMANA SECURITIES PVT. LTD,Nagarik Stock Dealer ,2026-04-17 12:46:14.356416,National Hydro Power Company Limited
2026041704009611,NHPC,61,77,2500,314.8,787000.0,2026-04-17,186840364,152,BHOLE GANESH SECURITIES LTD,Nabil Stock Dealer Ltd.,2026-04-17 12:46:18.140977,National Hydro Power Company Limited
2026041704009625,NHPC,46,77,690,314.7,217143.0,2026-04-17,186840528,152,Kalika Securities Pvt. Ltd.,Nabil Stock Dealer Ltd.,2026-04-17 12:46:35.747528,National Hydro Power Company Limited
2026041704009630,NHPC,59,21,140,314.5,44030.0,2026-04-17,186840602,152,Deevyaa Securities & Stock House Pvt. Ltd,Midas Stock Broking Company Private Limited,2026-04-17 12:46:40.119181,National Hydro Power Company Limited
2026041704009631,NHPC,62,21,244,314.4,76713.6,2026-04-17,186840604,152,Capital Max Securities Ltd,Midas Stock Broking Company Private Limited,2026-04-17 12:46:40.119269,National Hydro Power Company Limited
2026041704009632,NHPC,21,21,616,314.4,193670.4,2026-04-17,186840605,152,Midas Stock Broking Company Private Limited,Midas Stock Broking Company Private Limited,2026-04-17 12:46:40.119294,National Hydro Power Company Limited
2026041704009638,NHPC,21,58,134,314.4,42129.6,2026-04-17,186840646,152,Midas Stock Broking Company Private Limited,Naasa Securities Co. Ltd.,2026-04-17 12:46:44.653080,National Hydro Power Company Limited
2026041704009639,NHPC,13,58,300,314.0,94200.0,2026-04-17,186840648,152,Thrive Brokerage House Pvt. Ltd,Naasa Securities Co. Ltd.,2026-04-17 12:46:44.653131,National Hydro Power Company Limited
2026041704009640,NHPC,47,58,100,314.0,31400.0,2026-04-17,186840650,152,Neev Securities Pvt. Ltd.,Naasa Securities Co. Ltd.,2026-04-17 12:46:44.653161,National Hydro Power Company Limited
2026041704009641,NHPC,17,58,300,313.6,94080.0,2026-04-17,186840652,152,ABC Securities Private Limited,Naasa Securities Co. Ltd.,2026-04-17 12:46:44.653206,National Hydro Power Company Limited
2026041704009642,NHPC,45,58,1000,313.6,313600.0,2026-04-17,186840654,152,Imperial Securities Company Pvt. Ltd.,Naasa Securities Co. Ltd.,2026-04-17 12:46:44.653230,National Hydro Power Company Limited
2026041704009643,NHPC,13,58,200,313.5,62700.0,2026-04-17,186840656,152,Thrive Brokerage House Pvt. Ltd,Naasa Securities Co. Ltd.,2026-04-17 12:46:44.653260,National Hydro Power Company Limited
2026041704009644,NHPC,28,58,500,313.2,156600.0,2026-04-17,186840658,152,Shree Krishna Securities Ltd.,Naasa Securities Co. Ltd.,2026-04-17 12:46:44.653286,National Hydro Power Company Limited
2026041704009645,NHPC,13,58,450,313.2,140940.0,2026-04-17,186840660,152,Thrive Brokerage House Pvt. Ltd,Naasa Securities Co. Ltd.,2026-04-17 12:46:44.653317,National Hydro Power Company Limited
2026041704009646,NHPC,42,58,1000,313.1,313100.0,2026-04-17,186840662,152,Sani Securities Company Ltd.,Naasa Securities Co. Ltd.,2026-04-17 12:46:44.653347,National Hydro Power Company Limited
2026041704009647,NHPC,43,58,50,313.0,15650.0,2026-04-17,186840664,152,South Asian Bulls Pvt. Ltd.,Naasa Securities Co. Ltd.,2026-04-17 12:46:44.653402,National Hydro Power Company Limited
2026041704009648,NHPC,49,58,500,313.0,156500.0,2026-04-17,186840666,152,Online Securities Pvt. Ltd.,Naasa Securities Co. Ltd.,2026-04-17 12:46:44.653428,National Hydro Power Company Limited
2026041704009649,NHPC,29,58,200,313.0,62600.0,2026-04-17,186840668,152,Trisul Securities & Invt. Ltd.,Naasa Securities Co. Ltd.,2026-04-17 12:46:44.653469,National Hydro Power Company Limited
2026041704009650,NHPC,48,58,100,313.0,31300.0,2026-04-17,186840670,152,Trishakti Securities Public Limited,Naasa Securities Co. Ltd.,2026-04-17 12:46:44.653494,National Hydro Power Company Limited
2026041704009651,NHPC,14,58,166,313.0,51958.0,2026-04-17,186840671,152,Nepal Stock House (PVT) Ltd.,Naasa Securities Co. Ltd.,2026-04-17 12:46:44.653517,National Hydro Power Company Limited
2026041704009659,NHPC,91,34,9,309.9,2789.1,2026-04-17,186840757,152,Citizens Share Broker Limited,Vision Securities Pvt. Ltd,2026-04-17 12:46:58.610466,National Hydro Power Company Limited
2026041704009696,NHPC,25,7,500,314.5,157250.0,2026-04-17,186841047,152,Sweta Securities Private Limited,J.F. Securites (PVT) Ltd.,2026-04-17 12:47:23.772722,National Hydro Power Company Limited
2026041704009697,NHPC,25,41,20,314.6,6292.0,2026-04-17,186841049,152,Sweta Securities Private Limited,Linch Stock Market Ltd.,2026-04-17 12:47:23.773522,National Hydro Power Company Limited
2026041704009698,NHPC,25,77,790,314.7,248613.0,2026-04-17,186841052,152,Sweta Securities Private Limited,Nabil Stock Dealer Ltd.,2026-04-17 12:47:23.774019,National Hydro Power Company Limited
2026041704009731,NHPC,61,77,500,314.7,157350.0,2026-04-17,186841358,152,BHOLE GANESH SECURITIES LTD,Nabil Stock Dealer Ltd.,2026-04-17 12:47:52.894433,National Hydro Power Company Limited
2026041704009745,NHPC,43,77,20,314.7,6294.0,2026-04-17,186841517,152,South Asian Bulls Pvt. Ltd.,Nabil Stock Dealer Ltd.,2026-04-17 12:48:02.242867,National Hydro Power Company Limited
2026041704009746,NHPC,43,77,280,314.8,88144.0,2026-04-17,186841520,152,South Asian Bulls Pvt. Ltd.,Nabil Stock Dealer Ltd.,2026-04-17 12:48:02.244339,National Hydro Power Company Limited
2026041704009763,NHPC,6,7,500,314.7,157350.0,2026-04-17,186841678,152,Agrawal Securities (PVT) Ltd.,J.F. Securites (PVT) Ltd.,2026-04-17 12:48:16.714392,National Hydro Power Company Limited
2026041704009818,NHPC,58,3,25,314.6,7865.0,2026-04-17,186842020,152,Naasa Securities Co. Ltd.,Arun Securities (PVT) Ltd.,2026-04-17 12:48:45.034185,National Hydro Power Company Limited
2026041704009823,NHPC,4,42,49,314.5,15410.5,2026-04-17,186842090,152,Opal Securities Investment (PVT) Ltd.,Sani Securities Company Ltd.,2026-04-17 12:48:52.254740,National Hydro Power Company Limited
2026041704009824,NHPC,77,42,100,314.5,31450.0,2026-04-17,186842092,152,Nabil Stock Dealer Ltd.,Sani Securities Company Ltd.,2026-04-17 12:48:52.255438,National Hydro Power Company Limited
2026041704009825,NHPC,62,42,200,314.1,62820.0,2026-04-17,186842096,152,Capital Max Securities Ltd,Sani Securities Company Ltd.,2026-04-17 12:48:52.255792,National Hydro Power Company Limited
2026041704009826,NHPC,36,42,500,314.1,157050.0,2026-04-17,186842098,152,Secured Securities Ltd.,Sani Securities Company Ltd.,2026-04-17 12:48:52.256149,National Hydro Power Company Limited
2026041704009827,NHPC,32,42,150,314.0,47100.0,2026-04-17,186842100,152,Premier Securities Company Ltd.,Sani Securities Company Ltd.,2026-04-17 12:48:52.256709,National Hydro Power Company Limited
2026041704009828,NHPC,58,42,1200,314.0,376800.0,2026-04-17,186842102,152,Naasa Securities Co. Ltd.,Sani Securities Company Ltd.,2026-04-17 12:48:52.257059,National Hydro Power Company Limited
2026041704009829,NHPC,57,42,213,314.0,66882.0,2026-04-17,186842104,152,Aryatara Investment & Securities,Sani Securities Company Ltd.,2026-04-17 12:48:52.257413,National Hydro Power Company Limited
2026041704009830,NHPC,45,42,104,314.0,32656.0,2026-04-17,186842106,152,Imperial Securities Company Pvt. Ltd.,Sani Securities Company Ltd.,2026-04-17 12:48:52.257760,National Hydro Power Company Limited
2026041704009831,NHPC,25,42,300,314.0,94200.0,2026-04-17,186842108,152,Sweta Securities Private Limited,Sani Securities Company Ltd.,2026-04-17 12:48:52.258124,National Hydro Power Company Limited
2026041704009832,NHPC,57,42,2000,313.8,627600.0,2026-04-17,186842110,152,Aryatara Investment & Securities,Sani Securities Company Ltd.,2026-04-17 12:48:52.258484,National Hydro Power Company Limited
2026041704009833,NHPC,14,42,500,313.7,156850.0,2026-04-17,186842112,152,Nepal Stock House (PVT) Ltd.,Sani Securities Company Ltd.,2026-04-17 12:48:52.258849,National Hydro Power Company Limited
2026041704009834,NHPC,14,42,1000,313.6,313600.0,2026-04-17,186842114,152,Nepal Stock House (PVT) Ltd.,Sani Securities Company Ltd.,2026-04-17 12:48:52.259190,National Hydro Power Company Limited
2026041704009835,NHPC,38,42,2453,313.3,768524.9,2026-04-17,186842115,152,Dipshikha Dhitopatra Karobar Co. Pvt Ltd.,Sani Securities Company Ltd.,2026-04-17 12:48:52.259551,National Hydro Power Company Limited
2026041704009869,NHPC,91,45,5,313.8,1569.0,2026-04-17,186842299,152,Citizens Share Broker Limited,Imperial Securities Company Pvt. Ltd.,2026-04-17 12:49:02.761368,National Hydro Power Company Limited
2026041704009884,NHPC,32,58,500,314.6,157300.0,2026-04-17,186842430,152,Premier Securities Company Ltd.,Naasa Securities Co. Ltd.,2026-04-17 12:49:12.680362,National Hydro Power Company Limited
2026041704009895,NHPC,58,58,10,314.0,3140.0,2026-04-17,186842605,152,Naasa Securities Co. Ltd.,Naasa Securities Co. Ltd.,2026-04-17 12:49:26.233434,National Hydro Power Company Limited
2026041704009915,NHPC,96,58,1000,314.6,314600.0,2026-04-17,186842779,152,Himalayan Securities Limited,Naasa Securities Co. Ltd.,2026-04-17 12:49:36.061353,National Hydro Power Company Limited
2026041704009916,NHPC,96,35,300,314.6,94380.0,2026-04-17,186842781,152,Himalayan Securities Limited,Kohinoor Investment & Securities Pvt. Ltd.,2026-04-17 12:49:36.062045,National Hydro Power Company Limited
2026041704009917,NHPC,96,77,700,314.7,220290.0,2026-04-17,186842784,152,Himalayan Securities Limited,Nabil Stock Dealer Ltd.,2026-04-17 12:49:36.062433,National Hydro Power Company Limited
2026041704009927,NHPC,62,42,10,314.1,3141.0,2026-04-17,186842833,152,Capital Max Securities Ltd,Sani Securities Company Ltd.,2026-04-17 12:49:38.030772,National Hydro Power Company Limited
2026041704009981,NHPC,1,7,500,314.6,157300.0,2026-04-17,186843194,152,Kumari Securities Private Limited,J.F. Securites (PVT) Ltd.,2026-04-17 12:50:09.022094,National Hydro Power Company Limited
2026041704009985,NHPC,62,7,79,314.6,24853.4,2026-04-17,186843206,152,Capital Max Securities Ltd,J.F. Securites (PVT) Ltd.,2026-04-17 12:50:10.089235,National Hydro Power Company Limited
2026041704009986,NHPC,58,7,421,314.6,132446.6,2026-04-17,186843215,152,Naasa Securities Co. Ltd.,J.F. Securites (PVT) Ltd.,2026-04-17 12:50:10.741361,National Hydro Power Company Limited
2026041704010007,NHPC,62,77,89,314.7,28008.3,2026-04-17,186843490,152,Capital Max Securities Ltd,Nabil Stock Dealer Ltd.,2026-04-17 12:50:32.604617,National Hydro Power Company Limited
2026041704010032,NHPC,38,77,4211,314.7,1325201.7,2026-04-17,186843691,152,Dipshikha Dhitopatra Karobar Co. Pvt Ltd.,Nabil Stock Dealer Ltd.,2026-04-17 12:50:44.427025,National Hydro Power Company Limited
2026041704010033,NHPC,38,77,220,314.8,69256.0,2026-04-17,186843693,152,Dipshikha Dhitopatra Karobar Co. Pvt Ltd.,Nabil Stock Dealer Ltd.,2026-04-17 12:50:44.427107,National Hydro Power Company Limited
2026041704010034,NHPC,38,38,116,314.9,36528.4,2026-04-17,186843696,152,Dipshikha Dhitopatra Karobar Co. Pvt Ltd.,Dipshikha Dhitopatra Karobar Co. Pvt Ltd.,2026-04-17 12:50:44.427137,National Hydro Power Company Limited
2026041704010035,NHPC,13,42,1,312.0,312.0,2026-04-17,186843703,152,Thrive Brokerage House Pvt. Ltd,Sani Securities Company Ltd.,2026-04-17 12:50:46.535924,National Hydro Power Company Limited
2026041704010054,NHPC,58,25,10,314.6,3146.0,2026-04-17,186843811,152,Naasa Securities Co. Ltd.,Sweta Securities Private Limited,2026-04-17 12:50:59.442281,National Hydro Power Company Limited
2026041704010075,NHPC,51,38,84,314.9,26451.6,2026-04-17,186843955,152,Oxford Securities Pvt. Ltd.,Dipshikha Dhitopatra Karobar Co. Pvt Ltd.,2026-04-17 12:51:10.220128,National Hydro Power Company Limited
2026041704010076,NHPC,57,32,100,315.0,31500.0,2026-04-17,186843960,152,Aryatara Investment & Securities,Premier Securities Company Ltd.,2026-04-17 12:51:10.518934,National Hydro Power Company Limited
2026041704010078,NHPC,60,32,3000,315.0,945000.0,2026-04-17,186843982,152,Nagarik Stock Dealer ,Premier Securities Company Ltd.,2026-04-17 12:51:12.774672,National Hydro Power Company Limited
2026041704010086,NHPC,51,21,16,314.9,5038.4,2026-04-17,186844074,152,Oxford Securities Pvt. Ltd.,Midas Stock Broking Company Private Limited,2026-04-17 12:51:20.865765,National Hydro Power Company Limited
2026041704010087,NHPC,58,21,84,314.9,26451.6,2026-04-17,186844076,152,Naasa Securities Co. Ltd.,Midas Stock Broking Company Private Limited,2026-04-17 12:51:20.866436,National Hydro Power Company Limited
2026041704010095,NHPC,1,21,500,314.9,157450.0,2026-04-17,186844104,152,Kumari Securities Private Limited,Midas Stock Broking Company Private Limited,2026-04-17 12:51:23.208929,National Hydro Power Company Limited
2026041704010101,NHPC,60,21,100,314.9,31490.0,2026-04-17,186844134,152,Nagarik Stock Dealer ,Midas Stock Broking Company Private Limited,2026-04-17 12:51:25.364080,National Hydro Power Company Limited
2026041704010103,NHPC,58,45,100,314.7,31470.0,2026-04-17,186844161,152,Naasa Securities Co. Ltd.,Imperial Securities Company Pvt. Ltd.,2026-04-17 12:51:27.340429,National Hydro Power Company Limited
2026041704010105,NHPC,42,21,500,314.9,157450.0,2026-04-17,186844170,152,Sani Securities Company Ltd.,Midas Stock Broking Company Private Limited,2026-04-17 12:51:28.348515,National Hydro Power Company Limited
2026041704010107,NHPC,62,21,20,314.9,6298.0,2026-04-17,186844186,152,Capital Max Securities Ltd,Midas Stock Broking Company Private Limited,2026-04-17 12:51:30.256756,National Hydro Power Company Limited
2026041704010117,NHPC,35,21,100,314.9,31490.0,2026-04-17,186844222,152,Kohinoor Investment & Securities Pvt. Ltd.,Midas Stock Broking Company Private Limited,2026-04-17 12:51:32.880598,National Hydro Power Company Limited
2026041704010125,NHPC,71,21,500,314.9,157450.0,2026-04-17,186844300,152,SHUBHAKAMANA SECURITIES PVT. LTD,Midas Stock Broking Company Private Limited,2026-04-17 12:51:37.444452,National Hydro Power Company Limited
2026041704010127,NHPC,3,21,305,314.9,96044.5,2026-04-17,186844318,152,Arun Securities (PVT) Ltd.,Midas Stock Broking Company Private Limited,2026-04-17 12:51:37.896101,National Hydro Power Company Limited
2026041704010142,NHPC,58,7,120,314.7,37764.0,2026-04-17,186844402,152,Naasa Securities Co. Ltd.,J.F. Securites (PVT) Ltd.,2026-04-17 12:51:44.757840,National Hydro Power Company Limited
2026041704010143,NHPC,65,7,880,314.7,276936.0,2026-04-17,186844403,152,Sharepro Securities Private Limited,J.F. Securites (PVT) Ltd.,2026-04-17 12:51:44.758542,National Hydro Power Company Limited
2026041704010156,NHPC,65,35,120,314.7,37764.0,2026-04-17,186844492,152,Sharepro Securities Private Limited,Kohinoor Investment & Securities Pvt. Ltd.,2026-04-17 12:51:50.816927,National Hydro Power Company Limited
2026041704010157,NHPC,58,35,69,314.6,21707.4,2026-04-17,186844494,152,Naasa Securities Co. Ltd.,Kohinoor Investment & Securities Pvt. Ltd.,2026-04-17 12:51:50.817623,National Hydro Power Company Limited
2026041704010158,NHPC,42,35,3157,314.6,993192.2,2026-04-17,186844495,152,Sani Securities Company Ltd.,Kohinoor Investment & Securities Pvt. Ltd.,2026-04-17 12:51:50.817985,National Hydro Power Company Limited
2026041704010167,NHPC,42,62,1000,314.6,314600.0,2026-04-17,186844527,152,Sani Securities Company Ltd.,Capital Max Securities Ltd,2026-04-17 12:51:53.078200,National Hydro Power Company Limited
2026041704010171,NHPC,25,45,100,314.7,31470.0,2026-04-17,186844576,152,Sweta Securities Private Limited,Imperial Securities Company Pvt. Ltd.,2026-04-17 12:51:55.544248,National Hydro Power Company Limited
2026041704010175,NHPC,42,94,843,314.6,265207.8,2026-04-17,186844590,152,Sani Securities Company Ltd.,K.B.L. Securities Limited ,2026-04-17 12:51:56.686581,National Hydro Power Company Limited
2026041704010189,NHPC,80,58,50,314.5,15725.0,2026-04-17,186844677,152,Indira securities pvt. ltd,Naasa Securities Co. Ltd.,2026-04-17 12:52:06.871794,National Hydro Power Company Limited
2026041704010194,NHPC,80,59,450,314.5,141525.0,2026-04-17,186844714,152,Indira securities pvt. ltd,Deevyaa Securities & Stock House Pvt. Ltd,2026-04-17 12:52:08.568879,National Hydro Power Company Limited
2026041704010195,NHPC,51,59,70,314.2,21994.0,2026-04-17,186844716,152,Oxford Securities Pvt. Ltd.,Deevyaa Securities & Stock House Pvt. Ltd,2026-04-17 12:52:08.568922,National Hydro Power Company Limited
2026041704010196,NHPC,60,59,480,314.1,150768.0,2026-04-17,186844717,152,Nagarik Stock Dealer ,Deevyaa Securities & Stock House Pvt. Ltd,2026-04-17 12:52:08.568948,National Hydro Power Company Limited
2026041704010198,NHPC,60,62,520,314.1,163332.0,2026-04-17,186844726,152,Nagarik Stock Dealer ,Capital Max Securities Ltd,2026-04-17 12:52:09.123529,National Hydro Power Company Limited
2026041704010199,NHPC,58,62,150,314.0,47100.0,2026-04-17,186844728,152,Naasa Securities Co. Ltd.,Capital Max Securities Ltd,2026-04-17 12:52:09.123665,National Hydro Power Company Limited
2026041704010200,NHPC,1,62,50,314.0,15700.0,2026-04-17,186844730,152,Kumari Securities Private Limited,Capital Max Securities Ltd,2026-04-17 12:52:09.123771,National Hydro Power Company Limited
2026041704010201,NHPC,58,62,500,314.0,157000.0,2026-04-17,186844732,152,Naasa Securities Co. Ltd.,Capital Max Securities Ltd,2026-04-17 12:52:09.123872,National Hydro Power Company Limited
2026041704010202,NHPC,19,62,10,314.0,3140.0,2026-04-17,186844734,152,Nepal Investment And Securities Trading Private Limited,Capital Max Securities Ltd,2026-04-17 12:52:09.123967,National Hydro Power Company Limited
2026041704010203,NHPC,4,62,30,313.7,9411.0,2026-04-17,186844736,152,Opal Securities Investment (PVT) Ltd.,Capital Max Securities Ltd,2026-04-17 12:52:09.124068,National Hydro Power Company Limited
2026041704010204,NHPC,1,62,500,313.4,156700.0,2026-04-17,186844738,152,Kumari Securities Private Limited,Capital Max Securities Ltd,2026-04-17 12:52:09.124171,National Hydro Power Company Limited
2026041704010205,NHPC,26,62,100,313.1,31310.0,2026-04-17,186844740,152,Asian Securities Private Ltd.,Capital Max Securities Ltd,2026-04-17 12:52:09.124292,National Hydro Power Company Limited
2026041704010206,NHPC,14,62,834,313.0,261042.0,2026-04-17,186844742,152,Nepal Stock House (PVT) Ltd.,Capital Max Securities Ltd,2026-04-17 12:52:09.124421,National Hydro Power Company Limited
2026041704010207,NHPC,57,62,1000,313.0,313000.0,2026-04-17,186844744,152,Aryatara Investment & Securities,Capital Max Securities Ltd,2026-04-17 12:52:09.124502,National Hydro Power Company Limited
2026041704010208,NHPC,38,62,100,313.0,31300.0,2026-04-17,186844746,152,Dipshikha Dhitopatra Karobar Co. Pvt Ltd.,Capital Max Securities Ltd,2026-04-17 12:52:09.124591,National Hydro Power Company Limited
2026041704010209,NHPC,57,62,800,313.0,250400.0,2026-04-17,186844748,152,Aryatara Investment & Securities,Capital Max Securities Ltd,2026-04-17 12:52:09.124690,National Hydro Power Company Limited
2026041704010210,NHPC,91,62,36,313.0,11268.0,2026-04-17,186844750,152,Citizens Share Broker Limited,Capital Max Securities Ltd,2026-04-17 12:52:09.124811,National Hydro Power Company Limited
2026041704010211,NHPC,25,62,25,312.5,7812.5,2026-04-17,186844752,152,Sweta Securities Private Limited,Capital Max Securities Ltd,2026-04-17 12:52:09.124922,National Hydro Power Company Limited
2026041704010212,NHPC,60,62,1345,312.5,420312.5,2026-04-17,186844753,152,Nagarik Stock Dealer ,Capital Max Securities Ltd,2026-04-17 12:52:09.125012,National Hydro Power Company Limited
2026041704010214,NHPC,58,58,300,314.5,94350.0,2026-04-17,186844758,152,Naasa Securities Co. Ltd.,Naasa Securities Co. Ltd.,2026-04-17 12:52:09.316493,National Hydro Power Company Limited
2026041704010215,NHPC,60,21,1000,312.5,312500.0,2026-04-17,186844759,152,Nagarik Stock Dealer ,Midas Stock Broking Company Private Limited,2026-04-17 12:52:09.476826,National Hydro Power Company Limited
2026041704010235,NHPC,38,35,200,314.0,62800.0,2026-04-17,186844900,152,Dipshikha Dhitopatra Karobar Co. Pvt Ltd.,Kohinoor Investment & Securities Pvt. Ltd.,2026-04-17 12:52:21.213168,National Hydro Power Company Limited
2026041704010236,NHPC,57,35,1000,314.0,314000.0,2026-04-17,186844902,152,Aryatara Investment & Securities,Kohinoor Investment & Securities Pvt. Ltd.,2026-04-17 12:52:21.214580,National Hydro Power Company Limited
2026041704010252,NHPC,56,35,159,314.0,49926.0,2026-04-17,186844950,152,Sri Hari Securities Pvt. Ltd.,Kohinoor Investment & Securities Pvt. Ltd.,2026-04-17 12:52:25.926028,National Hydro Power Company Limited
2026041704010271,NHPC,14,35,200,314.0,62800.0,2026-04-17,186845118,152,Nepal Stock House (PVT) Ltd.,Kohinoor Investment & Securities Pvt. Ltd.,2026-04-17 12:52:38.823871,National Hydro Power Company Limited
2026041704010280,NHPC,22,35,20,314.0,6280.0,2026-04-17,186845178,152,Siprabi Securities Pvt. Ltd.,Kohinoor Investment & Securities Pvt. Ltd.,2026-04-17 12:52:42.777796,National Hydro Power Company Limited
2026041704010290,NHPC,6,35,200,314.0,62800.0,2026-04-17,186845262,152,Agrawal Securities (PVT) Ltd.,Kohinoor Investment & Securities Pvt. Ltd.,2026-04-17 12:52:44.339574,National Hydro Power Company Limited
2026041704010305,NHPC,41,21,500,313.9,156950.0,2026-04-17,186845446,152,Linch Stock Market Ltd.,Midas Stock Broking Company Private Limited,2026-04-17 12:52:53.918972,National Hydro Power Company Limited
2026041704010313,NHPC,71,57,100,312.2,31220.0,2026-04-17,186845552,152,SHUBHAKAMANA SECURITIES PVT. LTD,Aryatara Investment & Securities,2026-04-17 12:52:59.310254,National Hydro Power Company Limited
2026041704010314,NHPC,28,57,1000,312.2,312200.0,2026-04-17,186845554,152,Shree Krishna Securities Ltd.,Aryatara Investment & Securities,2026-04-17 12:52:59.310983,National Hydro Power Company Limited
2026041704010315,NHPC,42,57,400,312.1,124840.0,2026-04-17,186845555,152,Sani Securities Company Ltd.,Aryatara Investment & Securities,2026-04-17 12:52:59.311370,National Hydro Power Company Limited
2026041704010350,NHPC,58,45,100,312.2,31220.0,2026-04-17,186845709,152,Naasa Securities Co. Ltd.,Imperial Securities Company Pvt. Ltd.,2026-04-17 12:53:09.063008,National Hydro Power Company Limited
2026041704010361,NHPC,41,13,100,312.2,31220.0,2026-04-17,186845800,152,Linch Stock Market Ltd.,Thrive Brokerage House Pvt. Ltd,2026-04-17 12:53:19.647624,National Hydro Power Company Limited
2026041704010364,NHPC,42,34,2600,312.1,811460.0,2026-04-17,186845836,152,Sani Securities Company Ltd.,Vision Securities Pvt. Ltd,2026-04-17 12:53:21.754657,National Hydro Power Company Limited
2026041704010365,NHPC,42,34,500,312.0,156000.0,2026-04-17,186845838,152,Sani Securities Company Ltd.,Vision Securities Pvt. Ltd,2026-04-17 12:53:21.756076,National Hydro Power Company Limited
2026041704010366,NHPC,49,34,350,312.0,109200.0,2026-04-17,186845840,152,Online Securities Pvt. Ltd.,Vision Securities Pvt. Ltd,2026-04-17 12:53:21.757134,National Hydro Power Company Limited
2026041704010367,NHPC,25,34,50,312.0,15600.0,2026-04-17,186845842,152,Sweta Securities Private Limited,Vision Securities Pvt. Ltd,2026-04-17 12:53:21.758184,National Hydro Power Company Limited
2026041704010368,NHPC,33,34,200,312.0,62400.0,2026-04-17,186845844,152,Dakshinkali Investment & Securities Pvt. Ltd.,Vision Securities Pvt. Ltd,2026-04-17 12:53:21.759224,National Hydro Power Company Limited
2026041704010369,NHPC,48,34,500,312.0,156000.0,2026-04-17,186845846,152,Trishakti Securities Public Limited,Vision Securities Pvt. Ltd,2026-04-17 12:53:21.760271,National Hydro Power Company Limited
2026041704010370,NHPC,56,34,150,312.0,46800.0,2026-04-17,186845848,152,Sri Hari Securities Pvt. Ltd.,Vision Securities Pvt. Ltd,2026-04-17 12:53:21.761364,National Hydro Power Company Limited
2026041704010371,NHPC,58,34,200,312.0,62400.0,2026-04-17,186845850,152,Naasa Securities Co. Ltd.,Vision Securities Pvt. Ltd,2026-04-17 12:53:21.762395,National Hydro Power Company Limited
2026041704010372,NHPC,41,34,145,312.0,45240.0,2026-04-17,186845852,152,Linch Stock Market Ltd.,Vision Securities Pvt. Ltd,2026-04-17 12:53:21.763424,National Hydro Power Company Limited
2026041704010373,NHPC,42,34,305,312.0,95160.0,2026-04-17,186845853,152,Sani Securities Company Ltd.,Vision Securities Pvt. Ltd,2026-04-17 12:53:21.764437,National Hydro Power Company Limited
2026041704010397,NHPC,1,57,100,313.0,31300.0,2026-04-17,186846014,152,Kumari Securities Private Limited,Aryatara Investment & Securities,2026-04-17 12:53:35.680504,National Hydro Power Company Limited
2026041704010398,NHPC,42,57,240,312.0,74880.0,2026-04-17,186846015,152,Sani Securities Company Ltd.,Aryatara Investment & Securities,2026-04-17 12:53:35.681213,National Hydro Power Company Limited
2026041704010485,NHPC,54,35,30,313.0,9390.0,2026-04-17,186846700,152,Sewa Securities Pvt. Ltd.,Kohinoor Investment & Securities Pvt. Ltd.,2026-04-17 12:54:23.592117,National Hydro Power Company Limited
2026041704010550,NHPC,26,49,100,312.2,31220.0,2026-04-17,186847159,152,Asian Securities Private Ltd.,Online Securities Pvt. Ltd.,2026-04-17 12:54:49.169125,National Hydro Power Company Limited
2026041704010624,NHPC,36,58,42,312.2,13112.4,2026-04-17,186847507,152,Secured Securities Ltd.,Naasa Securities Co. Ltd.,2026-04-17 12:55:10.241044,National Hydro Power Company Limited
2026041704010651,NHPC,36,45,58,312.2,18107.6,2026-04-17,186847596,152,Secured Securities Ltd.,Imperial Securities Company Pvt. Ltd.,2026-04-17 12:55:16.130797,National Hydro Power Company Limited
2026041704010652,NHPC,48,45,42,312.2,13112.4,2026-04-17,186847597,152,Trishakti Securities Public Limited,Imperial Securities Company Pvt. Ltd.,2026-04-17 12:55:16.131487,National Hydro Power Company Limited
2026041704010705,NHPC,45,35,191,313.0,59783.0,2026-04-17,186847915,152,Imperial Securities Company Pvt. Ltd.,Kohinoor Investment & Securities Pvt. Ltd.,2026-04-17 12:55:44.573286,National Hydro Power Company Limited
2026041704010734,NHPC,26,58,100,312.4,31240.0,2026-04-17,186848087,152,Asian Securities Private Ltd.,Naasa Securities Co. Ltd.,2026-04-17 12:55:56.133084,National Hydro Power Company Limited
2026041704010735,NHPC,14,13,100,312.3,31230.0,2026-04-17,186848090,152,Nepal Stock House (PVT) Ltd.,Thrive Brokerage House Pvt. Ltd,2026-04-17 12:55:56.170304,National Hydro Power Company Limited
2026041704010736,NHPC,48,13,578,312.2,180451.6,2026-04-17,186848092,152,Trishakti Securities Public Limited,Thrive Brokerage House Pvt. Ltd,2026-04-17 12:55:56.171727,National Hydro Power Company Limited
2026041704010737,NHPC,41,13,500,312.2,156100.0,2026-04-17,186848094,152,Linch Stock Market Ltd.,Thrive Brokerage House Pvt. Ltd,2026-04-17 12:55:56.172965,National Hydro Power Company Limited
2026041704010753,NHPC,60,34,250,312.1,78025.0,2026-04-17,186848195,152,Nagarik Stock Dealer ,Vision Securities Pvt. Ltd,2026-04-17 12:56:07.138292,National Hydro Power Company Limited
2026041704010757,NHPC,14,13,222,312.2,69308.4,2026-04-17,186848219,152,Nepal Stock House (PVT) Ltd.,Thrive Brokerage House Pvt. Ltd,2026-04-17 12:56:09.227596,National Hydro Power Company Limited
2026041704010765,NHPC,60,21,250,312.1,78025.0,2026-04-17,186848328,152,Nagarik Stock Dealer ,Midas Stock Broking Company Private Limited,2026-04-17 12:56:20.396438,National Hydro Power Company Limited
2026041704010766,NHPC,42,21,455,312.0,141960.0,2026-04-17,186848330,152,Sani Securities Company Ltd.,Midas Stock Broking Company Private Limited,2026-04-17 12:56:20.397859,National Hydro Power Company Limited
2026041704010767,NHPC,25,21,295,312.0,92040.0,2026-04-17,186848331,152,Sweta Securities Private Limited,Midas Stock Broking Company Private Limited,2026-04-17 12:56:20.398959,National Hydro Power Company Limited
2026041704010770,NHPC,80,77,1000,312.0,312000.0,2026-04-17,186848350,152,Indira securities pvt. ltd,Nabil Stock Dealer Ltd.,2026-04-17 12:56:22.382535,National Hydro Power Company Limited
2026041704010771,NHPC,75,77,333,312.0,103896.0,2026-04-17,186848351,152,N.I.M.B. Stock Markets Limited,Nabil Stock Dealer Ltd.,2026-04-17 12:56:22.383992,National Hydro Power Company Limited
2026041704010782,NHPC,26,45,100,312.3,31230.0,2026-04-17,186848400,152,Asian Securities Private Ltd.,Imperial Securities Company Pvt. Ltd.,2026-04-17 12:56:26.595848,National Hydro Power Company Limited
2026041704010783,NHPC,75,57,351,312.0,109512.0,2026-04-17,186848430,152,N.I.M.B. Stock Markets Limited,Aryatara Investment & Securities,2026-04-17 12:56:28.321240,National Hydro Power Company Limited
2026041704010784,NHPC,58,57,95,312.0,29640.0,2026-04-17,186848432,152,Naasa Securities Co. Ltd.,Aryatara Investment & Securities,2026-04-17 12:56:28.322661,National Hydro Power Company Limited
2026041704010856,NHPC,45,6,43,311.9,13411.7,2026-04-17,186848852,152,Imperial Securities Company Pvt. Ltd.,Agrawal Securities (PVT) Ltd.,2026-04-17 12:57:09.638184,National Hydro Power Company Limited
2026041704010857,NHPC,60,6,200,311.9,62380.0,2026-04-17,186848854,152,Nagarik Stock Dealer ,Agrawal Securities (PVT) Ltd.,2026-04-17 12:57:09.639652,National Hydro Power Company Limited
2026041704010858,NHPC,11,6,150,311.5,46725.0,2026-04-17,186848856,152,Malla & Malla Stock Broking Company Pvt. Limited,Agrawal Securities (PVT) Ltd.,2026-04-17 12:57:09.640764,National Hydro Power Company Limited
2026041704010859,NHPC,58,6,40,311.0,12440.0,2026-04-17,186848858,152,Naasa Securities Co. Ltd.,Agrawal Securities (PVT) Ltd.,2026-04-17 12:57:09.642057,National Hydro Power Company Limited
2026041704010860,NHPC,25,6,100,311.0,31100.0,2026-04-17,186848860,152,Sweta Securities Private Limited,Agrawal Securities (PVT) Ltd.,2026-04-17 12:57:09.643405,National Hydro Power Company Limited
2026041704010861,NHPC,13,6,300,311.0,93300.0,2026-04-17,186848862,152,Thrive Brokerage House Pvt. Ltd,Agrawal Securities (PVT) Ltd.,2026-04-17 12:57:09.644712,National Hydro Power Company Limited
2026041704010862,NHPC,51,6,167,311.0,51937.0,2026-04-17,186848863,152,Oxford Securities Pvt. Ltd.,Agrawal Securities (PVT) Ltd.,2026-04-17 12:57:09.645394,National Hydro Power Company Limited
2026041704010864,NHPC,56,57,84,312.0,26208.0,2026-04-17,186848867,152,Sri Hari Securities Pvt. Ltd.,Aryatara Investment & Securities,2026-04-17 12:57:10.384117,National Hydro Power Company Limited
2026041704010865,NHPC,56,83,1000,312.0,312000.0,2026-04-17,186848869,152,Sri Hari Securities Pvt. Ltd.,Sanima Securities Limited,2026-04-17 12:57:10.385492,National Hydro Power Company Limited
2026041704010866,NHPC,56,77,276,312.0,86112.0,2026-04-17,186848875,152,Sri Hari Securities Pvt. Ltd.,Nabil Stock Dealer Ltd.,2026-04-17 12:57:10.386597,National Hydro Power Company Limited
2026041704010988,NHPC,51,19,100,311.0,31100.0,2026-04-17,186849301,152,Oxford Securities Pvt. Ltd.,Nepal Investment And Securities Trading Private Limited,2026-04-17 12:57:31.016676,National Hydro Power Company Limited
2026041704011023,NHPC,51,77,113,311.0,35143.0,2026-04-17,186849598,152,Oxford Securities Pvt. Ltd.,Nabil Stock Dealer Ltd.,2026-04-17 12:57:50.435061,National Hydro Power Company Limited
2026041704011024,NHPC,46,77,180,311.0,55980.0,2026-04-17,186849600,152,Kalika Securities Pvt. Ltd.,Nabil Stock Dealer Ltd.,2026-04-17 12:57:50.436444,National Hydro Power Company Limited
2026041704011025,NHPC,49,77,300,311.0,93300.0,2026-04-17,186849602,152,Online Securities Pvt. Ltd.,Nabil Stock Dealer Ltd.,2026-04-17 12:57:50.437522,National Hydro Power Company Limited
2026041704011026,NHPC,36,77,20,311.0,6220.0,2026-04-17,186849604,152,Secured Securities Ltd.,Nabil Stock Dealer Ltd.,2026-04-17 12:57:50.438604,National Hydro Power Company Limited
2026041704011027,NHPC,74,77,200,311.0,62200.0,2026-04-17,186849606,152,KALASH STOCK MARKET PVT. LTD.,Nabil Stock Dealer Ltd.,2026-04-17 12:57:50.439674,National Hydro Power Company Limited
2026041704011028,NHPC,75,77,10,311.0,3110.0,2026-04-17,186849608,152,N.I.M.B. Stock Markets Limited,Nabil Stock Dealer Ltd.,2026-04-17 12:57:50.440764,National Hydro Power Company Limited
2026041704011029,NHPC,49,77,177,311.0,55047.0,2026-04-17,186849609,152,Online Securities Pvt. Ltd.,Nabil Stock Dealer Ltd.,2026-04-17 12:57:50.441841,National Hydro Power Company Limited
2026041704011038,NHPC,49,77,724,311.0,225164.0,2026-04-17,186849839,152,Online Securities Pvt. Ltd.,Nabil Stock Dealer Ltd.,2026-04-17 12:58:10.332397,National Hydro Power Company Limited
2026041704011055,NHPC,49,58,15,311.0,4665.0,2026-04-17,186849969,152,Online Securities Pvt. Ltd.,Naasa Securities Co. Ltd.,2026-04-17 12:58:24.904603,National Hydro Power Company Limited
2026041704011068,NHPC,89,38,10,312.0,3120.0,2026-04-17,186850126,152,Global IME Securities Limited,Dipshikha Dhitopatra Karobar Co. Pvt Ltd.,2026-04-17 12:58:41.508326,National Hydro Power Company Limited
2026041704011087,NHPC,34,49,200,312.0,62400.0,2026-04-17,186850538,152,Vision Securities Pvt. Ltd,Online Securities Pvt. Ltd.,2026-04-17 12:59:22.858271,National Hydro Power Company Limited
2026041704011092,NHPC,45,58,10,312.0,3120.0,2026-04-17,186850568,152,Imperial Securities Company Pvt. Ltd.,Naasa Securities Co. Ltd.,2026-04-17 12:59:26.434258,National Hydro Power Company Limited
2026041704011093,NHPC,26,58,50,311.1,15555.0,2026-04-17,186850570,152,Asian Securities Private Ltd.,Naasa Securities Co. Ltd.,2026-04-17 12:59:26.435722,National Hydro Power Company Limited
2026041704011108,NHPC,34,58,200,311.1,62220.0,2026-04-17,186850716,152,Vision Securities Pvt. Ltd,Naasa Securities Co. Ltd.,2026-04-17 12:59:48.555535,National Hydro Power Company Limited
2026041704011114,NHPC,36,7,200,311.1,62220.0,2026-04-17,186850804,152,Secured Securities Ltd.,J.F. Securites (PVT) Ltd.,2026-04-17 13:00:02.185913,National Hydro Power Company Limited
2026041704011115,NHPC,58,7,10,311.1,3111.0,2026-04-17,186850806,152,Naasa Securities Co. Ltd.,J.F. Securites (PVT) Ltd.,2026-04-17 13:00:02.187415,National Hydro Power Company Limited
2026041704011122,NHPC,28,7,149,311.1,46353.9,2026-04-17,186850863,152,Shree Krishna Securities Ltd.,J.F. Securites (PVT) Ltd.,2026-04-17 13:00:08.195357,National Hydro Power Company Limited
2026041704011123,NHPC,28,1,710,312.0,221520.0,2026-04-17,186850865,152,Shree Krishna Securities Ltd.,Kumari Securities Private Limited,2026-04-17 13:00:08.196805,National Hydro Power Company Limited
2026041704011124,NHPC,28,14,1000,313.0,313000.0,2026-04-17,186850867,152,Shree Krishna Securities Ltd.,Nepal Stock House (PVT) Ltd.,2026-04-17 13:00:08.197927,National Hydro Power Company Limited
2026041704011125,NHPC,28,41,700,313.0,219100.0,2026-04-17,186850869,152,Shree Krishna Securities Ltd.,Linch Stock Market Ltd.,2026-04-17 13:00:08.199040,National Hydro Power Company Limited
2026041704011126,NHPC,28,58,30,313.0,9390.0,2026-04-17,186850871,152,Shree Krishna Securities Ltd.,Naasa Securities Co. Ltd.,2026-04-17 13:00:08.200150,National Hydro Power Company Limited
2026041704011127,NHPC,28,95,1000,313.0,313000.0,2026-04-17,186850873,152,Shree Krishna Securities Ltd.,Magnet Securities and Investment Company Private Limited,2026-04-17 13:00:08.201253,National Hydro Power Company Limited
2026041704011133,NHPC,58,48,100,313.7,31370.0,2026-04-17,186850956,152,Naasa Securities Co. Ltd.,Trishakti Securities Public Limited,2026-04-17 13:00:20.554731,National Hydro Power Company Limited
2026041704011159,NHPC,26,58,100,313.7,31370.0,2026-04-17,186851061,152,Asian Securities Private Ltd.,Naasa Securities Co. Ltd.,2026-04-17 13:00:38.335152,National Hydro Power Company Limited
2026041704011161,NHPC,26,52,100,313.1,31310.0,2026-04-17,186851106,152,Asian Securities Private Ltd.,Sundhara Securities Limited,2026-04-17 13:00:44.809350,National Hydro Power Company Limited
2026041704011162,NHPC,28,52,220,313.0,68860.0,2026-04-17,186851107,152,Shree Krishna Securities Ltd.,Sundhara Securities Limited,2026-04-17 13:00:44.810805,National Hydro Power Company Limited
2026041704011208,NHPC,56,14,100,313.1,31310.0,2026-04-17,186851558,152,Sri Hari Securities Pvt. Ltd.,Nepal Stock House (PVT) Ltd.,2026-04-17 13:01:48.140300,National Hydro Power Company Limited
2026041704011209,NHPC,26,14,100,313.1,31310.0,2026-04-17,186851560,152,Asian Securities Private Ltd.,Nepal Stock House (PVT) Ltd.,2026-04-17 13:01:48.141824,National Hydro Power Company Limited
2026041704011210,NHPC,28,14,1191,313.0,372783.0,2026-04-17,186851562,152,Shree Krishna Securities Ltd.,Nepal Stock House (PVT) Ltd.,2026-04-17 13:01:48.142953,National Hydro Power Company Limited
2026041704011218,NHPC,6,14,609,313.0,190617.0,2026-04-17,186851579,152,Agrawal Securities (PVT) Ltd.,Nepal Stock House (PVT) Ltd.,2026-04-17 13:01:50.267710,National Hydro Power Company Limited
2026041704011245,NHPC,14,62,2000,313.8,627600.0,2026-04-17,186851846,152,Nepal Stock House (PVT) Ltd.,Capital Max Securities Ltd,2026-04-17 13:02:22.488565,National Hydro Power Company Limited
2026041704011271,NHPC,58,62,150,313.8,47070.0,2026-04-17,186852046,152,Naasa Securities Co. Ltd.,Capital Max Securities Ltd,2026-04-17 13:02:47.977745,National Hydro Power Company Limited
2026041704011276,NHPC,44,21,300,313.8,94140.0,2026-04-17,186852120,152,Dynamic Money Managers Securities Pvt. Ltd.,Midas Stock Broking Company Private Limited,2026-04-17 13:03:02.500140,National Hydro Power Company Limited
2026041704011303,NHPC,26,77,100,313.3,31330.0,2026-04-17,186852290,152,Asian Securities Private Ltd.,Nabil Stock Dealer Ltd.,2026-04-17 13:03:36.008723,National Hydro Power Company Limited
2026041704011304,NHPC,6,77,391,313.2,122461.2,2026-04-17,186852292,152,Agrawal Securities (PVT) Ltd.,Nabil Stock Dealer Ltd.,2026-04-17 13:03:36.010226,National Hydro Power Company Limited
2026041704011307,NHPC,60,21,575,313.8,180435.0,2026-04-17,186852327,152,Nagarik Stock Dealer ,Midas Stock Broking Company Private Limited,2026-04-17 13:03:37.845322,National Hydro Power Company Limited
2026041704011308,NHPC,60,21,425,313.9,133407.5,2026-04-17,186852330,152,Nagarik Stock Dealer ,Midas Stock Broking Company Private Limited,2026-04-17 13:03:37.846050,National Hydro Power Company Limited
2026041704011355,NHPC,58,21,70,313.9,21973.0,2026-04-17,186852858,152,Naasa Securities Co. Ltd.,Midas Stock Broking Company Private Limited,2026-04-17 13:04:30.480557,National Hydro Power Company Limited
2026041704011360,NHPC,39,62,500,314.0,157000.0,2026-04-17,186852886,152,Sumeru Securities Pvt. Ltd.,Capital Max Securities Ltd,2026-04-17 13:04:37.975097,National Hydro Power Company Limited
2026041704011377,NHPC,57,32,105,314.0,32970.0,2026-04-17,186853009,152,Aryatara Investment & Securities,Premier Securities Company Ltd.,2026-04-17 13:05:01.239296,National Hydro Power Company Limited
2026041704011378,NHPC,57,45,206,314.0,64684.0,2026-04-17,186853011,152,Aryatara Investment & Securities,Imperial Securities Company Pvt. Ltd.,2026-04-17 13:05:01.240022,National Hydro Power Company Limited
2026041704011379,NHPC,57,42,62,314.0,19468.0,2026-04-17,186853013,152,Aryatara Investment & Securities,Sani Securities Company Ltd.,2026-04-17 13:05:01.240404,National Hydro Power Company Limited
2026041704011380,NHPC,57,1,150,314.0,47100.0,2026-04-17,186853015,152,Aryatara Investment & Securities,Kumari Securities Private Limited,2026-04-17 13:05:01.240773,National Hydro Power Company Limited
2026041704011381,NHPC,57,81,50,314.0,15700.0,2026-04-17,186853017,152,Aryatara Investment & Securities,Aakashbhairab Securities Ltd.,2026-04-17 13:05:01.241160,National Hydro Power Company Limited
2026041704011384,NHPC,57,21,427,314.0,134078.0,2026-04-17,186853042,152,Aryatara Investment & Securities,Midas Stock Broking Company Private Limited,2026-04-17 13:05:06.647678,National Hydro Power Company Limited
2026041704011385,NHPC,57,21,1000,313.9,313900.0,2026-04-17,186853072,152,Aryatara Investment & Securities,Midas Stock Broking Company Private Limited,2026-04-17 13:05:11.342643,National Hydro Power Company Limited
2026041704011386,NHPC,33,21,200,313.9,62780.0,2026-04-17,186853084,152,Dakshinkali Investment & Securities Pvt. Ltd.,Midas Stock Broking Company Private Limited,2026-04-17 13:05:11.874444,National Hydro Power Company Limited
2026041704011400,NHPC,19,77,500,314.0,157000.0,2026-04-17,186853226,152,Nepal Investment And Securities Trading Private Limited,Nabil Stock Dealer Ltd.,2026-04-17 13:05:33.749302,National Hydro Power Company Limited
2026041704011401,NHPC,50,77,500,313.3,156650.0,2026-04-17,186853228,152,Cristal Kanchanjanga Securites Pvt. Ltd.,Nabil Stock Dealer Ltd.,2026-04-17 13:05:33.750012,National Hydro Power Company Limited
2026041704011414,NHPC,39,77,109,313.4,34160.6,2026-04-17,186853457,152,Sumeru Securities Pvt. Ltd.,Nabil Stock Dealer Ltd.,2026-04-17 13:06:11.511708,National Hydro Power Company Limited
2026041704011416,NHPC,39,17,128,313.4,40115.2,2026-04-17,186853504,152,Sumeru Securities Pvt. Ltd.,ABC Securities Private Limited,2026-04-17 13:06:21.287925,National Hydro Power Company Limited
2026041704011417,NHPC,48,17,300,313.2,93960.0,2026-04-17,186853506,152,Trishakti Securities Public Limited,ABC Securities Private Limited,2026-04-17 13:06:21.288665,National Hydro Power Company Limited
2026041704011418,NHPC,21,17,375,313.2,117450.0,2026-04-17,186853508,152,Midas Stock Broking Company Private Limited,ABC Securities Private Limited,2026-04-17 13:06:21.289092,National Hydro Power Company Limited
2026041704011419,NHPC,39,17,1000,313.1,313100.0,2026-04-17,186853510,152,Sumeru Securities Pvt. Ltd.,ABC Securities Private Limited,2026-04-17 13:06:21.289558,National Hydro Power Company Limited
2026041704011420,NHPC,58,17,200,313.0,62600.0,2026-04-17,186853512,152,Naasa Securities Co. Ltd.,ABC Securities Private Limited,2026-04-17 13:06:21.289958,National Hydro Power Company Limited
2026041704011421,NHPC,69,17,20,313.0,6260.0,2026-04-17,186853514,152,INDEX SECURITIES LIMITED,ABC Securities Private Limited,2026-04-17 13:06:21.290392,National Hydro Power Company Limited
2026041704011422,NHPC,57,17,400,313.0,125200.0,2026-04-17,186853516,152,Aryatara Investment & Securities,ABC Securities Private Limited,2026-04-17 13:06:21.290845,National Hydro Power Company Limited
2026041704011423,NHPC,63,17,350,313.0,109550.0,2026-04-17,186853518,152,Himalayan Brokerage Company Limited,ABC Securities Private Limited,2026-04-17 13:06:21.291357,National Hydro Power Company Limited
2026041704011424,NHPC,47,17,57,313.0,17841.0,2026-04-17,186853520,152,Neev Securities Pvt. Ltd.,ABC Securities Private Limited,2026-04-17 13:06:21.291901,National Hydro Power Company Limited
2026041704011427,NHPC,1,17,600,313.0,187800.0,2026-04-17,186853600,152,Kumari Securities Private Limited,ABC Securities Private Limited,2026-04-17 13:06:32.787033,National Hydro Power Company Limited
2026041704011428,NHPC,33,17,200,313.0,62600.0,2026-04-17,186853640,152,Dakshinkali Investment & Securities Pvt. Ltd.,ABC Securities Private Limited,2026-04-17 13:06:38.976506,National Hydro Power Company Limited
2026041704011454,NHPC,35,17,50,313.0,15650.0,2026-04-17,186854034,152,Kohinoor Investment & Securities Pvt. Ltd.,ABC Securities Private Limited,2026-04-17 13:07:22.152587,National Hydro Power Company Limited
2026041704011455,NHPC,58,17,100,313.0,31300.0,2026-04-17,186854116,152,Naasa Securities Co. Ltd.,ABC Securities Private Limited,2026-04-17 13:07:27.961909,National Hydro Power Company Limited
2026041704011459,NHPC,49,17,70,313.0,21910.0,2026-04-17,186854136,152,Online Securities Pvt. Ltd.,ABC Securities Private Limited,2026-04-17 13:07:29.838913,National Hydro Power Company Limited
2026041704011472,NHPC,87,42,643,312.3,200808.9,2026-04-17,186854224,152,S.P.S.A. Securities Limited,Sani Securities Company Ltd.,2026-04-17 13:07:42.386330,National Hydro Power Company Limited
2026041704011473,NHPC,35,42,20,312.2,6244.0,2026-04-17,186854226,152,Kohinoor Investment & Securities Pvt. Ltd.,Sani Securities Company Ltd.,2026-04-17 13:07:42.387096,National Hydro Power Company Limited
2026041704011474,NHPC,71,42,100,312.2,31220.0,2026-04-17,186854228,152,SHUBHAKAMANA SECURITIES PVT. LTD,Sani Securities Company Ltd.,2026-04-17 13:07:42.387494,National Hydro Power Company Limited
2026041704011475,NHPC,25,42,1000,312.2,312200.0,2026-04-17,186854230,152,Sweta Securities Private Limited,Sani Securities Company Ltd.,2026-04-17 13:07:42.387878,National Hydro Power Company Limited
2026041704011476,NHPC,72,42,337,312.1,105177.7,2026-04-17,186854231,152,Hatemalo Financial Services Private Limited,Sani Securities Company Ltd.,2026-04-17 13:07:42.388261,National Hydro Power Company Limited
2026041704011520,NHPC,91,58,5,311.1,1555.5,2026-04-17,186854765,152,Citizens Share Broker Limited,Naasa Securities Co. Ltd.,2026-04-17 13:09:01.632099,National Hydro Power Company Limited
2026041704011531,NHPC,36,14,500,312.2,156100.0,2026-04-17,186854846,152,Secured Securities Ltd.,Nepal Stock House (PVT) Ltd.,2026-04-17 13:09:18.636711,National Hydro Power Company Limited
2026041704011532,NHPC,47,14,10,312.2,3122.0,2026-04-17,186854848,152,Neev Securities Pvt. Ltd.,Nepal Stock House (PVT) Ltd.,2026-04-17 13:09:18.638296,National Hydro Power Company Limited
2026041704011533,NHPC,5,14,140,312.1,43694.0,2026-04-17,186854849,152,Market Securities & Exchange (PVT) Ltd.,Nepal Stock House (PVT) Ltd.,2026-04-17 13:09:18.639539,National Hydro Power Company Limited
2026041704011534,NHPC,5,77,60,312.1,18726.0,2026-04-17,186854858,152,Market Securities & Exchange (PVT) Ltd.,Nabil Stock Dealer Ltd.,2026-04-17 13:09:20.647457,National Hydro Power Company Limited
2026041704011535,NHPC,14,77,100,312.0,31200.0,2026-04-17,186854860,152,Nepal Stock House (PVT) Ltd.,Nabil Stock Dealer Ltd.,2026-04-17 13:09:20.649025,National Hydro Power Company Limited
2026041704011536,NHPC,64,77,160,312.0,49920.0,2026-04-17,186854862,152,SUN SECURITIES PVT LTD,Nabil Stock Dealer Ltd.,2026-04-17 13:09:20.650196,National Hydro Power Company Limited
2026041704011537,NHPC,38,77,100,312.0,31200.0,2026-04-17,186854864,152,Dipshikha Dhitopatra Karobar Co. Pvt Ltd.,Nabil Stock Dealer Ltd.,2026-04-17 13:09:20.651398,National Hydro Power Company Limited
2026041704011538,NHPC,54,77,100,312.0,31200.0,2026-04-17,186854866,152,Sewa Securities Pvt. Ltd.,Nabil Stock Dealer Ltd.,2026-04-17 13:09:20.652588,National Hydro Power Company Limited
2026041704011539,NHPC,34,77,200,312.0,62400.0,2026-04-17,186854868,152,Vision Securities Pvt. Ltd,Nabil Stock Dealer Ltd.,2026-04-17 13:09:20.653784,National Hydro Power Company Limited
2026041704011574,NHPC,96,77,280,312.0,87360.0,2026-04-17,186855282,152,Himalayan Securities Limited,Nabil Stock Dealer Ltd.,2026-04-17 13:10:11.120777,National Hydro Power Company Limited
2026041704011583,NHPC,74,17,300,313.0,93900.0,2026-04-17,186855338,152,KALASH STOCK MARKET PVT. LTD.,ABC Securities Private Limited,2026-04-17 13:10:18.831237,National Hydro Power Company Limited
2026041704011625,NHPC,74,17,80,313.0,25040.0,2026-04-17,186855626,152,KALASH STOCK MARKET PVT. LTD.,ABC Securities Private Limited,2026-04-17 13:11:11.308924,National Hydro Power Company Limited
2026041704011634,NHPC,62,17,4500,313.0,1408500.0,2026-04-17,186855750,152,Capital Max Securities Ltd,ABC Securities Private Limited,2026-04-17 13:11:30.263442,National Hydro Power Company Limited
2026041704011658,NHPC,44,17,3270,313.0,1023510.0,2026-04-17,186856019,152,Dynamic Money Managers Securities Pvt. Ltd.,ABC Securities Private Limited,2026-04-17 13:12:16.778969,National Hydro Power Company Limited
2026041704011673,NHPC,44,45,200,313.0,62600.0,2026-04-17,186856105,152,Dynamic Money Managers Securities Pvt. Ltd.,Imperial Securities Company Pvt. Ltd.,2026-04-17 13:12:32.913882,National Hydro Power Company Limited
2026041704011688,NHPC,44,77,1000,313.0,313000.0,2026-04-17,186856205,152,Dynamic Money Managers Securities Pvt. Ltd.,Nabil Stock Dealer Ltd.,2026-04-17 13:12:49.982635,National Hydro Power Company Limited
2026041704011694,NHPC,44,42,200,313.0,62600.0,2026-04-17,186856229,152,Dynamic Money Managers Securities Pvt. Ltd.,Sani Securities Company Ltd.,2026-04-17 13:12:58.530815,National Hydro Power Company Limited
2026041704011703,NHPC,44,63,330,313.0,103290.0,2026-04-17,186856362,152,Dynamic Money Managers Securities Pvt. Ltd.,Himalayan Brokerage Company Limited,2026-04-17 13:13:18.722488,National Hydro Power Company Limited
2026041704011704,NHPC,6,63,1000,312.5,312500.0,2026-04-17,186856364,152,Agrawal Securities (PVT) Ltd.,Himalayan Brokerage Company Limited,2026-04-17 13:13:18.723324,National Hydro Power Company Limited
2026041704011705,NHPC,47,63,500,312.1,156050.0,2026-04-17,186856366,152,Neev Securities Pvt. Ltd.,Himalayan Brokerage Company Limited,2026-04-17 13:13:18.723746,National Hydro Power Company Limited
2026041704011706,NHPC,37,63,350,312.0,109200.0,2026-04-17,186856368,152,Swarna Laxmi Securities Pvt. Ltd.,Himalayan Brokerage Company Limited,2026-04-17 13:13:18.724147,National Hydro Power Company Limited
2026041704011707,NHPC,54,63,20,312.0,6240.0,2026-04-17,186856370,152,Sewa Securities Pvt. Ltd.,Himalayan Brokerage Company Limited,2026-04-17 13:13:18.724580,National Hydro Power Company Limited
2026041704011712,NHPC,58,63,157,312.0,48984.0,2026-04-17,186856448,152,Naasa Securities Co. Ltd.,Himalayan Brokerage Company Limited,2026-04-17 13:13:28.056285,National Hydro Power Company Limited
2026041704011723,NHPC,37,16,94,311.9,29318.6,2026-04-17,186856490,152,Swarna Laxmi Securities Pvt. Ltd.,Primo Securities (PVT) Ltd.,2026-04-17 13:13:34.129805,National Hydro Power Company Limited
2026041704011724,NHPC,58,16,35,311.9,10916.5,2026-04-17,186856492,152,Naasa Securities Co. Ltd.,Primo Securities (PVT) Ltd.,2026-04-17 13:13:34.130630,National Hydro Power Company Limited
2026041704011731,NHPC,58,16,50,311.9,15595.0,2026-04-17,186856554,152,Naasa Securities Co. Ltd.,Primo Securities (PVT) Ltd.,2026-04-17 13:13:42.555806,National Hydro Power Company Limited
2026041704011732,NHPC,3,16,325,311.9,101367.5,2026-04-17,186856568,152,Arun Securities (PVT) Ltd.,Primo Securities (PVT) Ltd.,2026-04-17 13:13:46.512054,National Hydro Power Company Limited
2026041704011748,NHPC,35,64,20,311.5,6230.0,2026-04-17,186856642,152,Kohinoor Investment & Securities Pvt. Ltd.,SUN SECURITIES PVT LTD,2026-04-17 13:13:57.870914,National Hydro Power Company Limited
2026041704011749,NHPC,14,64,50,311.5,15575.0,2026-04-17,186856644,152,Nepal Stock House (PVT) Ltd.,SUN SECURITIES PVT LTD,2026-04-17 13:13:57.871743,National Hydro Power Company Limited
2026041704011750,NHPC,42,64,200,311.5,62300.0,2026-04-17,186856646,152,Sani Securities Company Ltd.,SUN SECURITIES PVT LTD,2026-04-17 13:13:57.872196,National Hydro Power Company Limited
2026041704011751,NHPC,21,64,90,311.5,28035.0,2026-04-17,186856647,152,Midas Stock Broking Company Private Limited,SUN SECURITIES PVT LTD,2026-04-17 13:13:57.872613,National Hydro Power Company Limited
2026041704011754,NHPC,33,16,426,311.9,132869.4,2026-04-17,186856725,152,Dakshinkali Investment & Securities Pvt. Ltd.,Primo Securities (PVT) Ltd.,2026-04-17 13:14:08.139925,National Hydro Power Company Limited
2026041704011755,NHPC,33,63,574,312.0,179088.0,2026-04-17,186856728,152,Dakshinkali Investment & Securities Pvt. Ltd.,Himalayan Brokerage Company Limited,2026-04-17 13:14:08.141599,National Hydro Power Company Limited
2026041704011786,NHPC,26,63,69,312.0,21528.0,2026-04-17,186856940,152,Asian Securities Private Ltd.,Himalayan Brokerage Company Limited,2026-04-17 13:14:33.543574,National Hydro Power Company Limited
2026041704011813,NHPC,49,58,10,312.0,3120.0,2026-04-17,186857119,152,Online Securities Pvt. Ltd.,Naasa Securities Co. Ltd.,2026-04-17 13:14:54.693274,National Hydro Power Company Limited
2026041704011817,NHPC,60,88,500,314.0,157000.0,2026-04-17,186857184,152,Nagarik Stock Dealer ,Blue Chip Securities Ltd,2026-04-17 13:15:05.922415,National Hydro Power Company Limited
2026041704011820,NHPC,58,58,10,314.0,3140.0,2026-04-17,186857308,152,Naasa Securities Co. Ltd.,Naasa Securities Co. Ltd.,2026-04-17 13:15:27.872966,National Hydro Power Company Limited
2026041704011823,NHPC,57,58,465,314.0,146010.0,2026-04-17,186857379,152,Aryatara Investment & Securities,Naasa Securities Co. Ltd.,2026-04-17 13:15:36.565154,National Hydro Power Company Limited
2026041704011824,NHPC,57,58,35,314.0,10990.0,2026-04-17,186857382,152,Aryatara Investment & Securities,Naasa Securities Co. Ltd.,2026-04-17 13:15:36.565255,National Hydro Power Company Limited
2026041704011857,NHPC,58,64,120,312.7,37524.0,2026-04-17,186857733,152,Naasa Securities Co. Ltd.,SUN SECURITIES PVT LTD,2026-04-17 13:16:33.582211,National Hydro Power Company Limited
2026041704011879,NHPC,34,58,40,313.0,12520.0,2026-04-17,186858099,152,Vision Securities Pvt. Ltd,Naasa Securities Co. Ltd.,2026-04-17 13:17:10.516143,National Hydro Power Company Limited
2026041704011893,NHPC,18,58,1465,314.0,460010.0,2026-04-17,186858437,152,Sagarmatha Securities Private Limited,Naasa Securities Co. Ltd.,2026-04-17 13:17:32.402022,National Hydro Power Company Limited
2026041704011894,NHPC,18,42,325,314.0,102050.0,2026-04-17,186858439,152,Sagarmatha Securities Private Limited,Sani Securities Company Ltd.,2026-04-17 13:17:32.403716,National Hydro Power Company Limited
2026041704011895,NHPC,18,35,210,314.0,65940.0,2026-04-17,186858442,152,Sagarmatha Securities Private Limited,Kohinoor Investment & Securities Pvt. Ltd.,2026-04-17 13:17:32.405002,National Hydro Power Company Limited
2026041704011912,NHPC,77,58,1500,313.9,470850.0,2026-04-17,186858722,152,Nabil Stock Dealer Ltd.,Naasa Securities Co. Ltd.,2026-04-17 13:17:56.256037,National Hydro Power Company Limited
2026041704011916,NHPC,18,58,2500,313.9,784750.0,2026-04-17,186858786,152,Sagarmatha Securities Private Limited,Naasa Securities Co. Ltd.,2026-04-17 13:18:06.824491,National Hydro Power Company Limited
2026041704011917,NHPC,34,77,59,313.0,18467.0,2026-04-17,186858790,152,Vision Securities Pvt. Ltd,Nabil Stock Dealer Ltd.,2026-04-17 13:18:07.632972,National Hydro Power Company Limited
2026041704011918,NHPC,49,77,200,313.0,62600.0,2026-04-17,186858792,152,Online Securities Pvt. Ltd.,Nabil Stock Dealer Ltd.,2026-04-17 13:18:07.633869,National Hydro Power Company Limited
2026041704011919,NHPC,49,77,141,313.0,44133.0,2026-04-17,186858793,152,Online Securities Pvt. Ltd.,Nabil Stock Dealer Ltd.,2026-04-17 13:18:07.634328,National Hydro Power Company Limited
2026041704011954,NHPC,49,46,150,313.9,47085.0,2026-04-17,186859120,152,Online Securities Pvt. Ltd.,Kalika Securities Pvt. Ltd.,2026-04-17 13:18:46.651743,National Hydro Power Company Limited
2026041704011958,NHPC,53,46,494,313.9,155066.6,2026-04-17,186859141,152,Investment Management Nepal Pvt. Ltd.,Kalika Securities Pvt. Ltd.,2026-04-17 13:18:49.214401,National Hydro Power Company Limited
2026041704011959,NHPC,53,35,250,314.0,78500.0,2026-04-17,186859143,152,Investment Management Nepal Pvt. Ltd.,Kohinoor Investment & Securities Pvt. Ltd.,2026-04-17 13:18:49.214499,National Hydro Power Company Limited
2026041704011960,NHPC,53,25,50,314.0,15700.0,2026-04-17,186859145,152,Investment Management Nepal Pvt. Ltd.,Sweta Securities Private Limited,2026-04-17 13:18:49.214609,National Hydro Power Company Limited
2026041704011961,NHPC,53,58,1000,314.0,314000.0,2026-04-17,186859147,152,Investment Management Nepal Pvt. Ltd.,Naasa Securities Co. Ltd.,2026-04-17 13:18:49.214683,National Hydro Power Company Limited
2026041704011962,NHPC,53,74,612,314.5,192474.0,2026-04-17,186859149,152,Investment Management Nepal Pvt. Ltd.,KALASH STOCK MARKET PVT. LTD.,2026-04-17 13:18:49.214759,National Hydro Power Company Limited
2026041704011963,NHPC,53,62,594,314.5,186813.0,2026-04-17,186859152,152,Investment Management Nepal Pvt. Ltd.,Capital Max Securities Ltd,2026-04-17 13:18:49.214828,National Hydro Power Company Limited
2026041704011964,NHPC,45,42,300,313.0,93900.0,2026-04-17,186859158,152,Imperial Securities Company Pvt. Ltd.,Sani Securities Company Ltd.,2026-04-17 13:18:49.973200,National Hydro Power Company Limited
2026041704011965,NHPC,54,42,100,313.0,31300.0,2026-04-17,186859160,152,Sewa Securities Pvt. Ltd.,Sani Securities Company Ltd.,2026-04-17 13:18:49.974861,National Hydro Power Company Limited
2026041704011966,NHPC,38,42,1647,312.9,515346.3,2026-04-17,186859162,152,Dipshikha Dhitopatra Karobar Co. Pvt Ltd.,Sani Securities Company Ltd.,2026-04-17 13:18:49.976136,National Hydro Power Company Limited
2026041704011967,NHPC,36,42,453,312.8,141698.4,2026-04-17,186859163,152,Secured Securities Ltd.,Sani Securities Company Ltd.,2026-04-17 13:18:49.977404,National Hydro Power Company Limited
2026041704012023,NHPC,56,42,500,314.0,157000.0,2026-04-17,186859718,152,Sri Hari Securities Pvt. Ltd.,Sani Securities Company Ltd.,2026-04-17 13:19:53.774186,National Hydro Power Company Limited
2026041704012099,NHPC,74,58,200,313.1,62620.0,2026-04-17,186860416,152,KALASH STOCK MARKET PVT. LTD.,Naasa Securities Co. Ltd.,2026-04-17 13:20:30.602385,National Hydro Power Company Limited
2026041704012100,NHPC,36,58,300,313.0,93900.0,2026-04-17,186860417,152,Secured Securities Ltd.,Naasa Securities Co. Ltd.,2026-04-17 13:20:30.602504,National Hydro Power Company Limited
2026041704012117,NHPC,26,49,444,313.5,139194.0,2026-04-17,186860515,152,Asian Securities Private Ltd.,Online Securities Pvt. Ltd.,2026-04-17 13:20:41.830526,National Hydro Power Company Limited
2026041704012129,NHPC,74,42,500,314.0,157000.0,2026-04-17,186860692,152,KALASH STOCK MARKET PVT. LTD.,Sani Securities Company Ltd.,2026-04-17 13:20:51.311926,National Hydro Power Company Limited
2026041704012175,NHPC,16,64,240,314.0,75360.0,2026-04-17,186861315,152,Primo Securities (PVT) Ltd.,SUN SECURITIES PVT LTD,2026-04-17 13:21:39.581422,National Hydro Power Company Limited
2026041704012199,NHPC,44,62,1906,314.5,599437.0,2026-04-17,186861423,152,Dynamic Money Managers Securities Pvt. Ltd.,Capital Max Securities Ltd,2026-04-17 13:21:52.604966,National Hydro Power Company Limited
2026041704012200,NHPC,44,41,60,314.5,18870.0,2026-04-17,186861425,152,Dynamic Money Managers Securities Pvt. Ltd.,Linch Stock Market Ltd.,2026-04-17 13:21:52.605961,National Hydro Power Company Limited
2026041704012201,NHPC,44,94,4157,314.6,1307792.2,2026-04-17,186861427,152,Dynamic Money Managers Securities Pvt. Ltd.,K.B.L. Securities Limited ,2026-04-17 13:21:52.606667,National Hydro Power Company Limited
2026041704012202,NHPC,44,35,65,314.6,20449.0,2026-04-17,186861429,152,Dynamic Money Managers Securities Pvt. Ltd.,Kohinoor Investment & Securities Pvt. Ltd.,2026-04-17 13:21:52.607230,National Hydro Power Company Limited
2026041704012203,NHPC,44,57,3812,314.6,1199255.2,2026-04-17,186861432,152,Dynamic Money Managers Securities Pvt. Ltd.,Aryatara Investment & Securities,2026-04-17 13:21:52.607912,National Hydro Power Company Limited
2026041704012216,NHPC,40,57,1188,314.6,373744.8,2026-04-17,186861665,152,Creative Securities Pvt Ltd,Aryatara Investment & Securities,2026-04-17 13:22:13.561391,National Hydro Power Company Limited
2026041704012217,NHPC,40,32,812,315.0,255780.0,2026-04-17,186861668,152,Creative Securities Pvt Ltd,Premier Securities Company Ltd.,2026-04-17 13:22:13.563147,National Hydro Power Company Limited
2026041704012220,NHPC,54,32,10,315.0,3150.0,2026-04-17,186861702,152,Sewa Securities Pvt. Ltd.,Premier Securities Company Ltd.,2026-04-17 13:22:19.114130,National Hydro Power Company Limited
2026041704012240,NHPC,6,32,1000,315.0,315000.0,2026-04-17,186861970,152,Agrawal Securities (PVT) Ltd.,Premier Securities Company Ltd.,2026-04-17 13:22:48.810780,National Hydro Power Company Limited
2026041704012245,NHPC,44,47,100,314.9,31490.0,2026-04-17,186862363,152,Dynamic Money Managers Securities Pvt. Ltd.,Neev Securities Pvt. Ltd.,2026-04-17 13:22:56.857694,National Hydro Power Company Limited
2026041704012246,NHPC,44,32,100,315.0,31500.0,2026-04-17,186862366,152,Dynamic Money Managers Securities Pvt. Ltd.,Premier Securities Company Ltd.,2026-04-17 13:22:56.858524,National Hydro Power Company Limited
2026041704012278,NHPC,74,63,250,314.5,78625.0,2026-04-17,186862532,152,KALASH STOCK MARKET PVT. LTD.,Himalayan Brokerage Company Limited,2026-04-17 13:23:09.929700,National Hydro Power Company Limited
2026041704012279,NHPC,26,63,200,314.1,62820.0,2026-04-17,186862534,152,Asian Securities Private Ltd.,Himalayan Brokerage Company Limited,2026-04-17 13:23:09.931431,National Hydro Power Company Limited
2026041704012280,NHPC,16,63,250,314.0,78500.0,2026-04-17,186862535,152,Primo Securities (PVT) Ltd.,Himalayan Brokerage Company Limited,2026-04-17 13:23:09.932757,National Hydro Power Company Limited
2026041704012285,NHPC,46,32,120,315.0,37800.0,2026-04-17,186862658,152,Kalika Securities Pvt. Ltd.,Premier Securities Company Ltd.,2026-04-17 13:23:23.021379,National Hydro Power Company Limited
2026041704012329,NHPC,26,47,100,314.9,31490.0,2026-04-17,186863026,152,Asian Securities Private Ltd.,Neev Securities Pvt. Ltd.,2026-04-17 13:24:00.656667,National Hydro Power Company Limited
2026041704012332,NHPC,22,4,100,314.5,31450.0,2026-04-17,186863073,152,Siprabi Securities Pvt. Ltd.,Opal Securities Investment (PVT) Ltd.,2026-04-17 13:24:08.718027,National Hydro Power Company Limited
2026041704012333,NHPC,26,61,200,314.2,62840.0,2026-04-17,186863102,152,Asian Securities Private Ltd.,BHOLE GANESH SECURITIES LTD,2026-04-17 13:24:13.543238,National Hydro Power Company Limited
2026041704012334,NHPC,52,61,1000,314.2,314200.0,2026-04-17,186863104,152,Sundhara Securities Limited,BHOLE GANESH SECURITIES LTD,2026-04-17 13:24:13.543309,National Hydro Power Company Limited
2026041704012335,NHPC,16,61,500,314.2,157100.0,2026-04-17,186863106,152,Primo Securities (PVT) Ltd.,BHOLE GANESH SECURITIES LTD,2026-04-17 13:24:13.543343,National Hydro Power Company Limited
2026041704012336,NHPC,22,61,300,314.1,94230.0,2026-04-17,186863107,152,Siprabi Securities Pvt. Ltd.,BHOLE GANESH SECURITIES LTD,2026-04-17 13:24:13.543364,National Hydro Power Company Limited
2026041704012346,NHPC,44,32,1986,315.0,625590.0,2026-04-17,186863223,152,Dynamic Money Managers Securities Pvt. Ltd.,Premier Securities Company Ltd.,2026-04-17 13:24:25.019098,National Hydro Power Company Limited
2026041704012347,NHPC,44,6,200,315.0,63000.0,2026-04-17,186863225,152,Dynamic Money Managers Securities Pvt. Ltd.,Agrawal Securities (PVT) Ltd.,2026-04-17 13:24:25.021037,National Hydro Power Company Limited
2026041704012348,NHPC,44,86,256,315.0,80640.0,2026-04-17,186863227,152,Dynamic Money Managers Securities Pvt. Ltd.,Stoxkarts Securities Limited,2026-04-17 13:24:25.022967,National Hydro Power Company Limited
2026041704012349,NHPC,44,25,100,315.0,31500.0,2026-04-17,186863229,152,Dynamic Money Managers Securities Pvt. Ltd.,Sweta Securities Private Limited,2026-04-17 13:24:25.024926,National Hydro Power Company Limited
2026041704012350,NHPC,44,49,460,315.0,144900.0,2026-04-17,186863231,152,Dynamic Money Managers Securities Pvt. Ltd.,Online Securities Pvt. Ltd.,2026-04-17 13:24:25.025831,National Hydro Power Company Limited
2026041704012351,NHPC,44,70,100,315.0,31500.0,2026-04-17,186863233,152,Dynamic Money Managers Securities Pvt. Ltd.,Infinity Securities Limited,2026-04-17 13:24:25.026508,National Hydro Power Company Limited
2026041704012352,NHPC,44,57,100,315.0,31500.0,2026-04-17,186863235,152,Dynamic Money Managers Securities Pvt. Ltd.,Aryatara Investment & Securities,2026-04-17 13:24:25.027180,National Hydro Power Company Limited
2026041704012353,NHPC,44,22,1000,315.0,315000.0,2026-04-17,186863237,152,Dynamic Money Managers Securities Pvt. Ltd.,Siprabi Securities Pvt. Ltd.,2026-04-17 13:24:25.027861,National Hydro Power Company Limited
2026041704012354,NHPC,44,54,200,315.0,63000.0,2026-04-17,186863239,152,Dynamic Money Managers Securities Pvt. Ltd.,Sewa Securities Pvt. Ltd.,2026-04-17 13:24:25.028496,National Hydro Power Company Limited
2026041704012355,NHPC,44,48,1000,315.0,315000.0,2026-04-17,186863241,152,Dynamic Money Managers Securities Pvt. Ltd.,Trishakti Securities Public Limited,2026-04-17 13:24:25.029105,National Hydro Power Company Limited
2026041704012356,NHPC,44,32,350,315.0,110250.0,2026-04-17,186863243,152,Dynamic Money Managers Securities Pvt. Ltd.,Premier Securities Company Ltd.,2026-04-17 13:24:25.029792,National Hydro Power Company Limited
2026041704012357,NHPC,44,57,600,315.0,189000.0,2026-04-17,186863245,152,Dynamic Money Managers Securities Pvt. Ltd.,Aryatara Investment & Securities,2026-04-17 13:24:25.030418,National Hydro Power Company Limited
2026041704012358,NHPC,44,10,100,315.0,31500.0,2026-04-17,186863247,152,Dynamic Money Managers Securities Pvt. Ltd.,Pragyan Securities (PVT) Ltd.,2026-04-17 13:24:25.031026,National Hydro Power Company Limited
2026041704012359,NHPC,44,32,50,315.0,15750.0,2026-04-17,186863251,152,Dynamic Money Managers Securities Pvt. Ltd.,Premier Securities Company Ltd.,2026-04-17 13:24:25.031695,National Hydro Power Company Limited
2026041704012360,NHPC,44,38,50,315.0,15750.0,2026-04-17,186863253,152,Dynamic Money Managers Securities Pvt. Ltd.,Dipshikha Dhitopatra Karobar Co. Pvt Ltd.,2026-04-17 13:24:25.032366,National Hydro Power Company Limited
2026041704012361,NHPC,44,18,1645,315.0,518175.0,2026-04-17,186863255,152,Dynamic Money Managers Securities Pvt. Ltd.,Sagarmatha Securities Private Limited,2026-04-17 13:24:25.033039,National Hydro Power Company Limited
2026041704012362,NHPC,44,39,1803,315.0,567945.0,2026-04-17,186863258,152,Dynamic Money Managers Securities Pvt. Ltd.,Sumeru Securities Pvt. Ltd.,2026-04-17 13:24:25.033732,National Hydro Power Company Limited
2026041704012395,NHPC,57,47,100,314.9,31490.0,2026-04-17,186863627,152,Aryatara Investment & Securities,Neev Securities Pvt. Ltd.,2026-04-17 13:24:57.951531,National Hydro Power Company Limited
2026041704012396,NHPC,57,34,77,314.9,24247.3,2026-04-17,186863630,152,Aryatara Investment & Securities,Vision Securities Pvt. Ltd,2026-04-17 13:24:57.953292,National Hydro Power Company Limited
2026041704012399,NHPC,52,34,100,314.9,31490.0,2026-04-17,186863698,152,Sundhara Securities Limited,Vision Securities Pvt. Ltd,2026-04-17 13:25:10.227093,National Hydro Power Company Limited
2026041704012401,NHPC,18,34,323,314.9,101712.7,2026-04-17,186863705,152,Sagarmatha Securities Private Limited,Vision Securities Pvt. Ltd,2026-04-17 13:25:12.585573,National Hydro Power Company Limited
2026041704012402,NHPC,18,39,1197,315.0,377055.0,2026-04-17,186863707,152,Sagarmatha Securities Private Limited,Sumeru Securities Pvt. Ltd.,2026-04-17 13:25:12.587431,National Hydro Power Company Limited
2026041704012403,NHPC,18,81,50,315.0,15750.0,2026-04-17,186863709,152,Sagarmatha Securities Private Limited,Aakashbhairab Securities Ltd.,2026-04-17 13:25:12.588842,National Hydro Power Company Limited
2026041704012404,NHPC,18,57,500,315.0,157500.0,2026-04-17,186863711,152,Sagarmatha Securities Private Limited,Aryatara Investment & Securities,2026-04-17 13:25:12.590217,National Hydro Power Company Limited
2026041704012405,NHPC,18,42,1000,315.0,315000.0,2026-04-17,186863713,152,Sagarmatha Securities Private Limited,Sani Securities Company Ltd.,2026-04-17 13:25:12.591572,National Hydro Power Company Limited
2026041704012406,NHPC,18,57,930,315.0,292950.0,2026-04-17,186863716,152,Sagarmatha Securities Private Limited,Aryatara Investment & Securities,2026-04-17 13:25:12.592932,National Hydro Power Company Limited
2026041704012409,NHPC,5,57,70,315.0,22050.0,2026-04-17,186863755,152,Market Securities & Exchange (PVT) Ltd.,Aryatara Investment & Securities,2026-04-17 13:25:16.541274,National Hydro Power Company Limited
2026041704012410,NHPC,5,45,10,315.0,3150.0,2026-04-17,186863757,152,Market Securities & Exchange (PVT) Ltd.,Imperial Securities Company Pvt. Ltd.,2026-04-17 13:25:16.542070,National Hydro Power Company Limited
2026041704012411,NHPC,5,21,20,315.0,6300.0,2026-04-17,186863760,152,Market Securities & Exchange (PVT) Ltd.,Midas Stock Broking Company Private Limited,2026-04-17 13:25:16.542540,National Hydro Power Company Limited
2026041704012418,NHPC,48,77,40,315.7,12628.0,2026-04-17,186863850,152,Trishakti Securities Public Limited,Nabil Stock Dealer Ltd.,2026-04-17 13:25:36.825870,National Hydro Power Company Limited
2026041704012446,NHPC,42,59,300,315.0,94500.0,2026-04-17,186864087,152,Sani Securities Company Ltd.,Deevyaa Securities & Stock House Pvt. Ltd,2026-04-17 13:26:14.303558,National Hydro Power Company Limited
2026041704012461,NHPC,42,42,17,315.0,5355.0,2026-04-17,186864216,152,Sani Securities Company Ltd.,Sani Securities Company Ltd.,2026-04-17 13:26:29.766959,National Hydro Power Company Limited
2026041704012462,NHPC,35,42,200,315.0,63000.0,2026-04-17,186864218,152,Kohinoor Investment & Securities Pvt. Ltd.,Sani Securities Company Ltd.,2026-04-17 13:26:29.768700,National Hydro Power Company Limited
2026041704012483,NHPC,56,42,783,315.0,246645.0,2026-04-17,186864444,152,Sri Hari Securities Pvt. Ltd.,Sani Securities Company Ltd.,2026-04-17 13:26:52.880461,National Hydro Power Company Limited
2026041704012494,NHPC,17,42,100,315.0,31500.0,2026-04-17,186864508,152,ABC Securities Private Limited,Sani Securities Company Ltd.,2026-04-17 13:27:04.585286,National Hydro Power Company Limited
2026041704012499,NHPC,48,42,100,315.0,31500.0,2026-04-17,186864562,152,Trishakti Securities Public Limited,Sani Securities Company Ltd.,2026-04-17 13:27:09.064450,National Hydro Power Company Limited
2026041704012501,NHPC,8,42,50,315.0,15750.0,2026-04-17,186864596,152,Brilliant Securities Pvt. Ltd.,Sani Securities Company Ltd.,2026-04-17 13:27:16.095865,National Hydro Power Company Limited
2026041704012503,NHPC,89,42,10,314.6,3146.0,2026-04-17,186864641,152,Global IME Securities Limited,Sani Securities Company Ltd.,2026-04-17 13:27:20.401551,National Hydro Power Company Limited
2026041704012506,NHPC,59,42,150,315.0,47250.0,2026-04-17,186864732,152,Deevyaa Securities & Stock House Pvt. Ltd,Sani Securities Company Ltd.,2026-04-17 13:27:27.709487,National Hydro Power Company Limited
2026041704012508,NHPC,11,42,600,315.0,189000.0,2026-04-17,186864771,152,Malla & Malla Stock Broking Company Pvt. Limited,Sani Securities Company Ltd.,2026-04-17 13:27:31.665246,National Hydro Power Company Limited
2026041704012519,NHPC,11,64,602,315.0,189630.0,2026-04-17,186864845,152,Malla & Malla Stock Broking Company Pvt. Limited,SUN SECURITIES PVT LTD,2026-04-17 13:27:45.304213,National Hydro Power Company Limited
2026041704012524,NHPC,11,65,798,315.0,251370.0,2026-04-17,186864908,152,Malla & Malla Stock Broking Company Pvt. Limited,Sharepro Securities Private Limited,2026-04-17 13:27:56.167527,National Hydro Power Company Limited
2026041704012525,NHPC,21,65,202,315.0,63630.0,2026-04-17,186864909,152,Midas Stock Broking Company Private Limited,Sharepro Securities Private Limited,2026-04-17 13:27:56.169265,National Hydro Power Company Limited
2026041704012527,NHPC,21,42,83,315.0,26145.0,2026-04-17,186864914,152,Midas Stock Broking Company Private Limited,Sani Securities Company Ltd.,2026-04-17 13:27:56.586156,National Hydro Power Company Limited
2026041704012539,NHPC,18,42,500,315.0,157500.0,2026-04-17,186864990,152,Sagarmatha Securities Private Limited,Sani Securities Company Ltd.,2026-04-17 13:28:03.827157,National Hydro Power Company Limited
2026041704012541,NHPC,49,42,160,315.0,50400.0,2026-04-17,186865020,152,Online Securities Pvt. Ltd.,Sani Securities Company Ltd.,2026-04-17 13:28:07.462051,National Hydro Power Company Limited
2026041704012552,NHPC,58,42,100,315.0,31500.0,2026-04-17,186865050,152,Naasa Securities Co. Ltd.,Sani Securities Company Ltd.,2026-04-17 13:28:09.261467,National Hydro Power Company Limited
2026041704012558,NHPC,48,42,10,315.0,3150.0,2026-04-17,186865078,152,Trishakti Securities Public Limited,Sani Securities Company Ltd.,2026-04-17 13:28:12.015358,National Hydro Power Company Limited
2026041704012561,NHPC,56,42,147,315.0,46305.0,2026-04-17,186865225,152,Sri Hari Securities Pvt. Ltd.,Sani Securities Company Ltd.,2026-04-17 13:28:17.786085,National Hydro Power Company Limited
2026041704012611,NHPC,1,47,100,315.4,31540.0,2026-04-17,186865585,152,Kumari Securities Private Limited,Neev Securities Pvt. Ltd.,2026-04-17 13:28:58.485742,National Hydro Power Company Limited
2026041704012612,NHPC,1,42,900,315.5,283950.0,2026-04-17,186865588,152,Kumari Securities Private Limited,Sani Securities Company Ltd.,2026-04-17 13:28:58.487496,National Hydro Power Company Limited
2026041704012630,NHPC,25,64,100,315.1,31510.0,2026-04-17,186865782,152,Sweta Securities Private Limited,SUN SECURITIES PVT LTD,2026-04-17 13:29:24.323334,National Hydro Power Company Limited
2026041704012631,NHPC,21,64,550,315.1,173305.0,2026-04-17,186865784,152,Midas Stock Broking Company Private Limited,SUN SECURITIES PVT LTD,2026-04-17 13:29:24.325059,National Hydro Power Company Limited
2026041704012632,NHPC,56,64,1433,315.0,451395.0,2026-04-17,186865786,152,Sri Hari Securities Pvt. Ltd.,SUN SECURITIES PVT LTD,2026-04-17 13:29:24.326435,National Hydro Power Company Limited
2026041704012633,NHPC,5,64,1000,315.0,315000.0,2026-04-17,186865788,152,Market Securities & Exchange (PVT) Ltd.,SUN SECURITIES PVT LTD,2026-04-17 13:29:24.327768,National Hydro Power Company Limited
2026041704012634,NHPC,58,64,100,315.0,31500.0,2026-04-17,186865790,152,Naasa Securities Co. Ltd.,SUN SECURITIES PVT LTD,2026-04-17 13:29:24.329099,National Hydro Power Company Limited
2026041704012635,NHPC,50,64,3817,315.0,1202355.0,2026-04-17,186865791,152,Cristal Kanchanjanga Securites Pvt. Ltd.,SUN SECURITIES PVT LTD,2026-04-17 13:29:24.330026,National Hydro Power Company Limited
2026041704012639,NHPC,50,64,1183,315.0,372645.0,2026-04-17,186865822,152,Cristal Kanchanjanga Securites Pvt. Ltd.,SUN SECURITIES PVT LTD,2026-04-17 13:29:29.966954,National Hydro Power Company Limited
2026041704012640,NHPC,56,64,1317,315.0,414855.0,2026-04-17,186865823,152,Sri Hari Securities Pvt. Ltd.,SUN SECURITIES PVT LTD,2026-04-17 13:29:29.968698,National Hydro Power Company Limited
2026041704012646,NHPC,56,42,38,315.0,11970.0,2026-04-17,186865886,152,Sri Hari Securities Pvt. Ltd.,Sani Securities Company Ltd.,2026-04-17 13:29:33.504412,National Hydro Power Company Limited
2026041704012647,NHPC,70,42,500,315.0,157500.0,2026-04-17,186865894,152,Infinity Securities Limited,Sani Securities Company Ltd.,2026-04-17 13:29:34.769124,National Hydro Power Company Limited
2026041704012649,NHPC,56,42,1580,315.0,497700.0,2026-04-17,186866012,152,Sri Hari Securities Pvt. Ltd.,Sani Securities Company Ltd.,2026-04-17 13:29:41.335785,National Hydro Power Company Limited
2026041704012653,NHPC,85,10,500,314.7,157350.0,2026-04-17,186866040,152,Capital Hub P. Ltd,Pragyan Securities (PVT) Ltd.,2026-04-17 13:29:46.006612,National Hydro Power Company Limited
2026041704012655,NHPC,48,10,150,314.7,47205.0,2026-04-17,186866050,152,Trishakti Securities Public Limited,Pragyan Securities (PVT) Ltd.,2026-04-17 13:29:48.435145,National Hydro Power Company Limited
2026041704012657,NHPC,53,10,350,314.7,110145.0,2026-04-17,186866065,152,Investment Management Nepal Pvt. Ltd.,Pragyan Securities (PVT) Ltd.,2026-04-17 13:29:50.086214,National Hydro Power Company Limited
2026041704012658,NHPC,53,42,150,315.0,47250.0,2026-04-17,186866068,152,Investment Management Nepal Pvt. Ltd.,Sani Securities Company Ltd.,2026-04-17 13:29:50.086328,National Hydro Power Company Limited
2026041704012659,NHPC,56,42,732,315.0,230580.0,2026-04-17,186866071,152,Sri Hari Securities Pvt. Ltd.,Sani Securities Company Ltd.,2026-04-17 13:29:52.555700,National Hydro Power Company Limited
2026041704012660,NHPC,56,21,768,315.0,241920.0,2026-04-17,186866074,152,Sri Hari Securities Pvt. Ltd.,Midas Stock Broking Company Private Limited,2026-04-17 13:29:52.557552,National Hydro Power Company Limited
2026041704012663,NHPC,58,21,1232,315.0,388080.0,2026-04-17,186866089,152,Naasa Securities Co. Ltd.,Midas Stock Broking Company Private Limited,2026-04-17 13:29:55.101997,National Hydro Power Company Limited
2026041704012668,NHPC,58,64,1000,315.0,315000.0,2026-04-17,186866117,152,Naasa Securities Co. Ltd.,SUN SECURITIES PVT LTD,2026-04-17 13:29:58.804057,National Hydro Power Company Limited
2026041704012669,NHPC,58,64,768,315.0,241920.0,2026-04-17,186866124,152,Naasa Securities Co. Ltd.,SUN SECURITIES PVT LTD,2026-04-17 13:30:00.376293,National Hydro Power Company Limited
2026041704012670,NHPC,16,64,232,315.0,73080.0,2026-04-17,186866125,152,Primo Securities (PVT) Ltd.,SUN SECURITIES PVT LTD,2026-04-17 13:30:00.378012,National Hydro Power Company Limited
2026041704012682,NHPC,16,42,250,315.0,78750.0,2026-04-17,186866193,152,Primo Securities (PVT) Ltd.,Sani Securities Company Ltd.,2026-04-17 13:30:11.855561,National Hydro Power Company Limited
2026041704012683,NHPC,94,4,10,315.6,3156.0,2026-04-17,186866225,152,K.B.L. Securities Limited ,Opal Securities Investment (PVT) Ltd.,2026-04-17 13:30:14.323966,National Hydro Power Company Limited
2026041704012684,NHPC,94,77,10,315.7,3157.0,2026-04-17,186866228,152,K.B.L. Securities Limited ,Nabil Stock Dealer Ltd.,2026-04-17 13:30:14.324047,National Hydro Power Company Limited
2026041704012693,NHPC,58,77,250,315.7,78925.0,2026-04-17,186866296,152,Naasa Securities Co. Ltd.,Nabil Stock Dealer Ltd.,2026-04-17 13:30:20.492310,National Hydro Power Company Limited
2026041704012707,NHPC,16,40,28,315.0,8820.0,2026-04-17,186866324,152,Primo Securities (PVT) Ltd.,Creative Securities Pvt Ltd,2026-04-17 13:30:21.539322,National Hydro Power Company Limited
2026041704012708,NHPC,56,40,72,315.0,22680.0,2026-04-17,186866325,152,Sri Hari Securities Pvt. Ltd.,Creative Securities Pvt Ltd,2026-04-17 13:30:21.540199,National Hydro Power Company Limited
2026041704012714,NHPC,35,43,178,315.5,56159.0,2026-04-17,186866387,152,Kohinoor Investment & Securities Pvt. Ltd.,South Asian Bulls Pvt. Ltd.,2026-04-17 13:30:30.314483,National Hydro Power Company Limited
2026041704012715,NHPC,35,77,822,315.7,259505.4,2026-04-17,186866390,152,Kohinoor Investment & Securities Pvt. Ltd.,Nabil Stock Dealer Ltd.,2026-04-17 13:30:30.314597,National Hydro Power Company Limited
2026041704012718,NHPC,77,77,3878,315.7,1224284.6,2026-04-17,186866409,152,Nabil Stock Dealer Ltd.,Nabil Stock Dealer Ltd.,2026-04-17 13:30:34.365714,National Hydro Power Company Limited
2026041704012719,NHPC,77,35,300,316.0,94800.0,2026-04-17,186866411,152,Nabil Stock Dealer Ltd.,Kohinoor Investment & Securities Pvt. Ltd.,2026-04-17 13:30:34.367542,National Hydro Power Company Limited
2026041704012720,NHPC,77,49,242,316.0,76472.0,2026-04-17,186866413,152,Nabil Stock Dealer Ltd.,Online Securities Pvt. Ltd.,2026-04-17 13:30:34.368889,National Hydro Power Company Limited
2026041704012721,NHPC,77,62,400,316.0,126400.0,2026-04-17,186866415,152,Nabil Stock Dealer Ltd.,Capital Max Securities Ltd,2026-04-17 13:30:34.370221,National Hydro Power Company Limited
2026041704012722,NHPC,77,39,180,316.0,56880.0,2026-04-17,186866418,152,Nabil Stock Dealer Ltd.,Sumeru Securities Pvt. Ltd.,2026-04-17 13:30:34.371553,National Hydro Power Company Limited
2026041704012745,NHPC,85,64,1000,315.7,315700.0,2026-04-17,186866542,152,Capital Hub P. Ltd,SUN SECURITIES PVT LTD,2026-04-17 13:30:41.286230,National Hydro Power Company Limited
2026041704012746,NHPC,58,64,500,315.1,157550.0,2026-04-17,186866544,152,Naasa Securities Co. Ltd.,SUN SECURITIES PVT LTD,2026-04-17 13:30:41.287091,National Hydro Power Company Limited
2026041704012747,NHPC,56,64,500,315.0,157500.0,2026-04-17,186866545,152,Sri Hari Securities Pvt. Ltd.,SUN SECURITIES PVT LTD,2026-04-17 13:30:41.287568,National Hydro Power Company Limited
2026041704012766,NHPC,95,39,820,316.0,259120.0,2026-04-17,186866655,152,Magnet Securities and Investment Company Private Limited,Sumeru Securities Pvt. Ltd.,2026-04-17 13:30:48.197524,National Hydro Power Company Limited
2026041704012767,NHPC,95,64,160,316.0,50560.0,2026-04-17,186866657,152,Magnet Securities and Investment Company Private Limited,SUN SECURITIES PVT LTD,2026-04-17 13:30:48.198434,National Hydro Power Company Limited
2026041704012768,NHPC,95,45,40,316.0,12640.0,2026-04-17,186866659,152,Magnet Securities and Investment Company Private Limited,Imperial Securities Company Pvt. Ltd.,2026-04-17 13:30:48.198889,National Hydro Power Company Limited
2026041704012769,NHPC,95,17,980,316.0,309680.0,2026-04-17,186866662,152,Magnet Securities and Investment Company Private Limited,ABC Securities Private Limited,2026-04-17 13:30:48.199337,National Hydro Power Company Limited
2026041704012770,NHPC,64,17,20,316.0,6320.0,2026-04-17,186866667,152,SUN SECURITIES PVT LTD,ABC Securities Private Limited,2026-04-17 13:30:49.757928,National Hydro Power Company Limited
2026041704012771,NHPC,64,75,16,316.0,5056.0,2026-04-17,186866669,152,SUN SECURITIES PVT LTD,N.I.M.B. Stock Markets Limited,2026-04-17 13:30:49.759663,National Hydro Power Company Limited
2026041704012772,NHPC,64,4,300,316.0,94800.0,2026-04-17,186866671,152,SUN SECURITIES PVT LTD,Opal Securities Investment (PVT) Ltd.,2026-04-17 13:30:49.761031,National Hydro Power Company Limited
2026041704012773,NHPC,64,49,1000,316.0,316000.0,2026-04-17,186866673,152,SUN SECURITIES PVT LTD,Online Securities Pvt. Ltd.,2026-04-17 13:30:49.762396,National Hydro Power Company Limited
2026041704012774,NHPC,64,64,1664,316.0,525824.0,2026-04-17,186866676,152,SUN SECURITIES PVT LTD,SUN SECURITIES PVT LTD,2026-04-17 13:30:50.068110,National Hydro Power Company Limited
2026041704012775,NHPC,58,64,336,315.1,105873.6,2026-04-17,186866677,152,Naasa Securities Co. Ltd.,SUN SECURITIES PVT LTD,2026-04-17 13:30:50.069766,National Hydro Power Company Limited
2026041704012785,NHPC,58,64,164,315.1,51676.4,2026-04-17,186866724,152,Naasa Securities Co. Ltd.,SUN SECURITIES PVT LTD,2026-04-17 13:30:54.902077,National Hydro Power Company Limited
2026041704012786,NHPC,56,64,334,315.0,105210.0,2026-04-17,186866726,152,Sri Hari Securities Pvt. Ltd.,SUN SECURITIES PVT LTD,2026-04-17 13:30:54.902900,National Hydro Power Company Limited
2026041704012787,NHPC,35,64,40,315.0,12600.0,2026-04-17,186866728,152,Kohinoor Investment & Securities Pvt. Ltd.,SUN SECURITIES PVT LTD,2026-04-17 13:30:54.903347,National Hydro Power Company Limited
2026041704012788,NHPC,56,64,1462,315.0,460530.0,2026-04-17,186866729,152,Sri Hari Securities Pvt. Ltd.,SUN SECURITIES PVT LTD,2026-04-17 13:30:54.903779,National Hydro Power Company Limited
2026041704012846,NHPC,10,45,100,316.4,31640.0,2026-04-17,186867106,152,Pragyan Securities (PVT) Ltd.,Imperial Securities Company Pvt. Ltd.,2026-04-17 13:31:36.705696,National Hydro Power Company Limited
2026041704012851,NHPC,71,58,10,316.0,3160.0,2026-04-17,186867135,152,SHUBHAKAMANA SECURITIES PVT. LTD,Naasa Securities Co. Ltd.,2026-04-17 13:31:39.848513,National Hydro Power Company Limited
2026041704012859,NHPC,28,45,200,316.4,63280.0,2026-04-17,186867173,152,Shree Krishna Securities Ltd.,Imperial Securities Company Pvt. Ltd.,2026-04-17 13:31:44.842670,National Hydro Power Company Limited
2026041704012860,NHPC,28,57,100,316.5,31650.0,2026-04-17,186867175,152,Shree Krishna Securities Ltd.,Aryatara Investment & Securities,2026-04-17 13:31:44.842735,National Hydro Power Company Limited
2026041704012861,NHPC,28,16,500,317.0,158500.0,2026-04-17,186867177,152,Shree Krishna Securities Ltd.,Primo Securities (PVT) Ltd.,2026-04-17 13:31:44.842778,National Hydro Power Company Limited
2026041704012862,NHPC,28,38,930,317.0,294810.0,2026-04-17,186867179,152,Shree Krishna Securities Ltd.,Dipshikha Dhitopatra Karobar Co. Pvt Ltd.,2026-04-17 13:31:44.842817,National Hydro Power Company Limited
2026041704012863,NHPC,28,17,100,317.0,31700.0,2026-04-17,186867181,152,Shree Krishna Securities Ltd.,ABC Securities Private Limited,2026-04-17 13:31:44.842867,National Hydro Power Company Limited
2026041704012864,NHPC,28,10,200,317.0,63400.0,2026-04-17,186867183,152,Shree Krishna Securities Ltd.,Pragyan Securities (PVT) Ltd.,2026-04-17 13:31:44.842900,National Hydro Power Company Limited
2026041704012865,NHPC,28,42,500,317.0,158500.0,2026-04-17,186867185,152,Shree Krishna Securities Ltd.,Sani Securities Company Ltd.,2026-04-17 13:31:44.842928,National Hydro Power Company Limited
2026041704012866,NHPC,28,14,500,317.0,158500.0,2026-04-17,186867187,152,Shree Krishna Securities Ltd.,Nepal Stock House (PVT) Ltd.,2026-04-17 13:31:44.842957,National Hydro Power Company Limited
2026041704012867,NHPC,28,58,50,317.0,15850.0,2026-04-17,186867189,152,Shree Krishna Securities Ltd.,Naasa Securities Co. Ltd.,2026-04-17 13:31:44.842987,National Hydro Power Company Limited
2026041704012868,NHPC,28,58,50,317.2,15860.0,2026-04-17,186867191,152,Shree Krishna Securities Ltd.,Naasa Securities Co. Ltd.,2026-04-17 13:31:44.843011,National Hydro Power Company Limited
2026041704012869,NHPC,28,41,100,318.0,31800.0,2026-04-17,186867193,152,Shree Krishna Securities Ltd.,Linch Stock Market Ltd.,2026-04-17 13:31:44.843041,National Hydro Power Company Limited
2026041704012870,NHPC,28,3,350,318.0,111300.0,2026-04-17,186867195,152,Shree Krishna Securities Ltd.,Arun Securities (PVT) Ltd.,2026-04-17 13:31:44.843070,National Hydro Power Company Limited
2026041704012871,NHPC,28,49,10,318.0,3180.0,2026-04-17,186867197,152,Shree Krishna Securities Ltd.,Online Securities Pvt. Ltd.,2026-04-17 13:31:44.843095,National Hydro Power Company Limited
2026041704012872,NHPC,28,58,1000,318.0,318000.0,2026-04-17,186867199,152,Shree Krishna Securities Ltd.,Naasa Securities Co. Ltd.,2026-04-17 13:31:44.843118,National Hydro Power Company Limited
2026041704012873,NHPC,28,57,500,318.0,159000.0,2026-04-17,186867201,152,Shree Krishna Securities Ltd.,Aryatara Investment & Securities,2026-04-17 13:31:44.843139,National Hydro Power Company Limited
2026041704012874,NHPC,28,45,40,318.0,12720.0,2026-04-17,186867203,152,Shree Krishna Securities Ltd.,Imperial Securities Company Pvt. Ltd.,2026-04-17 13:31:44.843160,National Hydro Power Company Limited
2026041704012875,NHPC,28,81,50,318.0,15900.0,2026-04-17,186867205,152,Shree Krishna Securities Ltd.,Aakashbhairab Securities Ltd.,2026-04-17 13:31:44.843180,National Hydro Power Company Limited
2026041704012876,NHPC,28,14,500,318.0,159000.0,2026-04-17,186867207,152,Shree Krishna Securities Ltd.,Nepal Stock House (PVT) Ltd.,2026-04-17 13:31:44.843203,National Hydro Power Company Limited
2026041704012877,NHPC,28,58,20,318.0,6360.0,2026-04-17,186867209,152,Shree Krishna Securities Ltd.,Naasa Securities Co. Ltd.,2026-04-17 13:31:44.843227,National Hydro Power Company Limited
2026041704012878,NHPC,28,57,46,318.0,14628.0,2026-04-17,186867211,152,Shree Krishna Securities Ltd.,Aryatara Investment & Securities,2026-04-17 13:31:44.843248,National Hydro Power Company Limited
2026041704012879,NHPC,28,45,200,318.0,63600.0,2026-04-17,186867213,152,Shree Krishna Securities Ltd.,Imperial Securities Company Pvt. Ltd.,2026-04-17 13:31:44.843278,National Hydro Power Company Limited
2026041704012880,NHPC,28,58,30,318.0,9540.0,2026-04-17,186867215,152,Shree Krishna Securities Ltd.,Naasa Securities Co. Ltd.,2026-04-17 13:31:44.843300,National Hydro Power Company Limited
2026041704012881,NHPC,28,17,1000,318.0,318000.0,2026-04-17,186867217,152,Shree Krishna Securities Ltd.,ABC Securities Private Limited,2026-04-17 13:31:44.843329,National Hydro Power Company Limited
2026041704012882,NHPC,28,44,250,318.0,79500.0,2026-04-17,186867219,152,Shree Krishna Securities Ltd.,Dynamic Money Managers Securities Pvt. Ltd.,2026-04-17 13:31:44.843358,National Hydro Power Company Limited
2026041704012883,NHPC,28,44,240,318.0,76320.0,2026-04-17,186867221,152,Shree Krishna Securities Ltd.,Dynamic Money Managers Securities Pvt. Ltd.,2026-04-17 13:31:44.843415,National Hydro Power Company Limited
2026041704012884,NHPC,28,41,534,318.1,169865.4,2026-04-17,186867224,152,Shree Krishna Securities Ltd.,Linch Stock Market Ltd.,2026-04-17 13:31:44.843459,National Hydro Power Company Limited
2026041704012908,NHPC,28,41,21,318.1,6680.1,2026-04-17,186867329,152,Shree Krishna Securities Ltd.,Linch Stock Market Ltd.,2026-04-17 13:31:54.372990,National Hydro Power Company Limited
2026041704012909,NHPC,28,58,70,318.1,22267.0,2026-04-17,186867331,152,Shree Krishna Securities Ltd.,Naasa Securities Co. Ltd.,2026-04-17 13:31:54.373050,National Hydro Power Company Limited
2026041704012910,NHPC,28,58,50,318.1,15905.0,2026-04-17,186867333,152,Shree Krishna Securities Ltd.,Naasa Securities Co. Ltd.,2026-04-17 13:31:54.373074,National Hydro Power Company Limited
2026041704012911,NHPC,28,74,100,318.2,31820.0,2026-04-17,186867335,152,Shree Krishna Securities Ltd.,KALASH STOCK MARKET PVT. LTD.,2026-04-17 13:31:54.373150,National Hydro Power Company Limited
2026041704012912,NHPC,28,56,1000,318.2,318200.0,2026-04-17,186867337,152,Shree Krishna Securities Ltd.,Sri Hari Securities Pvt. Ltd.,2026-04-17 13:31:54.373181,National Hydro Power Company Limited
2026041704012913,NHPC,28,58,5274,318.2,1678186.8,2026-04-17,186867339,152,Shree Krishna Securities Ltd.,Naasa Securities Co. Ltd.,2026-04-17 13:31:54.373215,National Hydro Power Company Limited
2026041704012914,NHPC,28,57,100,318.2,31820.0,2026-04-17,186867341,152,Shree Krishna Securities Ltd.,Aryatara Investment & Securities,2026-04-17 13:31:54.373252,National Hydro Power Company Limited
2026041704012915,NHPC,28,56,250,318.8,79700.0,2026-04-17,186867343,152,Shree Krishna Securities Ltd.,Sri Hari Securities Pvt. Ltd.,2026-04-17 13:31:54.373283,National Hydro Power Company Limited
2026041704012916,NHPC,28,25,100,319.0,31900.0,2026-04-17,186867345,152,Shree Krishna Securities Ltd.,Sweta Securities Private Limited,2026-04-17 13:31:54.373310,National Hydro Power Company Limited
2026041704012917,NHPC,28,57,35,319.0,11165.0,2026-04-17,186867348,152,Shree Krishna Securities Ltd.,Aryatara Investment & Securities,2026-04-17 13:31:54.373348,National Hydro Power Company Limited
2026041704012982,NHPC,85,57,15,319.0,4785.0,2026-04-17,186867921,152,Capital Hub P. Ltd,Aryatara Investment & Securities,2026-04-17 13:32:22.642902,National Hydro Power Company Limited
2026041704012983,NHPC,85,49,51,319.0,16269.0,2026-04-17,186867923,152,Capital Hub P. Ltd,Online Securities Pvt. Ltd.,2026-04-17 13:32:22.643681,National Hydro Power Company Limited
2026041704012984,NHPC,85,45,434,319.0,138446.0,2026-04-17,186867926,152,Capital Hub P. Ltd,Imperial Securities Company Pvt. Ltd.,2026-04-17 13:32:22.644120,National Hydro Power Company Limited
2026041704012985,NHPC,28,45,976,319.0,311344.0,2026-04-17,186867945,152,Shree Krishna Securities Ltd.,Imperial Securities Company Pvt. Ltd.,2026-04-17 13:32:23.131988,National Hydro Power Company Limited
2026041704012986,NHPC,28,40,2000,319.0,638000.0,2026-04-17,186867947,152,Shree Krishna Securities Ltd.,Creative Securities Pvt Ltd,2026-04-17 13:32:23.132067,National Hydro Power Company Limited
2026041704012987,NHPC,28,59,35,319.0,11165.0,2026-04-17,186867949,152,Shree Krishna Securities Ltd.,Deevyaa Securities & Stock House Pvt. Ltd,2026-04-17 13:32:23.132102,National Hydro Power Company Limited
2026041704012988,NHPC,28,62,1000,319.0,319000.0,2026-04-17,186867951,152,Shree Krishna Securities Ltd.,Capital Max Securities Ltd,2026-04-17 13:32:23.132156,National Hydro Power Company Limited
2026041704012989,NHPC,28,48,600,319.0,191400.0,2026-04-17,186867953,152,Shree Krishna Securities Ltd.,Trishakti Securities Public Limited,2026-04-17 13:32:23.132216,National Hydro Power Company Limited
2026041704012990,NHPC,28,74,389,319.0,124091.0,2026-04-17,186867956,152,Shree Krishna Securities Ltd.,KALASH STOCK MARKET PVT. LTD.,2026-04-17 13:32:23.132254,National Hydro Power Company Limited
2026041704012991,NHPC,46,74,60,319.0,19140.0,2026-04-17,186867964,152,Kalika Securities Pvt. Ltd.,KALASH STOCK MARKET PVT. LTD.,2026-04-17 13:32:24.102112,National Hydro Power Company Limited
2026041704012997,NHPC,94,74,750,319.0,239250.0,2026-04-17,186867988,152,K.B.L. Securities Limited ,KALASH STOCK MARKET PVT. LTD.,2026-04-17 13:32:24.440774,National Hydro Power Company Limited
2026041704013014,NHPC,38,77,500,318.9,159450.0,2026-04-17,186868232,152,Dipshikha Dhitopatra Karobar Co. Pvt Ltd.,Nabil Stock Dealer Ltd.,2026-04-17 13:32:43.810725,National Hydro Power Company Limited
2026041704013015,NHPC,58,45,66,317.7,20968.2,2026-04-17,186868283,152,Naasa Securities Co. Ltd.,Imperial Securities Company Pvt. Ltd.,2026-04-17 13:32:47.548944,National Hydro Power Company Limited
2026041704013027,NHPC,77,47,100,318.8,31880.0,2026-04-17,186868449,152,Nabil Stock Dealer Ltd.,Neev Securities Pvt. Ltd.,2026-04-17 13:32:56.583383,National Hydro Power Company Limited
2026041704013034,NHPC,64,77,40,318.9,12756.0,2026-04-17,186868510,152,SUN SECURITIES PVT LTD,Nabil Stock Dealer Ltd.,2026-04-17 13:32:59.587350,National Hydro Power Company Limited
2026041704013060,NHPC,60,77,300,318.9,95670.0,2026-04-17,186868718,152,Nagarik Stock Dealer ,Nabil Stock Dealer Ltd.,2026-04-17 13:33:15.015059,National Hydro Power Company Limited
2026041704013083,NHPC,34,77,2000,318.9,637800.0,2026-04-17,186869029,152,Vision Securities Pvt. Ltd,Nabil Stock Dealer Ltd.,2026-04-17 13:33:33.911754,National Hydro Power Company Limited
2026041704013084,NHPC,40,77,500,318.0,159000.0,2026-04-17,186869035,152,Creative Securities Pvt Ltd,Nabil Stock Dealer Ltd.,2026-04-17 13:33:34.023630,National Hydro Power Company Limited
2026041704013085,NHPC,45,77,160,318.0,50880.0,2026-04-17,186869037,152,Imperial Securities Company Pvt. Ltd.,Nabil Stock Dealer Ltd.,2026-04-17 13:33:34.025244,National Hydro Power Company Limited
2026041704013086,NHPC,21,77,500,317.9,158950.0,2026-04-17,186869039,152,Midas Stock Broking Company Private Limited,Nabil Stock Dealer Ltd.,2026-04-17 13:33:34.026573,National Hydro Power Company Limited
2026041704013087,NHPC,26,77,100,317.8,31780.0,2026-04-17,186869041,152,Asian Securities Private Ltd.,Nabil Stock Dealer Ltd.,2026-04-17 13:33:34.027854,National Hydro Power Company Limited
2026041704013088,NHPC,3,77,300,317.8,95340.0,2026-04-17,186869043,152,Arun Securities (PVT) Ltd.,Nabil Stock Dealer Ltd.,2026-04-17 13:33:34.029142,National Hydro Power Company Limited
2026041704013089,NHPC,58,77,744,317.7,236368.8,2026-04-17,186869045,152,Naasa Securities Co. Ltd.,Nabil Stock Dealer Ltd.,2026-04-17 13:33:34.030426,National Hydro Power Company Limited
2026041704013090,NHPC,26,77,100,317.6,31760.0,2026-04-17,186869047,152,Asian Securities Private Ltd.,Nabil Stock Dealer Ltd.,2026-04-17 13:33:34.031166,National Hydro Power Company Limited
2026041704013091,NHPC,71,77,1770,317.5,561975.0,2026-04-17,186869049,152,SHUBHAKAMANA SECURITIES PVT. LTD,Nabil Stock Dealer Ltd.,2026-04-17 13:33:34.031590,National Hydro Power Company Limited
2026041704013092,NHPC,28,77,100,317.3,31730.0,2026-04-17,186869051,152,Shree Krishna Securities Ltd.,Nabil Stock Dealer Ltd.,2026-04-17 13:33:34.032014,National Hydro Power Company Limited
2026041704013093,NHPC,26,77,100,317.1,31710.0,2026-04-17,186869053,152,Asian Securities Private Ltd.,Nabil Stock Dealer Ltd.,2026-04-17 13:33:34.032438,National Hydro Power Company Limited
2026041704013094,NHPC,64,77,626,317.0,198442.0,2026-04-17,186869054,152,SUN SECURITIES PVT LTD,Nabil Stock Dealer Ltd.,2026-04-17 13:33:34.032859,National Hydro Power Company Limited
2026041704013102,NHPC,26,77,100,318.9,31890.0,2026-04-17,186869080,152,Asian Securities Private Ltd.,Nabil Stock Dealer Ltd.,2026-04-17 13:33:35.494439,National Hydro Power Company Limited
2026041704013176,NHPC,58,77,1000,318.8,318800.0,2026-04-17,186869738,152,Naasa Securities Co. Ltd.,Nabil Stock Dealer Ltd.,2026-04-17 13:34:22.760237,National Hydro Power Company Limited
2026041704013183,NHPC,35,77,4000,318.8,1275200.0,2026-04-17,186869759,152,Kohinoor Investment & Securities Pvt. Ltd.,Nabil Stock Dealer Ltd.,2026-04-17 13:34:24.890831,National Hydro Power Company Limited
2026041704013203,NHPC,35,58,1000,318.8,318800.0,2026-04-17,186869894,152,Kohinoor Investment & Securities Pvt. Ltd.,Naasa Securities Co. Ltd.,2026-04-17 13:34:35.191460,National Hydro Power Company Limited
2026041704013204,NHPC,96,58,500,318.8,159400.0,2026-04-17,186869896,152,Himalayan Securities Limited,Naasa Securities Co. Ltd.,2026-04-17 13:34:35.193295,National Hydro Power Company Limited
2026041704013205,NHPC,68,58,170,318.0,54060.0,2026-04-17,186869898,152,Elite Stock House Limited,Naasa Securities Co. Ltd.,2026-04-17 13:34:35.195055,National Hydro Power Company Limited
2026041704013206,NHPC,42,58,300,318.0,95400.0,2026-04-17,186869900,152,Sani Securities Company Ltd.,Naasa Securities Co. Ltd.,2026-04-17 13:34:35.196662,National Hydro Power Company Limited
2026041704013207,NHPC,74,58,90,317.2,28548.0,2026-04-17,186869902,152,KALASH STOCK MARKET PVT. LTD.,Naasa Securities Co. Ltd.,2026-04-17 13:34:35.198377,National Hydro Power Company Limited
2026041704013208,NHPC,39,58,1000,317.2,317200.0,2026-04-17,186869904,152,Sumeru Securities Pvt. Ltd.,Naasa Securities Co. Ltd.,2026-04-17 13:34:35.199141,National Hydro Power Company Limited
2026041704013209,NHPC,26,58,100,317.1,31710.0,2026-04-17,186869906,152,Asian Securities Private Ltd.,Naasa Securities Co. Ltd.,2026-04-17 13:34:35.199689,National Hydro Power Company Limited
2026041704013210,NHPC,22,58,3000,317.1,951300.0,2026-04-17,186869908,152,Siprabi Securities Pvt. Ltd.,Naasa Securities Co. Ltd.,2026-04-17 13:34:35.200297,National Hydro Power Company Limited
2026041704013211,NHPC,64,58,1374,317.0,435558.0,2026-04-17,186869910,152,SUN SECURITIES PVT LTD,Naasa Securities Co. Ltd.,2026-04-17 13:34:35.200907,National Hydro Power Company Limited
2026041704013245,NHPC,19,58,100,317.0,31700.0,2026-04-17,186870032,152,Nepal Investment And Securities Trading Private Limited,Naasa Securities Co. Ltd.,2026-04-17 13:34:41.870850,National Hydro Power Company Limited
2026041704013275,NHPC,58,58,500,317.0,158500.0,2026-04-17,186870188,152,Naasa Securities Co. Ltd.,Naasa Securities Co. Ltd.,2026-04-17 13:34:48.684130,National Hydro Power Company Limited
2026041704013276,NHPC,77,3,5,314.1,1570.5,2026-04-17,186870201,152,Nabil Stock Dealer Ltd.,Arun Securities (PVT) Ltd.,2026-04-17 13:34:52.741109,National Hydro Power Company Limited
2026041704013284,NHPC,58,58,35,317.0,11095.0,2026-04-17,186870282,152,Naasa Securities Co. Ltd.,Naasa Securities Co. Ltd.,2026-04-17 13:34:56.673893,National Hydro Power Company Limited
2026041704013288,NHPC,21,58,131,317.0,41527.0,2026-04-17,186870301,152,Midas Stock Broking Company Private Limited,Naasa Securities Co. Ltd.,2026-04-17 13:34:59.047109,National Hydro Power Company Limited
2026041704013364,NHPC,21,64,300,317.2,95160.0,2026-04-17,186870860,152,Midas Stock Broking Company Private Limited,SUN SECURITIES PVT LTD,2026-04-17 13:35:51.169655,National Hydro Power Company Limited
2026041704013365,NHPC,22,64,35,317.2,11102.0,2026-04-17,186870862,152,Siprabi Securities Pvt. Ltd.,SUN SECURITIES PVT LTD,2026-04-17 13:35:51.171413,National Hydro Power Company Limited
2026041704013366,NHPC,26,64,166,317.1,52638.6,2026-04-17,186870864,152,Asian Securities Private Ltd.,SUN SECURITIES PVT LTD,2026-04-17 13:35:51.172727,National Hydro Power Company Limited
2026041704013367,NHPC,21,64,629,317.0,199393.0,2026-04-17,186870866,152,Midas Stock Broking Company Private Limited,SUN SECURITIES PVT LTD,2026-04-17 13:35:51.174035,National Hydro Power Company Limited
2026041704013368,NHPC,60,64,50,317.0,15850.0,2026-04-17,186870868,152,Nagarik Stock Dealer ,SUN SECURITIES PVT LTD,2026-04-17 13:35:51.175333,National Hydro Power Company Limited
2026041704013369,NHPC,42,64,22,316.5,6963.0,2026-04-17,186870869,152,Sani Securities Company Ltd.,SUN SECURITIES PVT LTD,2026-04-17 13:35:51.176625,National Hydro Power Company Limited
2026041704013407,NHPC,36,34,23,317.2,7295.6,2026-04-17,186871076,152,Secured Securities Ltd.,Vision Securities Pvt. Ltd,2026-04-17 13:36:15.970708,National Hydro Power Company Limited
2026041704013408,NHPC,58,34,477,317.0,151209.0,2026-04-17,186871077,152,Naasa Securities Co. Ltd.,Vision Securities Pvt. Ltd,2026-04-17 13:36:15.972352,National Hydro Power Company Limited
2026041704013417,NHPC,22,74,500,318.4,159200.0,2026-04-17,186871205,152,Siprabi Securities Pvt. Ltd.,KALASH STOCK MARKET PVT. LTD.,2026-04-17 13:36:28.071968,National Hydro Power Company Limited
2026041704013418,NHPC,22,34,500,318.5,159250.0,2026-04-17,186871208,152,Siprabi Securities Pvt. Ltd.,Vision Securities Pvt. Ltd,2026-04-17 13:36:28.072774,National Hydro Power Company Limited
2026041704013420,NHPC,100,34,10,318.5,3185.0,2026-04-17,186871214,152,Sunrise Securities Limited,Vision Securities Pvt. Ltd,2026-04-17 13:36:29.146200,National Hydro Power Company Limited
2026041704013498,NHPC,8,42,100,318.0,31800.0,2026-04-17,186871758,152,Brilliant Securities Pvt. Ltd.,Sani Securities Company Ltd.,2026-04-17 13:37:24.037072,National Hydro Power Company Limited
2026041704013540,NHPC,17,42,100,318.0,31800.0,2026-04-17,186872032,152,ABC Securities Private Limited,Sani Securities Company Ltd.,2026-04-17 13:37:45.308619,National Hydro Power Company Limited
2026041704013554,NHPC,87,34,917,317.3,290964.1,2026-04-17,186872100,152,S.P.S.A. Securities Limited,Vision Securities Pvt. Ltd,2026-04-17 13:37:48.496790,National Hydro Power Company Limited
2026041704013555,NHPC,60,34,250,317.2,79300.0,2026-04-17,186872102,152,Nagarik Stock Dealer ,Vision Securities Pvt. Ltd,2026-04-17 13:37:48.498477,National Hydro Power Company Limited
2026041704013556,NHPC,36,34,333,317.2,105627.6,2026-04-17,186872103,152,Secured Securities Ltd.,Vision Securities Pvt. Ltd,2026-04-17 13:37:48.499750,National Hydro Power Company Limited
2026041704013585,NHPC,64,42,50,318.0,15900.0,2026-04-17,186872194,152,SUN SECURITIES PVT LTD,Sani Securities Company Ltd.,2026-04-17 13:37:56.233031,National Hydro Power Company Limited
2026041704013621,NHPC,46,42,640,318.0,203520.0,2026-04-17,186872422,152,Kalika Securities Pvt. Ltd.,Sani Securities Company Ltd.,2026-04-17 13:38:13.005688,National Hydro Power Company Limited
2026041704013629,NHPC,36,56,967,317.9,307409.3,2026-04-17,186872536,152,Secured Securities Ltd.,Sri Hari Securities Pvt. Ltd.,2026-04-17 13:38:21.395579,National Hydro Power Company Limited
2026041704013631,NHPC,38,34,490,317.5,155575.0,2026-04-17,186872557,152,Dipshikha Dhitopatra Karobar Co. Pvt Ltd.,Vision Securities Pvt. Ltd,2026-04-17 13:38:24.273542,National Hydro Power Company Limited
2026041704013660,NHPC,22,56,115,317.9,36558.5,2026-04-17,186872630,152,Siprabi Securities Pvt. Ltd.,Sri Hari Securities Pvt. Ltd.,2026-04-17 13:38:28.350108,National Hydro Power Company Limited
2026041704013687,NHPC,5,56,100,317.9,31790.0,2026-04-17,186872700,152,Market Securities & Exchange (PVT) Ltd.,Sri Hari Securities Pvt. Ltd.,2026-04-17 13:38:32.120113,National Hydro Power Company Limited
2026041704013696,NHPC,38,58,10,317.5,3175.0,2026-04-17,186872762,152,Dipshikha Dhitopatra Karobar Co. Pvt Ltd.,Naasa Securities Co. Ltd.,2026-04-17 13:38:39.973615,National Hydro Power Company Limited
2026041704013697,NHPC,28,58,100,317.5,31750.0,2026-04-17,186872764,152,Shree Krishna Securities Ltd.,Naasa Securities Co. Ltd.,2026-04-17 13:38:39.974491,National Hydro Power Company Limited
2026041704013698,NHPC,21,58,971,317.4,308195.4,2026-04-17,186872765,152,Midas Stock Broking Company Private Limited,Naasa Securities Co. Ltd.,2026-04-17 13:38:39.974998,National Hydro Power Company Limited
2026041704013723,NHPC,63,66,600,317.8,190680.0,2026-04-17,186872860,152,Himalayan Brokerage Company Limited,Miyo Securities Pvt Ltd,2026-04-17 13:38:44.470683,National Hydro Power Company Limited
2026041704013724,NHPC,36,66,30,317.8,9534.0,2026-04-17,186872880,152,Secured Securities Ltd.,Miyo Securities Pvt Ltd,2026-04-17 13:38:46.610380,National Hydro Power Company Limited
2026041704013725,NHPC,16,66,1060,317.8,336868.0,2026-04-17,186872897,152,Primo Securities (PVT) Ltd.,Miyo Securities Pvt Ltd,2026-04-17 13:38:47.317156,National Hydro Power Company Limited
2026041704013726,NHPC,16,56,318,317.9,101092.2,2026-04-17,186872899,152,Primo Securities (PVT) Ltd.,Sri Hari Securities Pvt. Ltd.,2026-04-17 13:38:47.318809,National Hydro Power Company Limited
2026041704013727,NHPC,16,42,1622,318.0,515796.0,2026-04-17,186872902,152,Primo Securities (PVT) Ltd.,Sani Securities Company Ltd.,2026-04-17 13:38:47.320081,National Hydro Power Company Limited
2026041704013746,NHPC,29,36,40,317.5,12700.0,2026-04-17,186873138,152,Trisul Securities & Invt. Ltd.,Secured Securities Ltd.,2026-04-17 13:39:04.648665,National Hydro Power Company Limited
2026041704013747,NHPC,21,36,29,317.4,9204.6,2026-04-17,186873140,152,Midas Stock Broking Company Private Limited,Secured Securities Ltd.,2026-04-17 13:39:04.649466,National Hydro Power Company Limited
2026041704013748,NHPC,58,36,250,317.4,79350.0,2026-04-17,186873142,152,Naasa Securities Co. Ltd.,Secured Securities Ltd.,2026-04-17 13:39:04.650181,National Hydro Power Company Limited
2026041704013761,NHPC,86,36,181,317.4,57449.4,2026-04-17,186873223,152,Stoxkarts Securities Limited,Secured Securities Ltd.,2026-04-17 13:39:13.490513,National Hydro Power Company Limited
2026041704013762,NHPC,86,77,510,317.9,162129.0,2026-04-17,186873226,152,Stoxkarts Securities Limited,Nabil Stock Dealer Ltd.,2026-04-17 13:39:13.491347,National Hydro Power Company Limited
2026041704013765,NHPC,70,77,250,317.9,79475.0,2026-04-17,186873246,152,Infinity Securities Limited,Nabil Stock Dealer Ltd.,2026-04-17 13:39:16.912047,National Hydro Power Company Limited
2026041704013786,NHPC,66,77,2240,317.9,712096.0,2026-04-17,186873379,152,Miyo Securities Pvt Ltd,Nabil Stock Dealer Ltd.,2026-04-17 13:39:30.382801,National Hydro Power Company Limited
2026041704013787,NHPC,66,42,760,318.0,241680.0,2026-04-17,186873382,152,Miyo Securities Pvt Ltd,Sani Securities Company Ltd.,2026-04-17 13:39:30.384487,National Hydro Power Company Limited
2026041704013830,NHPC,26,58,30,317.8,9534.0,2026-04-17,186873622,152,Asian Securities Private Ltd.,Naasa Securities Co. Ltd.,2026-04-17 13:39:50.544265,National Hydro Power Company Limited
2026041704013838,NHPC,58,42,1000,318.0,318000.0,2026-04-17,186873746,152,Naasa Securities Co. Ltd.,Sani Securities Company Ltd.,2026-04-17 13:40:00.599971,National Hydro Power Company Limited
2026041704013840,NHPC,58,34,200,317.8,63560.0,2026-04-17,186873764,152,Naasa Securities Co. Ltd.,Vision Securities Pvt. Ltd,2026-04-17 13:40:02.199674,National Hydro Power Company Limited
2026041704013841,NHPC,52,34,1285,317.5,407987.5,2026-04-17,186873766,152,Sundhara Securities Limited,Vision Securities Pvt. Ltd,2026-04-17 13:40:02.199715,National Hydro Power Company Limited
2026041704013842,NHPC,58,34,250,317.5,79375.0,2026-04-17,186873768,152,Naasa Securities Co. Ltd.,Vision Securities Pvt. Ltd,2026-04-17 13:40:02.199748,National Hydro Power Company Limited
2026041704013843,NHPC,57,34,265,317.5,84137.5,2026-04-17,186873769,152,Aryatara Investment & Securities,Vision Securities Pvt. Ltd,2026-04-17 13:40:02.199778,National Hydro Power Company Limited
2026041704013864,NHPC,8,42,70,318.0,22260.0,2026-04-17,186873970,152,Brilliant Securities Pvt. Ltd.,Sani Securities Company Ltd.,2026-04-17 13:40:17.136040,National Hydro Power Company Limited
2026041704013877,NHPC,58,42,50,318.0,15900.0,2026-04-17,186874092,152,Naasa Securities Co. Ltd.,Sani Securities Company Ltd.,2026-04-17 13:40:32.008397,National Hydro Power Company Limited
2026041704013878,NHPC,101,42,1000,318.0,318000.0,2026-04-17,186874104,152,APPLE SECURITIES PRIVATE LIMITED,Sani Securities Company Ltd.,2026-04-17 13:40:33.102501,National Hydro Power Company Limited
2026041704013890,NHPC,66,42,20,318.0,6360.0,2026-04-17,186874198,152,Miyo Securities Pvt Ltd,Sani Securities Company Ltd.,2026-04-17 13:40:46.212578,National Hydro Power Company Limited
2026041704013905,NHPC,38,48,1000,317.6,317600.0,2026-04-17,186874365,152,Dipshikha Dhitopatra Karobar Co. Pvt Ltd.,Trishakti Securities Public Limited,2026-04-17 13:41:01.321229,National Hydro Power Company Limited
2026041704013916,NHPC,44,42,30,318.0,9540.0,2026-04-17,186874430,152,Dynamic Money Managers Securities Pvt. Ltd.,Sani Securities Company Ltd.,2026-04-17 13:41:06.787592,National Hydro Power Company Limited
2026041704013918,NHPC,91,5,1,312.0,312.0,2026-04-17,186874439,152,Citizens Share Broker Limited,Market Securities & Exchange (PVT) Ltd.,2026-04-17 13:41:06.918586,National Hydro Power Company Limited
2026041704013924,NHPC,92,42,1550,318.0,492900.0,2026-04-17,186874478,152,Roadshow securities limited,Sani Securities Company Ltd.,2026-04-17 13:41:10.628565,National Hydro Power Company Limited
2026041704013936,NHPC,57,42,205,318.0,65190.0,2026-04-17,186874580,152,Aryatara Investment & Securities,Sani Securities Company Ltd.,2026-04-17 13:41:23.926707,National Hydro Power Company Limited
2026041704013943,NHPC,38,21,500,317.6,158800.0,2026-04-17,186874630,152,Dipshikha Dhitopatra Karobar Co. Pvt Ltd.,Midas Stock Broking Company Private Limited,2026-04-17 13:41:28.603748,National Hydro Power Company Limited
2026041704013944,NHPC,70,21,406,317.5,128905.0,2026-04-17,186874632,152,Infinity Securities Limited,Midas Stock Broking Company Private Limited,2026-04-17 13:41:28.603848,National Hydro Power Company Limited
2026041704013945,NHPC,26,21,94,317.4,29835.6,2026-04-17,186874633,152,Asian Securities Private Ltd.,Midas Stock Broking Company Private Limited,2026-04-17 13:41:28.603941,National Hydro Power Company Limited
2026041704013955,NHPC,26,59,106,317.4,33644.4,2026-04-17,186874660,152,Asian Securities Private Ltd.,Deevyaa Securities & Stock House Pvt. Ltd,2026-04-17 13:41:29.051961,National Hydro Power Company Limited
2026041704013956,NHPC,48,59,300,317.3,95190.0,2026-04-17,186874662,152,Trishakti Securities Public Limited,Deevyaa Securities & Stock House Pvt. Ltd,2026-04-17 13:41:29.052081,National Hydro Power Company Limited
2026041704013957,NHPC,58,59,94,317.3,29826.2,2026-04-17,186874663,152,Naasa Securities Co. Ltd.,Deevyaa Securities & Stock House Pvt. Ltd,2026-04-17 13:41:29.052158,National Hydro Power Company Limited
2026041704013972,NHPC,58,5,200,317.3,63460.0,2026-04-17,186874711,152,Naasa Securities Co. Ltd.,Market Securities & Exchange (PVT) Ltd.,2026-04-17 13:41:34.504544,National Hydro Power Company Limited
2026041704013973,NHPC,49,42,300,318.0,95400.0,2026-04-17,186874720,152,Online Securities Pvt. Ltd.,Sani Securities Company Ltd.,2026-04-17 13:41:35.496346,National Hydro Power Company Limited
2026041704014002,NHPC,58,72,206,317.3,65363.8,2026-04-17,186874890,152,Naasa Securities Co. Ltd.,Hatemalo Financial Services Private Limited,2026-04-17 13:41:48.581387,National Hydro Power Company Limited
2026041704014003,NHPC,14,72,500,317.2,158600.0,2026-04-17,186874892,152,Nepal Stock House (PVT) Ltd.,Hatemalo Financial Services Private Limited,2026-04-17 13:41:48.582242,National Hydro Power Company Limited
2026041704014004,NHPC,5,72,100,317.1,31710.0,2026-04-17,186874894,152,Market Securities & Exchange (PVT) Ltd.,Hatemalo Financial Services Private Limited,2026-04-17 13:41:48.582770,National Hydro Power Company Limited
2026041704014005,NHPC,62,72,1500,317.1,475650.0,2026-04-17,186874896,152,Capital Max Securities Ltd,Hatemalo Financial Services Private Limited,2026-04-17 13:41:48.583231,National Hydro Power Company Limited
2026041704014006,NHPC,58,72,23,317.0,7291.0,2026-04-17,186874898,152,Naasa Securities Co. Ltd.,Hatemalo Financial Services Private Limited,2026-04-17 13:41:48.583772,National Hydro Power Company Limited
2026041704014007,NHPC,45,72,20,317.0,6340.0,2026-04-17,186874900,152,Imperial Securities Company Pvt. Ltd.,Hatemalo Financial Services Private Limited,2026-04-17 13:41:48.584239,National Hydro Power Company Limited
2026041704014008,NHPC,45,72,200,317.0,63400.0,2026-04-17,186874902,152,Imperial Securities Company Pvt. Ltd.,Hatemalo Financial Services Private Limited,2026-04-17 13:41:48.584758,National Hydro Power Company Limited
2026041704014009,NHPC,17,72,100,317.0,31700.0,2026-04-17,186874904,152,ABC Securities Private Limited,Hatemalo Financial Services Private Limited,2026-04-17 13:41:48.585260,National Hydro Power Company Limited
2026041704014010,NHPC,6,72,500,317.0,158500.0,2026-04-17,186874906,152,Agrawal Securities (PVT) Ltd.,Hatemalo Financial Services Private Limited,2026-04-17 13:41:48.585740,National Hydro Power Company Limited
2026041704014011,NHPC,45,72,200,317.0,63400.0,2026-04-17,186874908,152,Imperial Securities Company Pvt. Ltd.,Hatemalo Financial Services Private Limited,2026-04-17 13:41:48.586169,National Hydro Power Company Limited
2026041704014013,NHPC,85,72,400,317.0,126800.0,2026-04-17,186874916,152,Capital Hub P. Ltd,Hatemalo Financial Services Private Limited,2026-04-17 13:41:49.434055,National Hydro Power Company Limited
2026041704014030,NHPC,47,62,200,316.0,63200.0,2026-04-17,186875002,152,Neev Securities Pvt. Ltd.,Capital Max Securities Ltd,2026-04-17 13:41:56.784529,National Hydro Power Company Limited
2026041704014031,NHPC,42,62,300,316.0,94800.0,2026-04-17,186875003,152,Sani Securities Company Ltd.,Capital Max Securities Ltd,2026-04-17 13:41:56.784648,National Hydro Power Company Limited
2026041704014041,NHPC,18,72,251,317.0,79567.0,2026-04-17,186875039,152,Sagarmatha Securities Private Limited,Hatemalo Financial Services Private Limited,2026-04-17 13:41:58.949961,National Hydro Power Company Limited
2026041704014042,NHPC,18,42,1049,318.0,333582.0,2026-04-17,186875042,152,Sagarmatha Securities Private Limited,Sani Securities Company Ltd.,2026-04-17 13:41:58.950115,National Hydro Power Company Limited
2026041704014043,NHPC,42,64,200,316.0,63200.0,2026-04-17,186875070,152,Sani Securities Company Ltd.,SUN SECURITIES PVT LTD,2026-04-17 13:42:00.838398,National Hydro Power Company Limited
2026041704014044,NHPC,60,64,500,315.2,157600.0,2026-04-17,186875072,152,Nagarik Stock Dealer ,SUN SECURITIES PVT LTD,2026-04-17 13:42:00.839183,National Hydro Power Company Limited
2026041704014045,NHPC,58,64,1000,315.2,315200.0,2026-04-17,186875074,152,Naasa Securities Co. Ltd.,SUN SECURITIES PVT LTD,2026-04-17 13:42:00.839608,National Hydro Power Company Limited
2026041704014046,NHPC,85,64,1000,315.1,315100.0,2026-04-17,186875076,152,Capital Hub P. Ltd,SUN SECURITIES PVT LTD,2026-04-17 13:42:00.840017,National Hydro Power Company Limited
2026041704014047,NHPC,58,64,1000,315.1,315100.0,2026-04-17,186875078,152,Naasa Securities Co. Ltd.,SUN SECURITIES PVT LTD,2026-04-17 13:42:00.840428,National Hydro Power Company Limited
2026041704014048,NHPC,44,64,655,315.1,206390.5,2026-04-17,186875080,152,Dynamic Money Managers Securities Pvt. Ltd.,SUN SECURITIES PVT LTD,2026-04-17 13:42:00.840834,National Hydro Power Company Limited
2026041704014049,NHPC,56,64,38,315.0,11970.0,2026-04-17,186875082,152,Sri Hari Securities Pvt. Ltd.,SUN SECURITIES PVT LTD,2026-04-17 13:42:00.841249,National Hydro Power Company Limited
2026041704014050,NHPC,56,64,1500,315.0,472500.0,2026-04-17,186875084,152,Sri Hari Securities Pvt. Ltd.,SUN SECURITIES PVT LTD,2026-04-17 13:42:00.841659,National Hydro Power Company Limited
2026041704014051,NHPC,56,64,174,315.0,54810.0,2026-04-17,186875086,152,Sri Hari Securities Pvt. Ltd.,SUN SECURITIES PVT LTD,2026-04-17 13:42:00.842059,National Hydro Power Company Limited
2026041704014052,NHPC,86,64,600,315.0,189000.0,2026-04-17,186875088,152,Stoxkarts Securities Limited,SUN SECURITIES PVT LTD,2026-04-17 13:42:00.842477,National Hydro Power Company Limited
2026041704014053,NHPC,81,64,50,315.0,15750.0,2026-04-17,186875090,152,Aakashbhairab Securities Ltd.,SUN SECURITIES PVT LTD,2026-04-17 13:42:00.842892,National Hydro Power Company Limited
2026041704014054,NHPC,34,64,3000,315.0,945000.0,2026-04-17,186875092,152,Vision Securities Pvt. Ltd,SUN SECURITIES PVT LTD,2026-04-17 13:42:00.843296,National Hydro Power Company Limited
2026041704014055,NHPC,45,64,50,315.0,15750.0,2026-04-17,186875094,152,Imperial Securities Company Pvt. Ltd.,SUN SECURITIES PVT LTD,2026-04-17 13:42:00.843708,National Hydro Power Company Limited
2026041704014056,NHPC,41,64,90,315.0,28350.0,2026-04-17,186875096,152,Linch Stock Market Ltd.,SUN SECURITIES PVT LTD,2026-04-17 13:42:00.844115,National Hydro Power Company Limited
2026041704014057,NHPC,101,64,2000,315.0,630000.0,2026-04-17,186875098,152,APPLE SECURITIES PRIVATE LIMITED,SUN SECURITIES PVT LTD,2026-04-17 13:42:00.844522,National Hydro Power Company Limited
2026041704014058,NHPC,58,64,368,315.0,115920.0,2026-04-17,186875100,152,Naasa Securities Co. Ltd.,SUN SECURITIES PVT LTD,2026-04-17 13:42:00.844921,National Hydro Power Company Limited
2026041704014059,NHPC,17,64,450,315.0,141750.0,2026-04-17,186875102,152,ABC Securities Private Limited,SUN SECURITIES PVT LTD,2026-04-17 13:42:00.845327,National Hydro Power Company Limited
2026041704014060,NHPC,74,64,5000,315.0,1575000.0,2026-04-17,186875104,152,KALASH STOCK MARKET PVT. LTD.,SUN SECURITIES PVT LTD,2026-04-17 13:42:00.845732,National Hydro Power Company Limited
2026041704014061,NHPC,58,64,2000,315.0,630000.0,2026-04-17,186875106,152,Naasa Securities Co. Ltd.,SUN SECURITIES PVT LTD,2026-04-17 13:42:00.846133,National Hydro Power Company Limited
2026041704014062,NHPC,60,64,285,315.0,89775.0,2026-04-17,186875108,152,Nagarik Stock Dealer ,SUN SECURITIES PVT LTD,2026-04-17 13:42:00.846546,National Hydro Power Company Limited
2026041704014063,NHPC,57,64,1000,315.0,315000.0,2026-04-17,186875110,152,Aryatara Investment & Securities,SUN SECURITIES PVT LTD,2026-04-17 13:42:00.846948,National Hydro Power Company Limited
2026041704014064,NHPC,34,64,9040,315.0,2847600.0,2026-04-17,186875111,152,Vision Securities Pvt. Ltd,SUN SECURITIES PVT LTD,2026-04-17 13:42:00.847351,National Hydro Power Company Limited
2026041704014080,NHPC,21,48,250,317.0,79250.0,2026-04-17,186875246,152,Midas Stock Broking Company Private Limited,Trishakti Securities Public Limited,2026-04-17 13:42:13.193531,National Hydro Power Company Limited
2026041704014081,NHPC,80,48,2000,316.0,632000.0,2026-04-17,186875248,152,Indira securities pvt. ltd,Trishakti Securities Public Limited,2026-04-17 13:42:13.195242,National Hydro Power Company Limited
2026041704014083,NHPC,21,48,1000,316.0,316000.0,2026-04-17,186875289,152,Midas Stock Broking Company Private Limited,Trishakti Securities Public Limited,2026-04-17 13:42:16.724843,National Hydro Power Company Limited
2026041704014084,NHPC,21,5,200,317.8,63560.0,2026-04-17,186875291,152,Midas Stock Broking Company Private Limited,Market Securities & Exchange (PVT) Ltd.,2026-04-17 13:42:16.726464,National Hydro Power Company Limited
2026041704014085,NHPC,21,42,300,318.0,95400.0,2026-04-17,186875294,152,Midas Stock Broking Company Private Limited,Sani Securities Company Ltd.,2026-04-17 13:42:16.727727,National Hydro Power Company Limited
2026041704014115,NHPC,21,35,990,317.9,314721.0,2026-04-17,186875487,152,Midas Stock Broking Company Private Limited,Kohinoor Investment & Securities Pvt. Ltd.,2026-04-17 13:42:34.373252,National Hydro Power Company Limited
2026041704014116,NHPC,21,42,510,318.0,162180.0,2026-04-17,186875490,152,Midas Stock Broking Company Private Limited,Sani Securities Company Ltd.,2026-04-17 13:42:34.374056,National Hydro Power Company Limited
2026041704014142,NHPC,77,42,644,318.0,204792.0,2026-04-17,186875611,152,Nabil Stock Dealer Ltd.,Sani Securities Company Ltd.,2026-04-17 13:42:45.642718,National Hydro Power Company Limited
2026041704014143,NHPC,77,45,300,318.0,95400.0,2026-04-17,186875613,152,Nabil Stock Dealer Ltd.,Imperial Securities Company Pvt. Ltd.,2026-04-17 13:42:45.643531,National Hydro Power Company Limited
2026041704014144,NHPC,77,38,130,318.0,41340.0,2026-04-17,186875615,152,Nabil Stock Dealer Ltd.,Dipshikha Dhitopatra Karobar Co. Pvt Ltd.,2026-04-17 13:42:45.644036,National Hydro Power Company Limited
2026041704014145,NHPC,77,77,2000,318.0,636000.0,2026-04-17,186875617,152,Nabil Stock Dealer Ltd.,Nabil Stock Dealer Ltd.,2026-04-17 13:42:45.644497,National Hydro Power Company Limited
2026041704014146,NHPC,77,38,5000,318.0,1590000.0,2026-04-17,186875619,152,Nabil Stock Dealer Ltd.,Dipshikha Dhitopatra Karobar Co. Pvt Ltd.,2026-04-17 13:42:45.644942,National Hydro Power Company Limited
2026041704014147,NHPC,77,21,1000,318.0,318000.0,2026-04-17,186875621,152,Nabil Stock Dealer Ltd.,Midas Stock Broking Company Private Limited,2026-04-17 13:42:45.645416,National Hydro Power Company Limited
2026041704014148,NHPC,77,21,1000,318.0,318000.0,2026-04-17,186875623,152,Nabil Stock Dealer Ltd.,Midas Stock Broking Company Private Limited,2026-04-17 13:42:45.645873,National Hydro Power Company Limited
2026041704014167,NHPC,77,62,1500,318.0,477000.0,2026-04-17,186875717,152,Nabil Stock Dealer Ltd.,Capital Max Securities Ltd,2026-04-17 13:42:59.404065,National Hydro Power Company Limited
2026041704014169,NHPC,77,92,3000,318.0,954000.0,2026-04-17,186875725,152,Nabil Stock Dealer Ltd.,Roadshow securities limited,2026-04-17 13:43:01.775847,National Hydro Power Company Limited
2026041704014173,NHPC,36,77,47,318.6,14974.2,2026-04-17,186875770,152,Secured Securities Ltd.,Nabil Stock Dealer Ltd.,2026-04-17 13:43:08.459646,National Hydro Power Company Limited
2026041704014187,NHPC,77,21,426,318.0,135468.0,2026-04-17,186875826,152,Nabil Stock Dealer Ltd.,Midas Stock Broking Company Private Limited,2026-04-17 13:43:12.440617,National Hydro Power Company Limited
2026041704014188,NHPC,45,59,500,317.0,158500.0,2026-04-17,186875829,152,Imperial Securities Company Pvt. Ltd.,Deevyaa Securities & Stock House Pvt. Ltd,2026-04-17 13:43:13.499496,National Hydro Power Company Limited
2026041704014195,NHPC,14,21,75,318.0,23850.0,2026-04-17,186875882,152,Nepal Stock House (PVT) Ltd.,Midas Stock Broking Company Private Limited,2026-04-17 13:43:19.493910,National Hydro Power Company Limited
2026041704014202,NHPC,25,21,499,318.0,158682.0,2026-04-17,186875923,152,Sweta Securities Private Limited,Midas Stock Broking Company Private Limited,2026-04-17 13:43:22.716668,National Hydro Power Company Limited
2026041704014203,NHPC,25,32,500,318.0,159000.0,2026-04-17,186875925,152,Sweta Securities Private Limited,Premier Securities Company Ltd.,2026-04-17 13:43:22.717423,National Hydro Power Company Limited
2026041704014204,NHPC,25,77,2001,318.0,636318.0,2026-04-17,186875928,152,Sweta Securities Private Limited,Nabil Stock Dealer Ltd.,2026-04-17 13:43:22.717844,National Hydro Power Company Limited
2026041704014245,NHPC,26,91,100,316.1,31610.0,2026-04-17,186876194,152,Asian Securities Private Ltd.,Citizens Share Broker Limited,2026-04-17 13:43:36.656242,National Hydro Power Company Limited
2026041704014246,NHPC,49,91,300,316.0,94800.0,2026-04-17,186876196,152,Online Securities Pvt. Ltd.,Citizens Share Broker Limited,2026-04-17 13:43:36.656331,National Hydro Power Company Limited
2026041704014247,NHPC,57,91,1000,315.2,315200.0,2026-04-17,186876200,152,Aryatara Investment & Securities,Citizens Share Broker Limited,2026-04-17 13:43:36.656376,National Hydro Power Company Limited
2026041704014248,NHPC,34,91,1000,315.1,315100.0,2026-04-17,186876202,152,Vision Securities Pvt. Ltd,Citizens Share Broker Limited,2026-04-17 13:43:36.656401,National Hydro Power Company Limited
2026041704014249,NHPC,34,91,960,315.0,302400.0,2026-04-17,186876204,152,Vision Securities Pvt. Ltd,Citizens Share Broker Limited,2026-04-17 13:43:36.656424,National Hydro Power Company Limited
2026041704014250,NHPC,57,91,100,315.0,31500.0,2026-04-17,186876206,152,Aryatara Investment & Securities,Citizens Share Broker Limited,2026-04-17 13:43:36.656445,National Hydro Power Company Limited
2026041704014251,NHPC,11,91,500,315.0,157500.0,2026-04-17,186876208,152,Malla & Malla Stock Broking Company Pvt. Limited,Citizens Share Broker Limited,2026-04-17 13:43:36.656467,National Hydro Power Company Limited
2026041704014252,NHPC,58,91,500,315.0,157500.0,2026-04-17,186876210,152,Naasa Securities Co. Ltd.,Citizens Share Broker Limited,2026-04-17 13:43:36.656506,National Hydro Power Company Limited
2026041704014253,NHPC,52,91,495,315.0,155925.0,2026-04-17,186876212,152,Sundhara Securities Limited,Citizens Share Broker Limited,2026-04-17 13:43:36.656526,National Hydro Power Company Limited
2026041704014254,NHPC,58,91,50,315.0,15750.0,2026-04-17,186876214,152,Naasa Securities Co. Ltd.,Citizens Share Broker Limited,2026-04-17 13:43:36.656585,National Hydro Power Company Limited
2026041704014255,NHPC,52,91,1295,315.0,407925.0,2026-04-17,186876215,152,Sundhara Securities Limited,Citizens Share Broker Limited,2026-04-17 13:43:36.656641,National Hydro Power Company Limited
2026041704014308,NHPC,18,74,500,317.9,158950.0,2026-04-17,186876383,152,Sagarmatha Securities Private Limited,KALASH STOCK MARKET PVT. LTD.,2026-04-17 13:43:46.062820,National Hydro Power Company Limited
2026041704014309,NHPC,18,77,200,318.0,63600.0,2026-04-17,186876386,152,Sagarmatha Securities Private Limited,Nabil Stock Dealer Ltd.,2026-04-17 13:43:46.062976,National Hydro Power Company Limited
2026041704014325,NHPC,61,14,100,317.0,31700.0,2026-04-17,186876474,152,BHOLE GANESH SECURITIES LTD,Nepal Stock House (PVT) Ltd.,2026-04-17 13:43:51.538636,National Hydro Power Company Limited
2026041704014326,NHPC,49,92,1000,316.0,316000.0,2026-04-17,186876483,152,Online Securities Pvt. Ltd.,Roadshow securities limited,2026-04-17 13:43:52.339567,National Hydro Power Company Limited
2026041704014360,NHPC,85,49,100,316.0,31600.0,2026-04-17,186876732,152,Capital Hub P. Ltd,Online Securities Pvt. Ltd.,2026-04-17 13:44:08.157558,National Hydro Power Company Limited
2026041704014373,NHPC,45,49,540,316.0,170640.0,2026-04-17,186876796,152,Imperial Securities Company Pvt. Ltd.,Online Securities Pvt. Ltd.,2026-04-17 13:44:16.386425,National Hydro Power Company Limited
2026041704014418,NHPC,42,16,315,315.0,99225.0,2026-04-17,186876968,152,Sani Securities Company Ltd.,Primo Securities (PVT) Ltd.,2026-04-17 13:44:29.778335,National Hydro Power Company Limited
2026041704014447,NHPC,58,92,1000,314.9,314900.0,2026-04-17,186877084,152,Naasa Securities Co. Ltd.,Roadshow securities limited,2026-04-17 13:44:37.658343,National Hydro Power Company Limited
2026041704014448,NHPC,58,92,47,314.8,14795.6,2026-04-17,186877088,152,Naasa Securities Co. Ltd.,Roadshow securities limited,2026-04-17 13:44:37.659089,National Hydro Power Company Limited
2026041704014449,NHPC,81,92,1000,314.8,314800.0,2026-04-17,186877090,152,Aakashbhairab Securities Ltd.,Roadshow securities limited,2026-04-17 13:44:37.659518,National Hydro Power Company Limited
2026041704014450,NHPC,89,92,940,314.6,295724.0,2026-04-17,186877092,152,Global IME Securities Limited,Roadshow securities limited,2026-04-17 13:44:37.659938,National Hydro Power Company Limited
2026041704014451,NHPC,48,92,13,314.3,4085.9,2026-04-17,186877093,152,Trishakti Securities Public Limited,Roadshow securities limited,2026-04-17 13:44:37.660361,National Hydro Power Company Limited
2026041704014469,NHPC,44,16,100,315.0,31500.0,2026-04-17,186877432,152,Dynamic Money Managers Securities Pvt. Ltd.,Primo Securities (PVT) Ltd.,2026-04-17 13:45:00.967243,National Hydro Power Company Limited
2026041704014476,NHPC,48,77,187,314.3,58774.1,2026-04-17,186877446,152,Trishakti Securities Public Limited,Nabil Stock Dealer Ltd.,2026-04-17 13:45:01.691537,National Hydro Power Company Limited
2026041704014477,NHPC,58,77,10,314.3,3143.0,2026-04-17,186877448,152,Naasa Securities Co. Ltd.,Nabil Stock Dealer Ltd.,2026-04-17 13:45:01.691635,National Hydro Power Company Limited
2026041704014478,NHPC,94,77,1500,314.1,471150.0,2026-04-17,186877450,152,K.B.L. Securities Limited ,Nabil Stock Dealer Ltd.,2026-04-17 13:45:01.691708,National Hydro Power Company Limited
2026041704014479,NHPC,58,77,1000,314.0,314000.0,2026-04-17,186877452,152,Naasa Securities Co. Ltd.,Nabil Stock Dealer Ltd.,2026-04-17 13:45:01.691780,National Hydro Power Company Limited
2026041704014480,NHPC,25,77,50,314.0,15700.0,2026-04-17,186877454,152,Sweta Securities Private Limited,Nabil Stock Dealer Ltd.,2026-04-17 13:45:01.691846,National Hydro Power Company Limited
2026041704014481,NHPC,49,77,1084,314.0,340376.0,2026-04-17,186877456,152,Online Securities Pvt. Ltd.,Nabil Stock Dealer Ltd.,2026-04-17 13:45:01.691912,National Hydro Power Company Limited
2026041704014482,NHPC,41,77,70,314.0,21980.0,2026-04-17,186877458,152,Linch Stock Market Ltd.,Nabil Stock Dealer Ltd.,2026-04-17 13:45:01.691992,National Hydro Power Company Limited
2026041704014483,NHPC,45,77,100,314.0,31400.0,2026-04-17,186877460,152,Imperial Securities Company Pvt. Ltd.,Nabil Stock Dealer Ltd.,2026-04-17 13:45:01.692081,National Hydro Power Company Limited
2026041704014484,NHPC,35,77,500,314.0,157000.0,2026-04-17,186877462,152,Kohinoor Investment & Securities Pvt. Ltd.,Nabil Stock Dealer Ltd.,2026-04-17 13:45:01.692138,National Hydro Power Company Limited
2026041704014485,NHPC,62,77,200,314.0,62800.0,2026-04-17,186877464,152,Capital Max Securities Ltd,Nabil Stock Dealer Ltd.,2026-04-17 13:45:01.692202,National Hydro Power Company Limited
2026041704014486,NHPC,38,77,150,313.1,46965.0,2026-04-17,186877466,152,Dipshikha Dhitopatra Karobar Co. Pvt Ltd.,Nabil Stock Dealer Ltd.,2026-04-17 13:45:01.692269,National Hydro Power Company Limited
2026041704014487,NHPC,63,77,50,313.1,15655.0,2026-04-17,186877468,152,Himalayan Brokerage Company Limited,Nabil Stock Dealer Ltd.,2026-04-17 13:45:01.692358,National Hydro Power Company Limited
2026041704014488,NHPC,14,77,500,313.1,156550.0,2026-04-17,186877470,152,Nepal Stock House (PVT) Ltd.,Nabil Stock Dealer Ltd.,2026-04-17 13:45:01.692417,National Hydro Power Company Limited
2026041704014489,NHPC,72,77,663,313.1,207585.3,2026-04-17,186877472,152,Hatemalo Financial Services Private Limited,Nabil Stock Dealer Ltd.,2026-04-17 13:45:01.692480,National Hydro Power Company Limited
2026041704014490,NHPC,36,77,436,313.0,136468.0,2026-04-17,186877473,152,Secured Securities Ltd.,Nabil Stock Dealer Ltd.,2026-04-17 13:45:01.692552,National Hydro Power Company Limited
2026041704014506,NHPC,54,51,15,314.3,4714.5,2026-04-17,186877611,152,Sewa Securities Pvt. Ltd.,Oxford Securities Pvt. Ltd.,2026-04-17 13:45:16.240056,National Hydro Power Company Limited
2026041704014507,NHPC,54,16,485,315.0,152775.0,2026-04-17,186877614,152,Sewa Securities Pvt. Ltd.,Primo Securities (PVT) Ltd.,2026-04-17 13:45:16.240867,National Hydro Power Company Limited
2026041704014510,NHPC,52,16,20,315.0,6300.0,2026-04-17,186877668,152,Sundhara Securities Limited,Primo Securities (PVT) Ltd.,2026-04-17 13:45:20.522812,National Hydro Power Company Limited
2026041704014515,NHPC,36,92,264,313.0,82632.0,2026-04-17,186877772,152,Secured Securities Ltd.,Roadshow securities limited,2026-04-17 13:45:27.360047,National Hydro Power Company Limited
2026041704014516,NHPC,48,92,1000,313.0,313000.0,2026-04-17,186877774,152,Trishakti Securities Public Limited,Roadshow securities limited,2026-04-17 13:45:27.360821,National Hydro Power Company Limited
2026041704014517,NHPC,41,92,300,313.0,93900.0,2026-04-17,186877776,152,Linch Stock Market Ltd.,Roadshow securities limited,2026-04-17 13:45:27.361242,National Hydro Power Company Limited
2026041704014518,NHPC,71,92,1000,313.0,313000.0,2026-04-17,186877778,152,SHUBHAKAMANA SECURITIES PVT. LTD,Roadshow securities limited,2026-04-17 13:45:27.361659,National Hydro Power Company Limited
2026041704014519,NHPC,4,92,35,313.0,10955.0,2026-04-17,186877780,152,Opal Securities Investment (PVT) Ltd.,Roadshow securities limited,2026-04-17 13:45:27.362084,National Hydro Power Company Limited
2026041704014520,NHPC,52,92,300,313.0,93900.0,2026-04-17,186877782,152,Sundhara Securities Limited,Roadshow securities limited,2026-04-17 13:45:27.362508,National Hydro Power Company Limited
2026041704014521,NHPC,58,92,20,313.0,6260.0,2026-04-17,186877784,152,Naasa Securities Co. Ltd.,Roadshow securities limited,2026-04-17 13:45:27.362916,National Hydro Power Company Limited
2026041704014522,NHPC,36,92,2275,313.0,712075.0,2026-04-17,186877786,152,Secured Securities Ltd.,Roadshow securities limited,2026-04-17 13:45:27.363340,National Hydro Power Company Limited
2026041704014523,NHPC,4,92,252,313.0,78876.0,2026-04-17,186877788,152,Opal Securities Investment (PVT) Ltd.,Roadshow securities limited,2026-04-17 13:45:27.363754,National Hydro Power Company Limited
2026041704014524,NHPC,19,92,1000,313.0,313000.0,2026-04-17,186877790,152,Nepal Investment And Securities Trading Private Limited,Roadshow securities limited,2026-04-17 13:45:27.364173,National Hydro Power Company Limited
2026041704014525,NHPC,86,92,554,313.0,173402.0,2026-04-17,186877791,152,Stoxkarts Securities Limited,Roadshow securities limited,2026-04-17 13:45:27.364595,National Hydro Power Company Limited
2026041704014562,NHPC,42,16,200,315.0,63000.0,2026-04-17,186878066,152,Sani Securities Company Ltd.,Primo Securities (PVT) Ltd.,2026-04-17 13:45:55.657094,National Hydro Power Company Limited
2026041704014605,NHPC,34,42,1000,313.3,313300.0,2026-04-17,186878242,152,Vision Securities Pvt. Ltd,Sani Securities Company Ltd.,2026-04-17 13:46:10.790081,National Hydro Power Company Limited
2026041704014606,NHPC,52,42,200,313.2,62640.0,2026-04-17,186878244,152,Sundhara Securities Limited,Sani Securities Company Ltd.,2026-04-17 13:46:10.790973,National Hydro Power Company Limited
2026041704014607,NHPC,4,42,100,313.2,31320.0,2026-04-17,186878246,152,Opal Securities Investment (PVT) Ltd.,Sani Securities Company Ltd.,2026-04-17 13:46:10.791650,National Hydro Power Company Limited
2026041704014608,NHPC,45,42,700,313.2,219240.0,2026-04-17,186878247,152,Imperial Securities Company Pvt. Ltd.,Sani Securities Company Ltd.,2026-04-17 13:46:10.792174,National Hydro Power Company Limited
2026041704014613,NHPC,92,33,40,313.3,12532.0,2026-04-17,186878297,152,Roadshow securities limited,Dakshinkali Investment & Securities Pvt. Ltd.,2026-04-17 13:46:19.672011,National Hydro Power Company Limited
2026041704014620,NHPC,4,42,1000,313.4,313400.0,2026-04-17,186878362,152,Opal Securities Investment (PVT) Ltd.,Sani Securities Company Ltd.,2026-04-17 13:46:29.411885,National Hydro Power Company Limited
2026041704014621,NHPC,92,42,2460,313.3,770718.0,2026-04-17,186878364,152,Roadshow securities limited,Sani Securities Company Ltd.,2026-04-17 13:46:29.413597,National Hydro Power Company Limited
2026041704014622,NHPC,45,42,100,313.2,31320.0,2026-04-17,186878366,152,Imperial Securities Company Pvt. Ltd.,Sani Securities Company Ltd.,2026-04-17 13:46:29.414913,National Hydro Power Company Limited
2026041704014623,NHPC,26,42,100,313.1,31310.0,2026-04-17,186878368,152,Asian Securities Private Ltd.,Sani Securities Company Ltd.,2026-04-17 13:46:29.416203,National Hydro Power Company Limited
2026041704014624,NHPC,86,42,340,313.0,106420.0,2026-04-17,186878369,152,Stoxkarts Securities Limited,Sani Securities Company Ltd.,2026-04-17 13:46:29.417503,National Hydro Power Company Limited
2026041704014628,NHPC,58,43,45,314.0,14130.0,2026-04-17,186878424,152,Naasa Securities Co. Ltd.,South Asian Bulls Pvt. Ltd.,2026-04-17 13:46:38.408005,National Hydro Power Company Limited
2026041704014658,NHPC,46,43,25,314.0,7850.0,2026-04-17,186878629,152,Kalika Securities Pvt. Ltd.,South Asian Bulls Pvt. Ltd.,2026-04-17 13:47:08.929029,National Hydro Power Company Limited
2026041704014722,NHPC,51,19,100,314.9,31490.0,2026-04-17,186879263,152,Oxford Securities Pvt. Ltd.,Nepal Investment And Securities Trading Private Limited,2026-04-17 13:48:31.818126,National Hydro Power Company Limited
2026041704014723,NHPC,51,16,200,315.0,63000.0,2026-04-17,186879266,152,Oxford Securities Pvt. Ltd.,Primo Securities (PVT) Ltd.,2026-04-17 13:48:31.819875,National Hydro Power Company Limited
2026041704014731,NHPC,46,35,175,314.0,54950.0,2026-04-17,186879372,152,Kalika Securities Pvt. Ltd.,Kohinoor Investment & Securities Pvt. Ltd.,2026-04-17 13:48:42.929962,National Hydro Power Company Limited
2026041704014732,NHPC,57,35,100,314.0,31400.0,2026-04-17,186879374,152,Aryatara Investment & Securities,Kohinoor Investment & Securities Pvt. Ltd.,2026-04-17 13:48:42.931974,National Hydro Power Company Limited
2026041704014733,NHPC,38,35,200,314.0,62800.0,2026-04-17,186879376,152,Dipshikha Dhitopatra Karobar Co. Pvt Ltd.,Kohinoor Investment & Securities Pvt. Ltd.,2026-04-17 13:48:42.933614,National Hydro Power Company Limited
2026041704014734,NHPC,45,35,200,314.0,62800.0,2026-04-17,186879378,152,Imperial Securities Company Pvt. Ltd.,Kohinoor Investment & Securities Pvt. Ltd.,2026-04-17 13:48:42.934173,National Hydro Power Company Limited
2026041704014735,NHPC,38,35,25,314.0,7850.0,2026-04-17,186879380,152,Dipshikha Dhitopatra Karobar Co. Pvt Ltd.,Kohinoor Investment & Securities Pvt. Ltd.,2026-04-17 13:48:42.934741,National Hydro Power Company Limited
2026041704014759,NHPC,26,35,300,314.0,94200.0,2026-04-17,186879562,152,Asian Securities Private Ltd.,Kohinoor Investment & Securities Pvt. Ltd.,2026-04-17 13:49:06.597451,National Hydro Power Company Limited
2026041704014784,NHPC,19,3,200,314.0,62800.0,2026-04-17,186879666,152,Nepal Investment And Securities Trading Private Limited,Arun Securities (PVT) Ltd.,2026-04-17 13:49:20.985696,National Hydro Power Company Limited
2026041704014797,NHPC,3,3,300,314.0,94200.0,2026-04-17,186879748,152,Arun Securities (PVT) Ltd.,Arun Securities (PVT) Ltd.,2026-04-17 13:49:27.702994,National Hydro Power Company Limited
2026041704014798,NHPC,66,3,150,314.0,47100.0,2026-04-17,186879756,152,Miyo Securities Pvt Ltd,Arun Securities (PVT) Ltd.,2026-04-17 13:49:28.927228,National Hydro Power Company Limited
2026041704014809,NHPC,17,3,50,314.0,15700.0,2026-04-17,186879859,152,ABC Securities Private Limited,Arun Securities (PVT) Ltd.,2026-04-17 13:49:42.690280,National Hydro Power Company Limited
2026041704014810,NHPC,17,16,50,315.0,15750.0,2026-04-17,186879862,152,ABC Securities Private Limited,Primo Securities (PVT) Ltd.,2026-04-17 13:49:42.691133,National Hydro Power Company Limited
2026041704014825,NHPC,8,1,35,314.0,10990.0,2026-04-17,186879930,152,Brilliant Securities Pvt. Ltd.,Kumari Securities Private Limited,2026-04-17 13:49:50.295367,National Hydro Power Company Limited
2026041704014833,NHPC,28,29,200,313.6,62720.0,2026-04-17,186879994,152,Shree Krishna Securities Ltd.,Trisul Securities & Invt. Ltd.,2026-04-17 13:49:57.446752,National Hydro Power Company Limited
2026041704014834,NHPC,47,29,100,313.5,31350.0,2026-04-17,186879995,152,Neev Securities Pvt. Ltd.,Trisul Securities & Invt. Ltd.,2026-04-17 13:49:57.446940,National Hydro Power Company Limited
2026041704014846,NHPC,58,1,365,314.0,114610.0,2026-04-17,186880115,152,Naasa Securities Co. Ltd.,Kumari Securities Private Limited,2026-04-17 13:50:20.000990,National Hydro Power Company Limited
2026041704014865,NHPC,58,3,235,314.0,73790.0,2026-04-17,186880359,152,Naasa Securities Co. Ltd.,Arun Securities (PVT) Ltd.,2026-04-17 13:50:49.435999,National Hydro Power Company Limited
2026041704014867,NHPC,62,16,1000,315.0,315000.0,2026-04-17,186880392,152,Capital Max Securities Ltd,Primo Securities (PVT) Ltd.,2026-04-17 13:50:54.172384,National Hydro Power Company Limited
2026041704014875,NHPC,11,16,130,315.0,40950.0,2026-04-17,186880531,152,Malla & Malla Stock Broking Company Pvt. Limited,Primo Securities (PVT) Ltd.,2026-04-17 13:51:14.529201,National Hydro Power Company Limited
2026041704014876,NHPC,11,62,1000,315.0,315000.0,2026-04-17,186880533,152,Malla & Malla Stock Broking Company Pvt. Limited,Capital Max Securities Ltd,2026-04-17 13:51:14.531290,National Hydro Power Company Limited
2026041704014877,NHPC,11,40,370,315.0,116550.0,2026-04-17,186880536,152,Malla & Malla Stock Broking Company Pvt. Limited,Creative Securities Pvt Ltd,2026-04-17 13:51:14.532828,National Hydro Power Company Limited
2026041704014878,NHPC,62,40,30,315.0,9450.0,2026-04-17,186880543,152,Capital Max Securities Ltd,Creative Securities Pvt Ltd,2026-04-17 13:51:14.637484,National Hydro Power Company Limited
2026041704014879,NHPC,62,63,2000,315.0,630000.0,2026-04-17,186880545,152,Capital Max Securities Ltd,Himalayan Brokerage Company Limited,2026-04-17 13:51:14.639284,National Hydro Power Company Limited
2026041704014890,NHPC,62,3,470,315.0,148050.0,2026-04-17,186880653,152,Capital Max Securities Ltd,Arun Securities (PVT) Ltd.,2026-04-17 13:51:34.077051,National Hydro Power Company Limited
2026041704014942,NHPC,4,62,300,315.9,94770.0,2026-04-17,186881012,152,Opal Securities Investment (PVT) Ltd.,Capital Max Securities Ltd,2026-04-17 13:52:24.089738,National Hydro Power Company Limited
2026041704014948,NHPC,58,35,213,315.0,67095.0,2026-04-17,186881096,152,Naasa Securities Co. Ltd.,Kohinoor Investment & Securities Pvt. Ltd.,2026-04-17 13:52:32.852589,National Hydro Power Company Limited
2026041704014949,NHPC,45,35,1587,315.0,499905.0,2026-04-17,186881098,152,Imperial Securities Company Pvt. Ltd.,Kohinoor Investment & Securities Pvt. Ltd.,2026-04-17 13:52:32.854420,National Hydro Power Company Limited
2026041704014950,NHPC,58,35,145,315.0,45675.0,2026-04-17,186881100,152,Naasa Securities Co. Ltd.,Kohinoor Investment & Securities Pvt. Ltd.,2026-04-17 13:52:32.855853,National Hydro Power Company Limited
2026041704014951,NHPC,43,35,55,315.0,17325.0,2026-04-17,186881101,152,South Asian Bulls Pvt. Ltd.,Kohinoor Investment & Securities Pvt. Ltd.,2026-04-17 13:52:32.857286,National Hydro Power Company Limited
2026041704014978,NHPC,43,33,545,315.0,171675.0,2026-04-17,186881264,152,South Asian Bulls Pvt. Ltd.,Dakshinkali Investment & Securities Pvt. Ltd.,2026-04-17 13:52:51.309683,National Hydro Power Company Limited
2026041704014989,NHPC,6,33,175,315.0,55125.0,2026-04-17,186881372,152,Agrawal Securities (PVT) Ltd.,Dakshinkali Investment & Securities Pvt. Ltd.,2026-04-17 13:53:10.040426,National Hydro Power Company Limited
2026041704015010,NHPC,58,33,100,315.0,31500.0,2026-04-17,186881494,152,Naasa Securities Co. Ltd.,Dakshinkali Investment & Securities Pvt. Ltd.,2026-04-17 13:53:25.362896,National Hydro Power Company Limited
2026041704015023,NHPC,45,33,30,315.0,9450.0,2026-04-17,186881588,152,Imperial Securities Company Pvt. Ltd.,Dakshinkali Investment & Securities Pvt. Ltd.,2026-04-17 13:53:38.197738,National Hydro Power Company Limited
2026041704015024,NHPC,18,33,500,315.0,157500.0,2026-04-17,186881592,152,Sagarmatha Securities Private Limited,Dakshinkali Investment & Securities Pvt. Ltd.,2026-04-17 13:53:39.391690,National Hydro Power Company Limited
2026041704015033,NHPC,6,33,1500,315.0,472500.0,2026-04-17,186881704,152,Agrawal Securities (PVT) Ltd.,Dakshinkali Investment & Securities Pvt. Ltd.,2026-04-17 13:53:53.707996,National Hydro Power Company Limited
2026041704015040,NHPC,57,33,500,315.0,157500.0,2026-04-17,186881840,152,Aryatara Investment & Securities,Dakshinkali Investment & Securities Pvt. Ltd.,2026-04-17 13:54:12.139865,National Hydro Power Company Limited
2026041704015046,NHPC,42,33,50,315.0,15750.0,2026-04-17,186881882,152,Sani Securities Company Ltd.,Dakshinkali Investment & Securities Pvt. Ltd.,2026-04-17 13:54:20.670397,National Hydro Power Company Limited
2026041704015061,NHPC,34,49,300,314.9,94470.0,2026-04-17,186881995,152,Vision Securities Pvt. Ltd,Online Securities Pvt. Ltd.,2026-04-17 13:54:33.580196,National Hydro Power Company Limited
2026041704015062,NHPC,34,33,100,315.0,31500.0,2026-04-17,186881997,152,Vision Securities Pvt. Ltd,Dakshinkali Investment & Securities Pvt. Ltd.,2026-04-17 13:54:33.582085,National Hydro Power Company Limited
2026041704015063,NHPC,34,33,600,315.0,189000.0,2026-04-17,186882000,152,Vision Securities Pvt. Ltd,Dakshinkali Investment & Securities Pvt. Ltd.,2026-04-17 13:54:33.583575,National Hydro Power Company Limited
2026041704015087,NHPC,49,42,10,314.5,3145.0,2026-04-17,186882085,152,Online Securities Pvt. Ltd.,Sani Securities Company Ltd.,2026-04-17 13:54:43.568740,National Hydro Power Company Limited
2026041704015147,NHPC,4,33,1400,315.0,441000.0,2026-04-17,186882553,152,Opal Securities Investment (PVT) Ltd.,Dakshinkali Investment & Securities Pvt. Ltd.,2026-04-17 13:55:47.797033,National Hydro Power Company Limited
2026041704015148,NHPC,4,58,60,315.0,18900.0,2026-04-17,186882555,152,Opal Securities Investment (PVT) Ltd.,Naasa Securities Co. Ltd.,2026-04-17 13:55:47.799185,National Hydro Power Company Limited
2026041704015149,NHPC,4,52,40,315.1,12604.0,2026-04-17,186882558,152,Opal Securities Investment (PVT) Ltd.,Sundhara Securities Limited,2026-04-17 13:55:47.800812,National Hydro Power Company Limited
2026041704015199,NHPC,58,16,100,315.0,31500.0,2026-04-17,186882834,152,Naasa Securities Co. Ltd.,Primo Securities (PVT) Ltd.,2026-04-17 13:56:18.833749,National Hydro Power Company Limited
2026041704015200,NHPC,39,16,200,315.0,63000.0,2026-04-17,186882835,152,Sumeru Securities Pvt. Ltd.,Primo Securities (PVT) Ltd.,2026-04-17 13:56:18.835640,National Hydro Power Company Limited
2026041704015206,NHPC,6,33,1500,315.0,472500.0,2026-04-17,186882894,152,Agrawal Securities (PVT) Ltd.,Dakshinkali Investment & Securities Pvt. Ltd.,2026-04-17 13:56:31.514349,National Hydro Power Company Limited
2026041704015226,NHPC,62,33,2600,315.0,819000.0,2026-04-17,186883066,152,Capital Max Securities Ltd,Dakshinkali Investment & Securities Pvt. Ltd.,2026-04-17 13:56:56.245520,National Hydro Power Company Limited
2026041704015230,NHPC,21,33,750,315.0,236250.0,2026-04-17,186883094,152,Midas Stock Broking Company Private Limited,Dakshinkali Investment & Securities Pvt. Ltd.,2026-04-17 13:57:01.123593,National Hydro Power Company Limited
2026041704015236,NHPC,4,33,150,315.0,47250.0,2026-04-17,186883143,152,Opal Securities Investment (PVT) Ltd.,Dakshinkali Investment & Securities Pvt. Ltd.,2026-04-17 13:57:08.629577,National Hydro Power Company Limited
2026041704015237,NHPC,4,58,175,315.0,55125.0,2026-04-17,186883167,152,Opal Securities Investment (PVT) Ltd.,Naasa Securities Co. Ltd.,2026-04-17 13:57:13.834663,National Hydro Power Company Limited
2026041704015243,NHPC,26,52,130,315.1,40963.0,2026-04-17,186883214,152,Asian Securities Private Ltd.,Sundhara Securities Limited,2026-04-17 13:57:21.315912,National Hydro Power Company Limited
2026041704015271,NHPC,4,66,200,315.0,63000.0,2026-04-17,186883403,152,Opal Securities Investment (PVT) Ltd.,Miyo Securities Pvt Ltd,2026-04-17 13:57:51.027484,National Hydro Power Company Limited
2026041704015279,NHPC,4,49,25,315.0,7875.0,2026-04-17,186883549,152,Opal Securities Investment (PVT) Ltd.,Online Securities Pvt. Ltd.,2026-04-17 13:58:15.339715,National Hydro Power Company Limited
2026041704015304,NHPC,21,52,110,315.1,34661.0,2026-04-17,186883841,152,Midas Stock Broking Company Private Limited,Sundhara Securities Limited,2026-04-17 13:59:02.000727,National Hydro Power Company Limited
2026041704015321,NHPC,34,47,100,315.8,31580.0,2026-04-17,186884033,152,Vision Securities Pvt. Ltd,Neev Securities Pvt. Ltd.,2026-04-17 13:59:35.848445,National Hydro Power Company Limited
2026041704015322,NHPC,34,62,200,315.9,63180.0,2026-04-17,186884036,152,Vision Securities Pvt. Ltd,Capital Max Securities Ltd,2026-04-17 13:59:35.848553,National Hydro Power Company Limited
2026041704015338,NHPC,91,49,500,316.0,158000.0,2026-04-17,186884146,152,Citizens Share Broker Limited,Online Securities Pvt. Ltd.,2026-04-17 13:59:53.274624,National Hydro Power Company Limited
2026041704015349,NHPC,58,49,7500,316.0,2370000.0,2026-04-17,186884204,152,Naasa Securities Co. Ltd.,Online Securities Pvt. Ltd.,2026-04-17 14:00:00.453287,National Hydro Power Company Limited
2026041704015365,NHPC,85,49,2000,316.0,632000.0,2026-04-17,186884348,152,Capital Hub P. Ltd,Online Securities Pvt. Ltd.,2026-04-17 14:00:26.938602,National Hydro Power Company Limited
2026041704015367,NHPC,35,49,200,316.0,63200.0,2026-04-17,186884356,152,Kohinoor Investment & Securities Pvt. Ltd.,Online Securities Pvt. Ltd.,2026-04-17 14:00:28.203443,National Hydro Power Company Limited
2026041704015371,NHPC,4,49,1200,316.0,379200.0,2026-04-17,186884379,152,Opal Securities Investment (PVT) Ltd.,Online Securities Pvt. Ltd.,2026-04-17 14:00:31.797181,National Hydro Power Company Limited
2026041704015372,NHPC,4,7,500,316.0,158000.0,2026-04-17,186884381,152,Opal Securities Investment (PVT) Ltd.,J.F. Securites (PVT) Ltd.,2026-04-17 14:00:31.798030,National Hydro Power Company Limited
2026041704015391,NHPC,21,3,300,316.1,94830.0,2026-04-17,186884608,152,Midas Stock Broking Company Private Limited,Arun Securities (PVT) Ltd.,2026-04-17 14:01:03.481011,National Hydro Power Company Limited
2026041704015392,NHPC,26,3,200,316.1,63220.0,2026-04-17,186884610,152,Asian Securities Private Ltd.,Arun Securities (PVT) Ltd.,2026-04-17 14:01:03.482002,National Hydro Power Company Limited
2026041704015393,NHPC,4,3,1250,316.0,395000.0,2026-04-17,186884612,152,Opal Securities Investment (PVT) Ltd.,Arun Securities (PVT) Ltd.,2026-04-17 14:01:03.482795,National Hydro Power Company Limited
2026041704015394,NHPC,49,3,1000,316.0,316000.0,2026-04-17,186884614,152,Online Securities Pvt. Ltd.,Arun Securities (PVT) Ltd.,2026-04-17 14:01:03.483425,National Hydro Power Company Limited
2026041704015395,NHPC,6,3,845,316.0,267020.0,2026-04-17,186884615,152,Agrawal Securities (PVT) Ltd.,Arun Securities (PVT) Ltd.,2026-04-17 14:01:03.484134,National Hydro Power Company Limited
2026041704015397,NHPC,28,14,200,317.0,63400.0,2026-04-17,186884652,152,Shree Krishna Securities Ltd.,Nepal Stock House (PVT) Ltd.,2026-04-17 14:01:08.476687,National Hydro Power Company Limited
2026041704015403,NHPC,58,14,700,317.0,221900.0,2026-04-17,186884701,152,Naasa Securities Co. Ltd.,Nepal Stock House (PVT) Ltd.,2026-04-17 14:01:15.518650,National Hydro Power Company Limited
2026041704015405,NHPC,39,62,200,317.9,63580.0,2026-04-17,186884794,152,Sumeru Securities Pvt. Ltd.,Capital Max Securities Ltd,2026-04-17 14:01:29.592228,National Hydro Power Company Limited
2026041704015437,NHPC,28,62,200,317.9,63580.0,2026-04-17,186885068,152,Shree Krishna Securities Ltd.,Capital Max Securities Ltd,2026-04-17 14:02:05.570279,National Hydro Power Company Limited
2026041704015460,NHPC,36,63,150,317.3,47595.0,2026-04-17,186885246,152,Secured Securities Ltd.,Himalayan Brokerage Company Limited,2026-04-17 14:02:26.926719,National Hydro Power Company Limited
2026041704015461,NHPC,58,63,1000,317.2,317200.0,2026-04-17,186885248,152,Naasa Securities Co. Ltd.,Himalayan Brokerage Company Limited,2026-04-17 14:02:26.928637,National Hydro Power Company Limited
2026041704015462,NHPC,38,63,319,317.2,101186.8,2026-04-17,186885250,152,Dipshikha Dhitopatra Karobar Co. Pvt Ltd.,Himalayan Brokerage Company Limited,2026-04-17 14:02:26.930134,National Hydro Power Company Limited
2026041704015463,NHPC,56,63,40,317.2,12688.0,2026-04-17,186885252,152,Sri Hari Securities Pvt. Ltd.,Himalayan Brokerage Company Limited,2026-04-17 14:02:27.115260,National Hydro Power Company Limited
2026041704015503,NHPC,58,62,100,317.9,31790.0,2026-04-17,186885659,152,Naasa Securities Co. Ltd.,Capital Max Securities Ltd,2026-04-17 14:03:11.617381,National Hydro Power Company Limited
2026041704015504,NHPC,58,47,100,317.9,31790.0,2026-04-17,186885661,152,Naasa Securities Co. Ltd.,Neev Securities Pvt. Ltd.,2026-04-17 14:03:11.619230,National Hydro Power Company Limited
2026041704015517,NHPC,6,77,299,318.0,95082.0,2026-04-17,186885775,152,Agrawal Securities (PVT) Ltd.,Nabil Stock Dealer Ltd.,2026-04-17 14:03:25.427596,National Hydro Power Company Limited
2026041704015518,NHPC,6,42,80,318.0,25440.0,2026-04-17,186885778,152,Agrawal Securities (PVT) Ltd.,Sani Securities Company Ltd.,2026-04-17 14:03:25.429958,National Hydro Power Company Limited
2026041704015519,NHPC,6,1,480,318.0,152640.0,2026-04-17,186885781,152,Agrawal Securities (PVT) Ltd.,Kumari Securities Private Limited,2026-04-17 14:03:25.431963,National Hydro Power Company Limited
2026041704015520,NHPC,6,58,200,318.0,63600.0,2026-04-17,186885783,152,Agrawal Securities (PVT) Ltd.,Naasa Securities Co. Ltd.,2026-04-17 14:03:25.432993,National Hydro Power Company Limited
2026041704015526,NHPC,6,63,441,318.0,140238.0,2026-04-17,186886120,152,Agrawal Securities (PVT) Ltd.,Himalayan Brokerage Company Limited,2026-04-17 14:03:42.607761,National Hydro Power Company Limited
2026041704015528,NHPC,38,17,100,318.5,31850.0,2026-04-17,186886155,152,Dipshikha Dhitopatra Karobar Co. Pvt Ltd.,ABC Securities Private Limited,2026-04-17 14:03:47.296555,National Hydro Power Company Limited
2026041704015529,NHPC,38,62,200,318.5,63700.0,2026-04-17,186886158,152,Dipshikha Dhitopatra Karobar Co. Pvt Ltd.,Capital Max Securities Ltd,2026-04-17 14:03:47.297634,National Hydro Power Company Limited
2026041704015530,NHPC,32,14,100,318.0,31800.0,2026-04-17,186886160,152,Premier Securities Company Ltd.,Nepal Stock House (PVT) Ltd.,2026-04-17 14:03:47.430025,National Hydro Power Company Limited
2026041704015534,NHPC,64,14,20,318.0,6360.0,2026-04-17,186886186,152,SUN SECURITIES PVT LTD,Nepal Stock House (PVT) Ltd.,2026-04-17 14:03:52.733270,National Hydro Power Company Limited
2026041704015551,NHPC,48,14,150,318.0,47700.0,2026-04-17,186888412,152,Trishakti Securities Public Limited,Nepal Stock House (PVT) Ltd.,2026-04-17 14:04:06.225234,National Hydro Power Company Limited
2026041704015563,NHPC,19,14,80,318.0,25440.0,2026-04-17,186889385,152,Nepal Investment And Securities Trading Private Limited,Nepal Stock House (PVT) Ltd.,2026-04-17 14:04:15.010880,National Hydro Power Company Limited
2026041704015599,NHPC,19,58,1067,318.0,339306.0,2026-04-17,186889687,152,Nepal Investment And Securities Trading Private Limited,Naasa Securities Co. Ltd.,2026-04-17 14:04:36.821022,National Hydro Power Company Limited
2026041704015625,NHPC,62,66,2000,318.1,636200.0,2026-04-17,186889828,152,Capital Max Securities Ltd,Miyo Securities Pvt Ltd,2026-04-17 14:04:46.367144,National Hydro Power Company Limited
2026041704015626,NHPC,19,66,420,318.0,133560.0,2026-04-17,186889829,152,Nepal Investment And Securities Trading Private Limited,Miyo Securities Pvt Ltd,2026-04-17 14:04:46.368032,National Hydro Power Company Limited
2026041704015628,NHPC,41,64,500,318.4,159200.0,2026-04-17,186889837,152,Linch Stock Market Ltd.,SUN SECURITIES PVT LTD,2026-04-17 14:04:46.624024,National Hydro Power Company Limited
2026041704015629,NHPC,41,62,300,318.5,95550.0,2026-04-17,186889839,152,Linch Stock Market Ltd.,Capital Max Securities Ltd,2026-04-17 14:04:46.625037,National Hydro Power Company Limited
2026041704015630,NHPC,41,45,100,318.5,31850.0,2026-04-17,186889841,152,Linch Stock Market Ltd.,Imperial Securities Company Pvt. Ltd.,2026-04-17 14:04:46.625854,National Hydro Power Company Limited
2026041704015631,NHPC,41,57,100,318.5,31850.0,2026-04-17,186889843,152,Linch Stock Market Ltd.,Aryatara Investment & Securities,2026-04-17 14:04:46.626574,National Hydro Power Company Limited
2026041704015632,NHPC,41,34,100,318.5,31850.0,2026-04-17,186889846,152,Linch Stock Market Ltd.,Vision Securities Pvt. Ltd,2026-04-17 14:04:46.627278,National Hydro Power Company Limited
2026041704015654,NHPC,26,34,100,318.5,31850.0,2026-04-17,186890052,152,Asian Securities Private Ltd.,Vision Securities Pvt. Ltd,2026-04-17 14:05:04.241845,National Hydro Power Company Limited
2026041704015661,NHPC,19,34,800,318.5,254800.0,2026-04-17,186890105,152,Nepal Investment And Securities Trading Private Limited,Vision Securities Pvt. Ltd,2026-04-17 14:05:09.945162,National Hydro Power Company Limited
2026041704015662,NHPC,19,77,53,318.6,16885.8,2026-04-17,186890108,152,Nepal Investment And Securities Trading Private Limited,Nabil Stock Dealer Ltd.,2026-04-17 14:05:09.947044,National Hydro Power Company Limited
2026041704015668,NHPC,6,66,655,318.5,208617.5,2026-04-17,186890170,152,Agrawal Securities (PVT) Ltd.,Miyo Securities Pvt Ltd,2026-04-17 14:05:18.795618,National Hydro Power Company Limited
2026041704015669,NHPC,34,66,500,318.0,159000.0,2026-04-17,186890172,152,Vision Securities Pvt. Ltd,Miyo Securities Pvt Ltd,2026-04-17 14:05:18.797509,National Hydro Power Company Limited
2026041704015670,NHPC,45,66,1572,318.0,499896.0,2026-04-17,186890174,152,Imperial Securities Company Pvt. Ltd.,Miyo Securities Pvt Ltd,2026-04-17 14:05:18.798956,National Hydro Power Company Limited
2026041704015671,NHPC,38,66,950,318.0,302100.0,2026-04-17,186890176,152,Dipshikha Dhitopatra Karobar Co. Pvt Ltd.,Miyo Securities Pvt Ltd,2026-04-17 14:05:18.800415,National Hydro Power Company Limited
2026041704015673,NHPC,62,66,150,318.0,47700.0,2026-04-17,186890182,152,Capital Max Securities Ltd,Miyo Securities Pvt Ltd,2026-04-17 14:05:20.034177,National Hydro Power Company Limited
2026041704015681,NHPC,49,66,173,318.0,55014.0,2026-04-17,186890373,152,Online Securities Pvt. Ltd.,Miyo Securities Pvt Ltd,2026-04-17 14:05:35.008726,National Hydro Power Company Limited
2026041704015682,NHPC,49,1,200,318.5,63700.0,2026-04-17,186890375,152,Online Securities Pvt. Ltd.,Kumari Securities Private Limited,2026-04-17 14:05:35.009589,National Hydro Power Company Limited
2026041704015683,NHPC,49,77,127,318.6,40462.2,2026-04-17,186890378,152,Online Securities Pvt. Ltd.,Nabil Stock Dealer Ltd.,2026-04-17 14:05:35.010080,National Hydro Power Company Limited
2026041704015684,NHPC,42,77,2000,318.6,637200.0,2026-04-17,186890384,152,Sani Securities Company Ltd.,Nabil Stock Dealer Ltd.,2026-04-17 14:05:36.058890,National Hydro Power Company Limited
2026041704015756,NHPC,44,77,60,318.6,19116.0,2026-04-17,186890906,152,Dynamic Money Managers Securities Pvt. Ltd.,Nabil Stock Dealer Ltd.,2026-04-17 14:06:05.317437,National Hydro Power Company Limited
2026041704015770,NHPC,48,77,100,318.6,31860.0,2026-04-17,186890960,152,Trishakti Securities Public Limited,Nabil Stock Dealer Ltd.,2026-04-17 14:06:11.810411,National Hydro Power Company Limited
2026041704015786,NHPC,4,77,613,318.6,195301.8,2026-04-17,186891131,152,Opal Securities Investment (PVT) Ltd.,Nabil Stock Dealer Ltd.,2026-04-17 14:06:28.443372,National Hydro Power Company Limited
2026041704015787,NHPC,4,48,387,318.6,123298.2,2026-04-17,186891134,152,Opal Securities Investment (PVT) Ltd.,Trishakti Securities Public Limited,2026-04-17 14:06:28.444226,National Hydro Power Company Limited
2026041704015788,NHPC,58,48,12,318.6,3823.2,2026-04-17,186891136,152,Naasa Securities Co. Ltd.,Trishakti Securities Public Limited,2026-04-17 14:06:28.616967,National Hydro Power Company Limited
2026041704015808,NHPC,96,95,322,318.7,102621.4,2026-04-17,186891311,152,Himalayan Securities Limited,Magnet Securities and Investment Company Private Limited,2026-04-17 14:06:39.811730,National Hydro Power Company Limited
2026041704015809,NHPC,96,37,500,318.8,159400.0,2026-04-17,186891313,152,Himalayan Securities Limited,Swarna Laxmi Securities Pvt. Ltd.,2026-04-17 14:06:39.812714,National Hydro Power Company Limited
2026041704015810,NHPC,96,62,500,318.8,159400.0,2026-04-17,186891315,152,Himalayan Securities Limited,Capital Max Securities Ltd,2026-04-17 14:06:39.813234,National Hydro Power Company Limited
2026041704015811,NHPC,96,77,678,318.9,216214.2,2026-04-17,186891318,152,Himalayan Securities Limited,Nabil Stock Dealer Ltd.,2026-04-17 14:06:39.813720,National Hydro Power Company Limited
2026041704015820,NHPC,49,77,500,318.9,159450.0,2026-04-17,186891482,152,Online Securities Pvt. Ltd.,Nabil Stock Dealer Ltd.,2026-04-17 14:06:50.297540,National Hydro Power Company Limited
2026041704015841,NHPC,26,58,50,318.1,15905.0,2026-04-17,186891647,152,Asian Securities Private Ltd.,Naasa Securities Co. Ltd.,2026-04-17 14:07:05.971424,National Hydro Power Company Limited
2026041704015857,NHPC,77,77,882,318.9,281269.8,2026-04-17,186891971,152,Nabil Stock Dealer Ltd.,Nabil Stock Dealer Ltd.,2026-04-17 14:07:24.336062,National Hydro Power Company Limited
2026041704015858,NHPC,77,47,200,319.0,63800.0,2026-04-17,186891973,152,Nabil Stock Dealer Ltd.,Neev Securities Pvt. Ltd.,2026-04-17 14:07:24.337036,National Hydro Power Company Limited
2026041704015859,NHPC,77,77,5000,319.0,1595000.0,2026-04-17,186891975,152,Nabil Stock Dealer Ltd.,Nabil Stock Dealer Ltd.,2026-04-17 14:07:24.337659,National Hydro Power Company Limited
2026041704015860,NHPC,77,95,5800,319.0,1850200.0,2026-04-17,186891977,152,Nabil Stock Dealer Ltd.,Magnet Securities and Investment Company Private Limited,2026-04-17 14:07:24.338134,National Hydro Power Company Limited
2026041704015861,NHPC,77,48,400,319.0,127600.0,2026-04-17,186891979,152,Nabil Stock Dealer Ltd.,Trishakti Securities Public Limited,2026-04-17 14:07:24.338616,National Hydro Power Company Limited
2026041704015862,NHPC,77,57,1000,319.0,319000.0,2026-04-17,186891981,152,Nabil Stock Dealer Ltd.,Aryatara Investment & Securities,2026-04-17 14:07:24.339083,National Hydro Power Company Limited
2026041704015863,NHPC,77,34,500,319.0,159500.0,2026-04-17,186891983,152,Nabil Stock Dealer Ltd.,Vision Securities Pvt. Ltd,2026-04-17 14:07:24.339553,National Hydro Power Company Limited
2026041704015864,NHPC,77,34,1000,319.0,319000.0,2026-04-17,186891985,152,Nabil Stock Dealer Ltd.,Vision Securities Pvt. Ltd,2026-04-17 14:07:24.340017,National Hydro Power Company Limited
2026041704015865,NHPC,77,56,100,319.0,31900.0,2026-04-17,186891987,152,Nabil Stock Dealer Ltd.,Sri Hari Securities Pvt. Ltd.,2026-04-17 14:07:24.340479,National Hydro Power Company Limited
2026041704015866,NHPC,77,32,1000,319.2,319200.0,2026-04-17,186891989,152,Nabil Stock Dealer Ltd.,Premier Securities Company Ltd.,2026-04-17 14:07:24.340946,National Hydro Power Company Limited
2026041704015867,NHPC,77,35,50,319.2,15960.0,2026-04-17,186891991,152,Nabil Stock Dealer Ltd.,Kohinoor Investment & Securities Pvt. Ltd.,2026-04-17 14:07:24.341415,National Hydro Power Company Limited
2026041704015868,NHPC,77,58,19,319.2,6064.8,2026-04-17,186891993,152,Nabil Stock Dealer Ltd.,Naasa Securities Co. Ltd.,2026-04-17 14:07:24.341878,National Hydro Power Company Limited
2026041704015869,NHPC,77,5,200,319.2,63840.0,2026-04-17,186891995,152,Nabil Stock Dealer Ltd.,Market Securities & Exchange (PVT) Ltd.,2026-04-17 14:07:24.342343,National Hydro Power Company Limited
2026041704015870,NHPC,77,49,100,319.2,31920.0,2026-04-17,186891997,152,Nabil Stock Dealer Ltd.,Online Securities Pvt. Ltd.,2026-04-17 14:07:24.342796,National Hydro Power Company Limited
2026041704015871,NHPC,77,56,1000,319.2,319200.0,2026-04-17,186891999,152,Nabil Stock Dealer Ltd.,Sri Hari Securities Pvt. Ltd.,2026-04-17 14:07:24.343259,National Hydro Power Company Limited
2026041704015872,NHPC,77,58,2247,319.4,717691.8,2026-04-17,186892001,152,Nabil Stock Dealer Ltd.,Naasa Securities Co. Ltd.,2026-04-17 14:07:24.343724,National Hydro Power Company Limited
2026041704015873,NHPC,77,41,50,320.0,16000.0,2026-04-17,186892003,152,Nabil Stock Dealer Ltd.,Linch Stock Market Ltd.,2026-04-17 14:07:24.344189,National Hydro Power Company Limited
2026041704015874,NHPC,77,53,1000,320.0,320000.0,2026-04-17,186892005,152,Nabil Stock Dealer Ltd.,Investment Management Nepal Pvt. Ltd.,2026-04-17 14:07:24.344663,National Hydro Power Company Limited
2026041704015875,NHPC,77,32,585,320.0,187200.0,2026-04-17,186892007,152,Nabil Stock Dealer Ltd.,Premier Securities Company Ltd.,2026-04-17 14:07:24.345125,National Hydro Power Company Limited
2026041704015876,NHPC,77,13,500,320.0,160000.0,2026-04-17,186892009,152,Nabil Stock Dealer Ltd.,Thrive Brokerage House Pvt. Ltd,2026-04-17 14:07:24.345592,National Hydro Power Company Limited
2026041704015877,NHPC,77,48,20,320.0,6400.0,2026-04-17,186892011,152,Nabil Stock Dealer Ltd.,Trishakti Securities Public Limited,2026-04-17 14:07:24.346052,National Hydro Power Company Limited
2026041704015878,NHPC,77,39,225,320.0,72000.0,2026-04-17,186892013,152,Nabil Stock Dealer Ltd.,Sumeru Securities Pvt. Ltd.,2026-04-17 14:07:24.346513,National Hydro Power Company Limited
2026041704015879,NHPC,77,14,178,320.0,56960.0,2026-04-17,186892015,152,Nabil Stock Dealer Ltd.,Nepal Stock House (PVT) Ltd.,2026-04-17 14:07:24.346967,National Hydro Power Company Limited
2026041704015880,NHPC,77,52,200,320.0,64000.0,2026-04-17,186892017,152,Nabil Stock Dealer Ltd.,Sundhara Securities Limited,2026-04-17 14:07:24.347666,National Hydro Power Company Limited
2026041704015881,NHPC,77,58,50,320.0,16000.0,2026-04-17,186892019,152,Nabil Stock Dealer Ltd.,Naasa Securities Co. Ltd.,2026-04-17 14:07:24.348147,National Hydro Power Company Limited
2026041704015882,NHPC,77,57,2000,320.0,640000.0,2026-04-17,186892021,152,Nabil Stock Dealer Ltd.,Aryatara Investment & Securities,2026-04-17 14:07:24.348619,National Hydro Power Company Limited
2026041704015883,NHPC,77,49,40,320.0,12800.0,2026-04-17,186892023,152,Nabil Stock Dealer Ltd.,Online Securities Pvt. Ltd.,2026-04-17 14:07:24.349085,National Hydro Power Company Limited
2026041704015884,NHPC,77,6,50,320.0,16000.0,2026-04-17,186892025,152,Nabil Stock Dealer Ltd.,Agrawal Securities (PVT) Ltd.,2026-04-17 14:07:24.349547,National Hydro Power Company Limited
2026041704015885,NHPC,77,42,10,320.0,3200.0,2026-04-17,186892027,152,Nabil Stock Dealer Ltd.,Sani Securities Company Ltd.,2026-04-17 14:07:24.350003,National Hydro Power Company Limited
2026041704015886,NHPC,77,49,86,320.0,27520.0,2026-04-17,186892029,152,Nabil Stock Dealer Ltd.,Online Securities Pvt. Ltd.,2026-04-17 14:07:24.350463,National Hydro Power Company Limited
2026041704015887,NHPC,77,26,10,320.0,3200.0,2026-04-17,186892031,152,Nabil Stock Dealer Ltd.,Asian Securities Private Ltd.,2026-04-17 14:07:24.350925,National Hydro Power Company Limited
2026041704015888,NHPC,77,32,200,320.0,64000.0,2026-04-17,186892033,152,Nabil Stock Dealer Ltd.,Premier Securities Company Ltd.,2026-04-17 14:07:24.351391,National Hydro Power Company Limited
2026041704015889,NHPC,77,35,14,320.0,4480.0,2026-04-17,186892035,152,Nabil Stock Dealer Ltd.,Kohinoor Investment & Securities Pvt. Ltd.,2026-04-17 14:07:24.351854,National Hydro Power Company Limited
2026041704015890,NHPC,77,58,97,320.0,31040.0,2026-04-17,186892037,152,Nabil Stock Dealer Ltd.,Naasa Securities Co. Ltd.,2026-04-17 14:07:24.352310,National Hydro Power Company Limited
2026041704015891,NHPC,77,58,50,320.0,16000.0,2026-04-17,186892039,152,Nabil Stock Dealer Ltd.,Naasa Securities Co. Ltd.,2026-04-17 14:07:24.352766,National Hydro Power Company Limited
2026041704015892,NHPC,77,32,266,320.0,85120.0,2026-04-17,186892041,152,Nabil Stock Dealer Ltd.,Premier Securities Company Ltd.,2026-04-17 14:07:24.353217,National Hydro Power Company Limited
2026041704015893,NHPC,77,25,500,320.0,160000.0,2026-04-17,186892043,152,Nabil Stock Dealer Ltd.,Sweta Securities Private Limited,2026-04-17 14:07:24.353678,National Hydro Power Company Limited
2026041704015894,NHPC,77,13,1600,320.0,512000.0,2026-04-17,186892045,152,Nabil Stock Dealer Ltd.,Thrive Brokerage House Pvt. Ltd,2026-04-17 14:07:24.354157,National Hydro Power Company Limited
2026041704015895,NHPC,77,41,500,320.0,160000.0,2026-04-17,186892047,152,Nabil Stock Dealer Ltd.,Linch Stock Market Ltd.,2026-04-17 14:07:24.354616,National Hydro Power Company Limited
2026041704015896,NHPC,77,58,100,320.0,32000.0,2026-04-17,186892049,152,Nabil Stock Dealer Ltd.,Naasa Securities Co. Ltd.,2026-04-17 14:07:24.355072,National Hydro Power Company Limited
2026041704015897,NHPC,77,64,250,320.0,80000.0,2026-04-17,186892051,152,Nabil Stock Dealer Ltd.,SUN SECURITIES PVT LTD,2026-04-17 14:07:24.355534,National Hydro Power Company Limited
2026041704015898,NHPC,77,51,10,320.0,3200.0,2026-04-17,186892053,152,Nabil Stock Dealer Ltd.,Oxford Securities Pvt. Ltd.,2026-04-17 14:07:24.355983,National Hydro Power Company Limited
2026041704015899,NHPC,77,18,200,320.0,64000.0,2026-04-17,186892055,152,Nabil Stock Dealer Ltd.,Sagarmatha Securities Private Limited,2026-04-17 14:07:24.356443,National Hydro Power Company Limited
2026041704015900,NHPC,77,36,200,320.0,64000.0,2026-04-17,186892057,152,Nabil Stock Dealer Ltd.,Secured Securities Ltd.,2026-04-17 14:07:24.356897,National Hydro Power Company Limited
2026041704015901,NHPC,77,35,10000,320.0,3200000.0,2026-04-17,186892059,152,Nabil Stock Dealer Ltd.,Kohinoor Investment & Securities Pvt. Ltd.,2026-04-17 14:07:24.357356,National Hydro Power Company Limited
2026041704015902,NHPC,77,17,50,320.0,16000.0,2026-04-17,186892061,152,Nabil Stock Dealer Ltd.,ABC Securities Private Limited,2026-04-17 14:07:24.357806,National Hydro Power Company Limited
2026041704015903,NHPC,77,70,500,320.0,160000.0,2026-04-17,186892063,152,Nabil Stock Dealer Ltd.,Infinity Securities Limited,2026-04-17 14:07:24.358258,National Hydro Power Company Limited
2026041704015904,NHPC,77,1,50,320.0,16000.0,2026-04-17,186892065,152,Nabil Stock Dealer Ltd.,Kumari Securities Private Limited,2026-04-17 14:07:24.358710,National Hydro Power Company Limited
2026041704015905,NHPC,77,39,500,320.0,160000.0,2026-04-17,186892067,152,Nabil Stock Dealer Ltd.,Sumeru Securities Pvt. Ltd.,2026-04-17 14:07:24.359159,National Hydro Power Company Limited
2026041704015906,NHPC,77,58,355,320.0,113600.0,2026-04-17,186892069,152,Nabil Stock Dealer Ltd.,Naasa Securities Co. Ltd.,2026-04-17 14:07:24.359616,National Hydro Power Company Limited
2026041704015907,NHPC,77,58,100,320.0,32000.0,2026-04-17,186892071,152,Nabil Stock Dealer Ltd.,Naasa Securities Co. Ltd.,2026-04-17 14:07:24.360062,National Hydro Power Company Limited
2026041704015908,NHPC,77,5,100,320.0,32000.0,2026-04-17,186892073,152,Nabil Stock Dealer Ltd.,Market Securities & Exchange (PVT) Ltd.,2026-04-17 14:07:24.360513,National Hydro Power Company Limited
2026041704015909,NHPC,77,34,400,320.0,128000.0,2026-04-17,186892075,152,Nabil Stock Dealer Ltd.,Vision Securities Pvt. Ltd,2026-04-17 14:07:24.360966,National Hydro Power Company Limited
2026041704015910,NHPC,77,34,30,320.0,9600.0,2026-04-17,186892077,152,Nabil Stock Dealer Ltd.,Vision Securities Pvt. Ltd,2026-04-17 14:07:24.361414,National Hydro Power Company Limited
2026041704015911,NHPC,77,16,92,320.0,29440.0,2026-04-17,186892079,152,Nabil Stock Dealer Ltd.,Primo Securities (PVT) Ltd.,2026-04-17 14:07:24.361856,National Hydro Power Company Limited
2026041704015912,NHPC,77,17,1000,320.0,320000.0,2026-04-17,186892081,152,Nabil Stock Dealer Ltd.,ABC Securities Private Limited,2026-04-17 14:07:24.362297,National Hydro Power Company Limited
2026041704015913,NHPC,77,77,5000,320.0,1600000.0,2026-04-17,186892083,152,Nabil Stock Dealer Ltd.,Nabil Stock Dealer Ltd.,2026-04-17 14:07:24.362751,National Hydro Power Company Limited
2026041704015914,NHPC,77,90,1000,320.0,320000.0,2026-04-17,186892085,152,Nabil Stock Dealer Ltd.,Sajilo Broker Limited,2026-04-17 14:07:24.363192,National Hydro Power Company Limited
2026041704015915,NHPC,77,38,150,320.0,48000.0,2026-04-17,186892087,152,Nabil Stock Dealer Ltd.,Dipshikha Dhitopatra Karobar Co. Pvt Ltd.,2026-04-17 14:07:24.363635,National Hydro Power Company Limited
2026041704015916,NHPC,77,39,2000,320.0,640000.0,2026-04-17,186892089,152,Nabil Stock Dealer Ltd.,Sumeru Securities Pvt. Ltd.,2026-04-17 14:07:24.364077,National Hydro Power Company Limited
2026041704015917,NHPC,77,58,184,320.0,58880.0,2026-04-17,186892092,152,Nabil Stock Dealer Ltd.,Naasa Securities Co. Ltd.,2026-04-17 14:07:24.364525,National Hydro Power Company Limited
2026041704015941,NHPC,5,58,916,320.0,293120.0,2026-04-17,186892315,152,Market Securities & Exchange (PVT) Ltd.,Naasa Securities Co. Ltd.,2026-04-17 14:07:42.586267,National Hydro Power Company Limited
2026041704015942,NHPC,5,25,50,320.0,16000.0,2026-04-17,186892317,152,Market Securities & Exchange (PVT) Ltd.,Sweta Securities Private Limited,2026-04-17 14:07:42.587105,National Hydro Power Company Limited
2026041704015943,NHPC,5,57,34,320.0,10880.0,2026-04-17,186892322,152,Market Securities & Exchange (PVT) Ltd.,Aryatara Investment & Securities,2026-04-17 14:07:42.587575,National Hydro Power Company Limited
2026041704015983,NHPC,38,57,66,320.0,21120.0,2026-04-17,186893327,152,Dipshikha Dhitopatra Karobar Co. Pvt Ltd.,Aryatara Investment & Securities,2026-04-17 14:08:27.953339,National Hydro Power Company Limited
2026041704015984,NHPC,38,42,212,320.0,67840.0,2026-04-17,186893330,152,Dipshikha Dhitopatra Karobar Co. Pvt Ltd.,Sani Securities Company Ltd.,2026-04-17 14:08:27.955067,National Hydro Power Company Limited
2026041704016004,NHPC,58,42,50,320.0,16000.0,2026-04-17,186893498,152,Naasa Securities Co. Ltd.,Sani Securities Company Ltd.,2026-04-17 14:08:35.297268,National Hydro Power Company Limited
2026041704016022,NHPC,22,58,50,319.0,15950.0,2026-04-17,186893647,152,Siprabi Securities Pvt. Ltd.,Naasa Securities Co. Ltd.,2026-04-17 14:08:51.067226,National Hydro Power Company Limited
2026041704016031,NHPC,42,42,500,320.0,160000.0,2026-04-17,186893730,152,Sani Securities Company Ltd.,Sani Securities Company Ltd.,2026-04-17 14:08:56.158479,National Hydro Power Company Limited
2026041704016046,NHPC,58,42,30,320.0,9600.0,2026-04-17,186893836,152,Naasa Securities Co. Ltd.,Sani Securities Company Ltd.,2026-04-17 14:09:05.570631,National Hydro Power Company Limited
2026041704016068,NHPC,66,44,10,319.9,3199.0,2026-04-17,186894009,152,Miyo Securities Pvt Ltd,Dynamic Money Managers Securities Pvt. Ltd.,2026-04-17 14:09:26.123233,National Hydro Power Company Limited
2026041704016069,NHPC,66,42,208,320.0,66560.0,2026-04-17,186894011,152,Miyo Securities Pvt Ltd,Sani Securities Company Ltd.,2026-04-17 14:09:26.125035,National Hydro Power Company Limited
2026041704016070,NHPC,66,64,1000,320.0,320000.0,2026-04-17,186894013,152,Miyo Securities Pvt Ltd,SUN SECURITIES PVT LTD,2026-04-17 14:09:26.126411,National Hydro Power Company Limited
2026041704016071,NHPC,66,63,782,320.0,250240.0,2026-04-17,186894016,152,Miyo Securities Pvt Ltd,Himalayan Brokerage Company Limited,2026-04-17 14:09:26.127763,National Hydro Power Company Limited
2026041704016076,NHPC,42,63,500,320.0,160000.0,2026-04-17,186894088,152,Sani Securities Company Ltd.,Himalayan Brokerage Company Limited,2026-04-17 14:09:29.815964,National Hydro Power Company Limited
2026041704016086,NHPC,49,63,759,320.0,242880.0,2026-04-17,186894171,152,Online Securities Pvt. Ltd.,Himalayan Brokerage Company Limited,2026-04-17 14:09:39.979383,National Hydro Power Company Limited
2026041704016087,NHPC,49,58,200,320.0,64000.0,2026-04-17,186894173,152,Online Securities Pvt. Ltd.,Naasa Securities Co. Ltd.,2026-04-17 14:09:39.980365,National Hydro Power Company Limited
2026041704016088,NHPC,49,44,41,320.0,13120.0,2026-04-17,186894176,152,Online Securities Pvt. Ltd.,Dynamic Money Managers Securities Pvt. Ltd.,2026-04-17 14:09:39.981159,National Hydro Power Company Limited
2026041704016112,NHPC,42,44,59,320.0,18880.0,2026-04-17,186894295,152,Sani Securities Company Ltd.,Dynamic Money Managers Securities Pvt. Ltd.,2026-04-17 14:09:48.021232,National Hydro Power Company Limited
2026041704016113,NHPC,42,35,941,320.0,301120.0,2026-04-17,186894298,152,Sani Securities Company Ltd.,Kohinoor Investment & Securities Pvt. Ltd.,2026-04-17 14:09:48.021401,National Hydro Power Company Limited
2026041704016126,NHPC,56,35,200,320.0,64000.0,2026-04-17,186894357,152,Sri Hari Securities Pvt. Ltd.,Kohinoor Investment & Securities Pvt. Ltd.,2026-04-17 14:09:53.243731,National Hydro Power Company Limited
2026041704016180,NHPC,57,35,200,320.0,64000.0,2026-04-17,186894910,152,Aryatara Investment & Securities,Kohinoor Investment & Securities Pvt. Ltd.,2026-04-17 14:10:28.246618,National Hydro Power Company Limited
2026041704016181,NHPC,34,35,250,320.0,80000.0,2026-04-17,186894912,152,Vision Securities Pvt. Ltd,Kohinoor Investment & Securities Pvt. Ltd.,2026-04-17 14:10:28.398197,National Hydro Power Company Limited
2026041704016240,NHPC,58,35,1500,320.0,480000.0,2026-04-17,186895220,152,Naasa Securities Co. Ltd.,Kohinoor Investment & Securities Pvt. Ltd.,2026-04-17 14:10:50.078153,National Hydro Power Company Limited
2026041704016250,NHPC,58,35,1000,320.0,320000.0,2026-04-17,186895334,152,Naasa Securities Co. Ltd.,Kohinoor Investment & Securities Pvt. Ltd.,2026-04-17 14:10:55.705636,National Hydro Power Company Limited
2026041704016252,NHPC,4,35,5000,320.0,1600000.0,2026-04-17,186895342,152,Opal Securities Investment (PVT) Ltd.,Kohinoor Investment & Securities Pvt. Ltd.,2026-04-17 14:10:56.307925,National Hydro Power Company Limited
2026041704016253,NHPC,49,35,500,320.0,160000.0,2026-04-17,186895358,152,Online Securities Pvt. Ltd.,Kohinoor Investment & Securities Pvt. Ltd.,2026-04-17 14:11:00.570534,National Hydro Power Company Limited
2026041704016284,NHPC,45,35,310,320.0,99200.0,2026-04-17,186895664,152,Imperial Securities Company Pvt. Ltd.,Kohinoor Investment & Securities Pvt. Ltd.,2026-04-17 14:11:27.240987,National Hydro Power Company Limited
2026041704016290,NHPC,45,35,50,320.0,16000.0,2026-04-17,186895688,152,Imperial Securities Company Pvt. Ltd.,Kohinoor Investment & Securities Pvt. Ltd.,2026-04-17 14:11:30.016054,National Hydro Power Company Limited
2026041704016292,NHPC,65,49,5,317.0,1585.0,2026-04-17,186895693,152,Sharepro Securities Private Limited,Online Securities Pvt. Ltd.,2026-04-17 14:11:30.591862,National Hydro Power Company Limited
2026041704016327,NHPC,19,35,49,320.0,15680.0,2026-04-17,186895935,152,Nepal Investment And Securities Trading Private Limited,Kohinoor Investment & Securities Pvt. Ltd.,2026-04-17 14:11:50.659636,National Hydro Power Company Limited
2026041704016328,NHPC,19,41,51,320.0,16320.0,2026-04-17,186895938,152,Nepal Investment And Securities Trading Private Limited,Linch Stock Market Ltd.,2026-04-17 14:11:50.660557,National Hydro Power Company Limited
2026041704016357,NHPC,26,41,100,320.0,32000.0,2026-04-17,186896068,152,Asian Securities Private Ltd.,Linch Stock Market Ltd.,2026-04-17 14:11:59.230621,National Hydro Power Company Limited
2026041704016366,NHPC,11,41,849,320.0,271680.0,2026-04-17,186896193,152,Malla & Malla Stock Broking Company Pvt. Limited,Linch Stock Market Ltd.,2026-04-17 14:12:11.522386,National Hydro Power Company Limited
2026041704016367,NHPC,11,42,151,320.0,48320.0,2026-04-17,186896196,152,Malla & Malla Stock Broking Company Pvt. Limited,Sani Securities Company Ltd.,2026-04-17 14:12:11.523191,National Hydro Power Company Limited
2026041704016368,NHPC,40,42,849,320.0,271680.0,2026-04-17,186896199,152,Creative Securities Pvt Ltd,Sani Securities Company Ltd.,2026-04-17 14:12:13.585501,National Hydro Power Company Limited
2026041704016369,NHPC,40,35,1000,320.0,320000.0,2026-04-17,186896201,152,Creative Securities Pvt Ltd,Kohinoor Investment & Securities Pvt. Ltd.,2026-04-17 14:12:13.587244,National Hydro Power Company Limited
2026041704016378,NHPC,40,35,151,320.0,48320.0,2026-04-17,186896272,152,Creative Securities Pvt Ltd,Kohinoor Investment & Securities Pvt. Ltd.,2026-04-17 14:12:20.642771,National Hydro Power Company Limited
2026041704016379,NHPC,47,35,849,320.0,271680.0,2026-04-17,186896273,152,Neev Securities Pvt. Ltd.,Kohinoor Investment & Securities Pvt. Ltd.,2026-04-17 14:12:20.644553,National Hydro Power Company Limited
2026041704016383,NHPC,62,28,100,320.1,32010.0,2026-04-17,186896299,152,Capital Max Securities Ltd,Shree Krishna Securities Ltd.,2026-04-17 14:12:22.584738,National Hydro Power Company Limited
2026041704016384,NHPC,62,62,400,320.1,128040.0,2026-04-17,186896302,152,Capital Max Securities Ltd,Capital Max Securities Ltd,2026-04-17 14:12:22.585555,National Hydro Power Company Limited
2026041704016385,NHPC,47,1,150,320.0,48000.0,2026-04-17,186896319,152,Neev Securities Pvt. Ltd.,Kumari Securities Private Limited,2026-04-17 14:12:27.265174,National Hydro Power Company Limited
2026041704016386,NHPC,47,58,1,320.0,320.0,2026-04-17,186896321,152,Neev Securities Pvt. Ltd.,Naasa Securities Co. Ltd.,2026-04-17 14:12:27.265507,National Hydro Power Company Limited
2026041704016388,NHPC,35,62,50,320.1,16005.0,2026-04-17,186896332,152,Kohinoor Investment & Securities Pvt. Ltd.,Capital Max Securities Ltd,2026-04-17 14:12:28.167056,National Hydro Power Company Limited
2026041704016389,NHPC,58,62,50,320.1,16005.0,2026-04-17,186896363,152,Naasa Securities Co. Ltd.,Capital Max Securities Ltd,2026-04-17 14:12:31.426697,National Hydro Power Company Limited
2026041704016390,NHPC,58,4,200,320.1,64020.0,2026-04-17,186896365,152,Naasa Securities Co. Ltd.,Opal Securities Investment (PVT) Ltd.,2026-04-17 14:12:31.428488,National Hydro Power Company Limited
2026041704016399,NHPC,58,35,50,320.1,16005.0,2026-04-17,186896400,152,Naasa Securities Co. Ltd.,Kohinoor Investment & Securities Pvt. Ltd.,2026-04-17 14:12:35.168763,National Hydro Power Company Limited
2026041704016400,NHPC,17,35,100,320.0,32000.0,2026-04-17,186896402,152,ABC Securities Private Limited,Kohinoor Investment & Securities Pvt. Ltd.,2026-04-17 14:12:35.169603,National Hydro Power Company Limited
2026041704016401,NHPC,32,35,100,320.0,32000.0,2026-04-17,186896404,152,Premier Securities Company Ltd.,Kohinoor Investment & Securities Pvt. Ltd.,2026-04-17 14:12:35.170230,National Hydro Power Company Limited
2026041704016402,NHPC,58,35,10,320.0,3200.0,2026-04-17,186896406,152,Naasa Securities Co. Ltd.,Kohinoor Investment & Securities Pvt. Ltd.,2026-04-17 14:12:35.170808,National Hydro Power Company Limited
2026041704016407,NHPC,57,35,150,320.0,48000.0,2026-04-17,186896444,152,Aryatara Investment & Securities,Kohinoor Investment & Securities Pvt. Ltd.,2026-04-17 14:12:38.646336,National Hydro Power Company Limited
2026041704016414,NHPC,63,35,590,320.0,188800.0,2026-04-17,186896479,152,Himalayan Brokerage Company Limited,Kohinoor Investment & Securities Pvt. Ltd.,2026-04-17 14:12:41.779225,National Hydro Power Company Limited
2026041704016418,NHPC,34,58,100,320.2,32020.0,2026-04-17,186896507,152,Vision Securities Pvt. Ltd,Naasa Securities Co. Ltd.,2026-04-17 14:12:44.309834,National Hydro Power Company Limited
2026041704016419,NHPC,34,59,100,320.2,32020.0,2026-04-17,186896509,152,Vision Securities Pvt. Ltd,Deevyaa Securities & Stock House Pvt. Ltd,2026-04-17 14:12:44.311574,National Hydro Power Company Limited
2026041704016420,NHPC,34,77,800,320.2,256160.0,2026-04-17,186896512,152,Vision Securities Pvt. Ltd,Nabil Stock Dealer Ltd.,2026-04-17 14:12:44.312950,National Hydro Power Company Limited
2026041704016421,NHPC,34,77,9200,320.2,2945840.0,2026-04-17,186896515,152,Vision Securities Pvt. Ltd,Nabil Stock Dealer Ltd.,2026-04-17 14:12:44.676441,National Hydro Power Company Limited
2026041704016422,NHPC,34,80,300,320.3,96090.0,2026-04-17,186896517,152,Vision Securities Pvt. Ltd,Indira securities pvt. ltd,2026-04-17 14:12:44.676488,National Hydro Power Company Limited
2026041704016423,NHPC,34,86,305,321.0,97905.0,2026-04-17,186896519,152,Vision Securities Pvt. Ltd,Stoxkarts Securities Limited,2026-04-17 14:12:44.676512,National Hydro Power Company Limited
2026041704016424,NHPC,34,53,195,321.0,62595.0,2026-04-17,186896522,152,Vision Securities Pvt. Ltd,Investment Management Nepal Pvt. Ltd.,2026-04-17 14:12:44.676536,National Hydro Power Company Limited
2026041704016428,NHPC,63,35,410,320.0,131200.0,2026-04-17,186896532,152,Himalayan Brokerage Company Limited,Kohinoor Investment & Securities Pvt. Ltd.,2026-04-17 14:12:46.194234,National Hydro Power Company Limited
2026041704016438,NHPC,1,35,100,320.0,32000.0,2026-04-17,186896596,152,Kumari Securities Private Limited,Kohinoor Investment & Securities Pvt. Ltd.,2026-04-17 14:12:52.525626,National Hydro Power Company Limited
2026041704016444,NHPC,49,35,490,320.0,156800.0,2026-04-17,186896617,152,Online Securities Pvt. Ltd.,Kohinoor Investment & Securities Pvt. Ltd.,2026-04-17 14:12:53.669414,National Hydro Power Company Limited
2026041704016445,NHPC,49,58,10,320.0,3200.0,2026-04-17,186896620,152,Online Securities Pvt. Ltd.,Naasa Securities Co. Ltd.,2026-04-17 14:12:53.670257,National Hydro Power Company Limited
2026041704016448,NHPC,58,58,100,320.0,32000.0,2026-04-17,186896658,152,Naasa Securities Co. Ltd.,Naasa Securities Co. Ltd.,2026-04-17 14:12:58.020151,National Hydro Power Company Limited
2026041704016449,NHPC,58,58,110,320.0,35200.0,2026-04-17,186896664,152,Naasa Securities Co. Ltd.,Naasa Securities Co. Ltd.,2026-04-17 14:12:58.325962,National Hydro Power Company Limited
2026041704016450,NHPC,47,58,280,320.0,89600.0,2026-04-17,186896665,152,Neev Securities Pvt. Ltd.,Naasa Securities Co. Ltd.,2026-04-17 14:12:58.940839,National Hydro Power Company Limited
2026041704016464,NHPC,47,42,720,320.0,230400.0,2026-04-17,186896734,152,Neev Securities Pvt. Ltd.,Sani Securities Company Ltd.,2026-04-17 14:13:08.441529,National Hydro Power Company Limited
2026041704016465,NHPC,62,42,27,320.0,8640.0,2026-04-17,186896736,152,Capital Max Securities Ltd,Sani Securities Company Ltd.,2026-04-17 14:13:08.443251,National Hydro Power Company Limited
2026041704016476,NHPC,26,42,203,320.0,64960.0,2026-04-17,186896816,152,Asian Securities Private Ltd.,Sani Securities Company Ltd.,2026-04-17 14:13:19.729418,National Hydro Power Company Limited
2026041704016485,NHPC,50,53,1805,321.0,579405.0,2026-04-17,186896843,152,Cristal Kanchanjanga Securites Pvt. Ltd.,Investment Management Nepal Pvt. Ltd.,2026-04-17 14:13:23.196835,National Hydro Power Company Limited
2026041704016486,NHPC,50,47,142,321.0,45582.0,2026-04-17,186896845,152,Cristal Kanchanjanga Securites Pvt. Ltd.,Neev Securities Pvt. Ltd.,2026-04-17 14:13:23.196924,National Hydro Power Company Limited
2026041704016487,NHPC,50,14,200,321.0,64200.0,2026-04-17,186896847,152,Cristal Kanchanjanga Securites Pvt. Ltd.,Nepal Stock House (PVT) Ltd.,2026-04-17 14:13:23.196955,National Hydro Power Company Limited
2026041704016488,NHPC,50,8,200,321.0,64200.0,2026-04-17,186896849,152,Cristal Kanchanjanga Securites Pvt. Ltd.,Brilliant Securities Pvt. Ltd.,2026-04-17 14:13:23.196983,National Hydro Power Company Limited
2026041704016489,NHPC,50,52,100,321.0,32100.0,2026-04-17,186896851,152,Cristal Kanchanjanga Securites Pvt. Ltd.,Sundhara Securities Limited,2026-04-17 14:13:23.197021,National Hydro Power Company Limited
2026041704016490,NHPC,50,42,1000,321.0,321000.0,2026-04-17,186896853,152,Cristal Kanchanjanga Securites Pvt. Ltd.,Sani Securities Company Ltd.,2026-04-17 14:13:23.197046,National Hydro Power Company Limited
2026041704016491,NHPC,50,35,1000,321.0,321000.0,2026-04-17,186896855,152,Cristal Kanchanjanga Securites Pvt. Ltd.,Kohinoor Investment & Securities Pvt. Ltd.,2026-04-17 14:13:23.197071,National Hydro Power Company Limited
2026041704016492,NHPC,50,58,10,321.1,3211.0,2026-04-17,186896857,152,Cristal Kanchanjanga Securites Pvt. Ltd.,Naasa Securities Co. Ltd.,2026-04-17 14:13:23.197116,National Hydro Power Company Limited
2026041704016493,NHPC,50,17,1043,321.3,335115.9,2026-04-17,186896860,152,Cristal Kanchanjanga Securites Pvt. Ltd.,ABC Securities Private Limited,2026-04-17 14:13:23.197138,National Hydro Power Company Limited
2026041704016511,NHPC,25,70,1500,321.0,481500.0,2026-04-17,186896991,152,Sweta Securities Private Limited,Infinity Securities Limited,2026-04-17 14:13:36.517641,National Hydro Power Company Limited
2026041704016529,NHPC,25,35,1500,321.0,481500.0,2026-04-17,186897040,152,Sweta Securities Private Limited,Kohinoor Investment & Securities Pvt. Ltd.,2026-04-17 14:13:38.651181,National Hydro Power Company Limited
2026041704016531,NHPC,100,35,10,321.0,3210.0,2026-04-17,186897060,152,Sunrise Securities Limited,Kohinoor Investment & Securities Pvt. Ltd.,2026-04-17 14:13:40.924822,National Hydro Power Company Limited
2026041704016532,NHPC,19,35,100,321.0,32100.0,2026-04-17,186897074,152,Nepal Investment And Securities Trading Private Limited,Kohinoor Investment & Securities Pvt. Ltd.,2026-04-17 14:13:42.720578,National Hydro Power Company Limited
2026041704016533,NHPC,77,33,1000,320.0,320000.0,2026-04-17,186897091,152,Nabil Stock Dealer Ltd.,Dakshinkali Investment & Securities Pvt. Ltd.,2026-04-17 14:13:44.882198,National Hydro Power Company Limited
2026041704016558,NHPC,44,35,1000,321.0,321000.0,2026-04-17,186897338,152,Dynamic Money Managers Securities Pvt. Ltd.,Kohinoor Investment & Securities Pvt. Ltd.,2026-04-17 14:14:12.998368,National Hydro Power Company Limited
2026041704016591,NHPC,58,35,10,321.0,3210.0,2026-04-17,186897672,152,Naasa Securities Co. Ltd.,Kohinoor Investment & Securities Pvt. Ltd.,2026-04-17 14:14:46.810901,National Hydro Power Company Limited
2026041704016593,NHPC,26,99,940,320.3,301082.0,2026-04-17,186897700,152,Asian Securities Private Ltd.,Prabhu Stock Market Limited,2026-04-17 14:14:51.583006,National Hydro Power Company Limited
2026041704016594,NHPC,77,99,2000,320.2,640400.0,2026-04-17,186897702,152,Nabil Stock Dealer Ltd.,Prabhu Stock Market Limited,2026-04-17 14:14:51.583880,National Hydro Power Company Limited
2026041704016595,NHPC,58,99,50,320.1,16005.0,2026-04-17,186897704,152,Naasa Securities Co. Ltd.,Prabhu Stock Market Limited,2026-04-17 14:14:51.584343,National Hydro Power Company Limited
2026041704016596,NHPC,26,99,50,320.1,16005.0,2026-04-17,186897706,152,Asian Securities Private Ltd.,Prabhu Stock Market Limited,2026-04-17 14:14:51.584784,National Hydro Power Company Limited
2026041704016597,NHPC,6,99,1000,320.1,320100.0,2026-04-17,186897708,152,Agrawal Securities (PVT) Ltd.,Prabhu Stock Market Limited,2026-04-17 14:14:51.585240,National Hydro Power Company Limited
2026041704016598,NHPC,66,99,120,320.1,38412.0,2026-04-17,186897710,152,Miyo Securities Pvt Ltd,Prabhu Stock Market Limited,2026-04-17 14:14:51.585864,National Hydro Power Company Limited
2026041704016599,NHPC,58,99,100,320.0,32000.0,2026-04-17,186897712,152,Naasa Securities Co. Ltd.,Prabhu Stock Market Limited,2026-04-17 14:14:51.586435,National Hydro Power Company Limited
2026041704016600,NHPC,45,99,200,320.0,64000.0,2026-04-17,186897714,152,Imperial Securities Company Pvt. Ltd.,Prabhu Stock Market Limited,2026-04-17 14:14:51.588448,National Hydro Power Company Limited
2026041704016601,NHPC,47,99,1000,320.0,320000.0,2026-04-17,186897716,152,Neev Securities Pvt. Ltd.,Prabhu Stock Market Limited,2026-04-17 14:14:51.590263,National Hydro Power Company Limited
2026041704016602,NHPC,45,99,216,320.0,69120.0,2026-04-17,186897718,152,Imperial Securities Company Pvt. Ltd.,Prabhu Stock Market Limited,2026-04-17 14:14:51.591022,National Hydro Power Company Limited
2026041704016603,NHPC,42,99,4000,320.0,1280000.0,2026-04-17,186897720,152,Sani Securities Company Ltd.,Prabhu Stock Market Limited,2026-04-17 14:14:51.591665,National Hydro Power Company Limited
2026041704016604,NHPC,35,99,100,320.0,32000.0,2026-04-17,186897724,152,Kohinoor Investment & Securities Pvt. Ltd.,Prabhu Stock Market Limited,2026-04-17 14:14:51.793960,National Hydro Power Company Limited
2026041704016622,NHPC,47,99,1000,320.0,320000.0,2026-04-17,186897856,152,Neev Securities Pvt. Ltd.,Prabhu Stock Market Limited,2026-04-17 14:15:06.637950,National Hydro Power Company Limited
2026041704016629,NHPC,26,38,80,319.6,25568.0,2026-04-17,186897995,152,Asian Securities Private Ltd.,Dipshikha Dhitopatra Karobar Co. Pvt Ltd.,2026-04-17 14:15:15.388691,National Hydro Power Company Limited
2026041704016630,NHPC,26,62,120,319.6,38352.0,2026-04-17,186898000,152,Asian Securities Private Ltd.,Capital Max Securities Ltd,2026-04-17 14:15:15.564618,National Hydro Power Company Limited
2026041704016631,NHPC,47,62,130,319.6,41548.0,2026-04-17,186898001,152,Neev Securities Pvt. Ltd.,Capital Max Securities Ltd,2026-04-17 14:15:15.564716,National Hydro Power Company Limited
2026041704016632,NHPC,47,99,600,320.0,192000.0,2026-04-17,186898036,152,Neev Securities Pvt. Ltd.,Prabhu Stock Market Limited,2026-04-17 14:15:17.342560,National Hydro Power Company Limited
2026041704016633,NHPC,51,99,100,320.0,32000.0,2026-04-17,186898046,152,Oxford Securities Pvt. Ltd.,Prabhu Stock Market Limited,2026-04-17 14:15:18.894901,National Hydro Power Company Limited
2026041704016640,NHPC,7,99,1000,320.0,320000.0,2026-04-17,186898136,152,J.F. Securites (PVT) Ltd.,Prabhu Stock Market Limited,2026-04-17 14:15:24.661240,National Hydro Power Company Limited
2026041704016643,NHPC,47,35,60,319.6,19176.0,2026-04-17,186898174,152,Neev Securities Pvt. Ltd.,Kohinoor Investment & Securities Pvt. Ltd.,2026-04-17 14:15:28.121195,National Hydro Power Company Limited
2026041704016644,NHPC,42,35,316,319.3,100898.8,2026-04-17,186898176,152,Sani Securities Company Ltd.,Kohinoor Investment & Securities Pvt. Ltd.,2026-04-17 14:15:28.122463,National Hydro Power Company Limited
2026041704016645,NHPC,48,35,200,319.1,63820.0,2026-04-17,186898178,152,Trishakti Securities Public Limited,Kohinoor Investment & Securities Pvt. Ltd.,2026-04-17 14:15:28.123806,National Hydro Power Company Limited
2026041704016646,NHPC,8,35,30,319.1,9573.0,2026-04-17,186898180,152,Brilliant Securities Pvt. Ltd.,Kohinoor Investment & Securities Pvt. Ltd.,2026-04-17 14:15:28.125114,National Hydro Power Company Limited
2026041704016647,NHPC,22,35,10,319.0,3190.0,2026-04-17,186898182,152,Siprabi Securities Pvt. Ltd.,Kohinoor Investment & Securities Pvt. Ltd.,2026-04-17 14:15:28.126437,National Hydro Power Company Limited
2026041704016648,NHPC,47,35,1000,319.0,319000.0,2026-04-17,186898184,152,Neev Securities Pvt. Ltd.,Kohinoor Investment & Securities Pvt. Ltd.,2026-04-17 14:15:28.127757,National Hydro Power Company Limited
2026041704016649,NHPC,37,35,1000,319.0,319000.0,2026-04-17,186898186,152,Swarna Laxmi Securities Pvt. Ltd.,Kohinoor Investment & Securities Pvt. Ltd.,2026-04-17 14:15:28.129070,National Hydro Power Company Limited
2026041704016650,NHPC,52,35,764,319.0,243716.0,2026-04-17,186898187,152,Sundhara Securities Limited,Kohinoor Investment & Securities Pvt. Ltd.,2026-04-17 14:15:28.130412,National Hydro Power Company Limited
2026041704016659,NHPC,52,32,100,319.0,31900.0,2026-04-17,186898325,152,Sundhara Securities Limited,Premier Securities Company Ltd.,2026-04-17 14:15:40.824158,National Hydro Power Company Limited
2026041704016661,NHPC,77,53,100,319.8,31980.0,2026-04-17,186898386,152,Nabil Stock Dealer Ltd.,Investment Management Nepal Pvt. Ltd.,2026-04-17 14:15:44.559494,National Hydro Power Company Limited
2026041704016680,NHPC,52,64,136,319.0,43384.0,2026-04-17,186898526,152,Sundhara Securities Limited,SUN SECURITIES PVT LTD,2026-04-17 14:16:01.374741,National Hydro Power Company Limited
2026041704016681,NHPC,58,64,100,319.0,31900.0,2026-04-17,186898528,152,Naasa Securities Co. Ltd.,SUN SECURITIES PVT LTD,2026-04-17 14:16:01.375575,National Hydro Power Company Limited
2026041704016682,NHPC,6,64,124,318.5,39494.0,2026-04-17,186898529,152,Agrawal Securities (PVT) Ltd.,SUN SECURITIES PVT LTD,2026-04-17 14:16:01.376032,National Hydro Power Company Limited
2026041704016687,NHPC,58,53,900,319.8,287820.0,2026-04-17,186898641,152,Naasa Securities Co. Ltd.,Investment Management Nepal Pvt. Ltd.,2026-04-17 14:16:05.974337,National Hydro Power Company Limited
2026041704016688,NHPC,58,89,100,319.9,31990.0,2026-04-17,186898644,152,Naasa Securities Co. Ltd.,Global IME Securities Limited,2026-04-17 14:16:05.974390,National Hydro Power Company Limited
2026041704016745,NHPC,49,32,100,319.0,31900.0,2026-04-17,186899031,152,Online Securities Pvt. Ltd.,Premier Securities Company Ltd.,2026-04-17 14:16:31.079618,National Hydro Power Company Limited
2026041704016746,NHPC,49,21,400,319.0,127600.0,2026-04-17,186899034,152,Online Securities Pvt. Ltd.,Midas Stock Broking Company Private Limited,2026-04-17 14:16:31.080461,National Hydro Power Company Limited
2026041704016791,NHPC,35,62,50,319.0,15950.0,2026-04-17,186899304,152,Kohinoor Investment & Securities Pvt. Ltd.,Capital Max Securities Ltd,2026-04-17 14:16:52.509450,National Hydro Power Company Limited
2026041704016811,NHPC,25,62,100,319.0,31900.0,2026-04-17,186899382,152,Sweta Securities Private Limited,Capital Max Securities Ltd,2026-04-17 14:17:02.363560,National Hydro Power Company Limited
2026041704016816,NHPC,26,39,50,318.2,15910.0,2026-04-17,186899470,152,Asian Securities Private Ltd.,Sumeru Securities Pvt. Ltd.,2026-04-17 14:17:10.824215,National Hydro Power Company Limited
2026041704016817,NHPC,45,39,1000,318.1,318100.0,2026-04-17,186899472,152,Imperial Securities Company Pvt. Ltd.,Sumeru Securities Pvt. Ltd.,2026-04-17 14:17:10.826010,National Hydro Power Company Limited
2026041704016818,NHPC,17,39,50,318.1,15905.0,2026-04-17,186899474,152,ABC Securities Private Limited,Sumeru Securities Pvt. Ltd.,2026-04-17 14:17:10.827414,National Hydro Power Company Limited
2026041704016821,NHPC,16,38,450,318.0,143100.0,2026-04-17,186899481,152,Primo Securities (PVT) Ltd.,Dipshikha Dhitopatra Karobar Co. Pvt Ltd.,2026-04-17 14:17:11.843819,National Hydro Power Company Limited
2026041704016852,NHPC,77,39,10,318.1,3181.0,2026-04-17,186899626,152,Nabil Stock Dealer Ltd.,Sumeru Securities Pvt. Ltd.,2026-04-17 14:17:23.781556,National Hydro Power Company Limited
2026041704016862,NHPC,16,58,550,318.0,174900.0,2026-04-17,186899674,152,Primo Securities (PVT) Ltd.,Naasa Securities Co. Ltd.,2026-04-17 14:17:26.528667,National Hydro Power Company Limited
2026041704016863,NHPC,74,58,400,318.0,127200.0,2026-04-17,186899676,152,KALASH STOCK MARKET PVT. LTD.,Naasa Securities Co. Ltd.,2026-04-17 14:17:26.530458,National Hydro Power Company Limited
2026041704016864,NHPC,45,58,2000,318.0,636000.0,2026-04-17,186899678,152,Imperial Securities Company Pvt. Ltd.,Naasa Securities Co. Ltd.,2026-04-17 14:17:26.531884,National Hydro Power Company Limited
2026041704016865,NHPC,41,58,100,318.0,31800.0,2026-04-17,186899680,152,Linch Stock Market Ltd.,Naasa Securities Co. Ltd.,2026-04-17 14:17:26.533273,National Hydro Power Company Limited
2026041704016866,NHPC,57,58,300,318.0,95400.0,2026-04-17,186899682,152,Aryatara Investment & Securities,Naasa Securities Co. Ltd.,2026-04-17 14:17:26.534837,National Hydro Power Company Limited
2026041704016867,NHPC,36,58,20,318.0,6360.0,2026-04-17,186899684,152,Secured Securities Ltd.,Naasa Securities Co. Ltd.,2026-04-17 14:17:26.536653,National Hydro Power Company Limited
2026041704016868,NHPC,52,58,630,318.0,200340.0,2026-04-17,186899685,152,Sundhara Securities Limited,Naasa Securities Co. Ltd.,2026-04-17 14:17:26.538578,National Hydro Power Company Limited
2026041704016887,NHPC,52,52,370,318.0,117660.0,2026-04-17,186899842,152,Sundhara Securities Limited,Sundhara Securities Limited,2026-04-17 14:17:41.259225,National Hydro Power Company Limited
2026041704016896,NHPC,36,50,50,317.6,15880.0,2026-04-17,186899922,152,Secured Securities Ltd.,Cristal Kanchanjanga Securites Pvt. Ltd.,2026-04-17 14:17:49.262754,National Hydro Power Company Limited
2026041704016897,NHPC,44,50,500,317.2,158600.0,2026-04-17,186899924,152,Dynamic Money Managers Securities Pvt. Ltd.,Cristal Kanchanjanga Securites Pvt. Ltd.,2026-04-17 14:17:49.263666,National Hydro Power Company Limited
2026041704016898,NHPC,38,50,300,317.1,95130.0,2026-04-17,186899926,152,Dipshikha Dhitopatra Karobar Co. Pvt Ltd.,Cristal Kanchanjanga Securites Pvt. Ltd.,2026-04-17 14:17:49.264298,National Hydro Power Company Limited
2026041704016899,NHPC,57,50,500,317.0,158500.0,2026-04-17,186899928,152,Aryatara Investment & Securities,Cristal Kanchanjanga Securites Pvt. Ltd.,2026-04-17 14:17:49.264820,National Hydro Power Company Limited
2026041704016900,NHPC,42,50,10,317.0,3170.0,2026-04-17,186899930,152,Sani Securities Company Ltd.,Cristal Kanchanjanga Securites Pvt. Ltd.,2026-04-17 14:17:49.265355,National Hydro Power Company Limited
2026041704016901,NHPC,16,50,40,317.0,12680.0,2026-04-17,186899932,152,Primo Securities (PVT) Ltd.,Cristal Kanchanjanga Securites Pvt. Ltd.,2026-04-17 14:17:49.265863,National Hydro Power Company Limited
2026041704016902,NHPC,58,50,20,317.0,6340.0,2026-04-17,186899934,152,Naasa Securities Co. Ltd.,Cristal Kanchanjanga Securites Pvt. Ltd.,2026-04-17 14:17:49.266365,National Hydro Power Company Limited
2026041704016903,NHPC,42,50,1575,317.0,499275.0,2026-04-17,186899936,152,Sani Securities Company Ltd.,Cristal Kanchanjanga Securites Pvt. Ltd.,2026-04-17 14:17:49.266929,National Hydro Power Company Limited
2026041704016904,NHPC,6,50,1000,317.0,317000.0,2026-04-17,186899938,152,Agrawal Securities (PVT) Ltd.,Cristal Kanchanjanga Securites Pvt. Ltd.,2026-04-17 14:17:49.267545,National Hydro Power Company Limited
2026041704016905,NHPC,6,50,326,317.0,103342.0,2026-04-17,186899940,152,Agrawal Securities (PVT) Ltd.,Cristal Kanchanjanga Securites Pvt. Ltd.,2026-04-17 14:17:49.268128,National Hydro Power Company Limited
2026041704016906,NHPC,50,50,500,317.0,158500.0,2026-04-17,186899942,152,Cristal Kanchanjanga Securites Pvt. Ltd.,Cristal Kanchanjanga Securites Pvt. Ltd.,2026-04-17 14:17:49.268759,National Hydro Power Company Limited
2026041704016907,NHPC,21,50,100,316.0,31600.0,2026-04-17,186899944,152,Midas Stock Broking Company Private Limited,Cristal Kanchanjanga Securites Pvt. Ltd.,2026-04-17 14:17:49.269298,National Hydro Power Company Limited
2026041704016908,NHPC,14,50,79,316.0,24964.0,2026-04-17,186899945,152,Nepal Stock House (PVT) Ltd.,Cristal Kanchanjanga Securites Pvt. Ltd.,2026-04-17 14:17:49.269881,National Hydro Power Company Limited
2026041704016930,NHPC,32,52,100,318.0,31800.0,2026-04-17,186900054,152,Premier Securities Company Ltd.,Sundhara Securities Limited,2026-04-17 14:18:00.707843,National Hydro Power Company Limited
2026041704016935,NHPC,34,52,500,318.0,159000.0,2026-04-17,186900072,152,Vision Securities Pvt. Ltd,Sundhara Securities Limited,2026-04-17 14:18:02.524668,National Hydro Power Company Limited
2026041704016987,NHPC,42,52,530,318.0,168540.0,2026-04-17,186900435,152,Sani Securities Company Ltd.,Sundhara Securities Limited,2026-04-17 14:18:24.663492,National Hydro Power Company Limited
2026041704016995,NHPC,42,64,120,318.2,38184.0,2026-04-17,186900509,152,Sani Securities Company Ltd.,SUN SECURITIES PVT LTD,2026-04-17 14:18:36.875303,National Hydro Power Company Limited
2026041704017006,NHPC,42,64,350,318.2,111370.0,2026-04-17,186900562,152,Sani Securities Company Ltd.,SUN SECURITIES PVT LTD,2026-04-17 14:18:39.389269,National Hydro Power Company Limited
2026041704017007,NHPC,14,64,121,316.0,38236.0,2026-04-17,186900564,152,Nepal Stock House (PVT) Ltd.,SUN SECURITIES PVT LTD,2026-04-17 14:18:39.389382,National Hydro Power Company Limited
2026041704017008,NHPC,39,64,1000,316.0,316000.0,2026-04-17,186900566,152,Sumeru Securities Pvt. Ltd.,SUN SECURITIES PVT LTD,2026-04-17 14:18:39.389471,National Hydro Power Company Limited
2026041704017009,NHPC,39,64,100,316.0,31600.0,2026-04-17,186900568,152,Sumeru Securities Pvt. Ltd.,SUN SECURITIES PVT LTD,2026-04-17 14:18:39.389547,National Hydro Power Company Limited
2026041704017010,NHPC,57,64,50,315.8,15790.0,2026-04-17,186900570,152,Aryatara Investment & Securities,SUN SECURITIES PVT LTD,2026-04-17 14:18:39.389627,National Hydro Power Company Limited
2026041704017011,NHPC,17,64,50,315.5,15775.0,2026-04-17,186900572,152,ABC Securities Private Limited,SUN SECURITIES PVT LTD,2026-04-17 14:18:39.389705,National Hydro Power Company Limited
2026041704017012,NHPC,48,64,700,315.2,220640.0,2026-04-17,186900574,152,Trishakti Securities Public Limited,SUN SECURITIES PVT LTD,2026-04-17 14:18:39.389782,National Hydro Power Company Limited
2026041704017013,NHPC,52,64,1000,315.2,315200.0,2026-04-17,186900576,152,Sundhara Securities Limited,SUN SECURITIES PVT LTD,2026-04-17 14:18:39.389858,National Hydro Power Company Limited
2026041704017014,NHPC,38,64,100,315.2,31520.0,2026-04-17,186900578,152,Dipshikha Dhitopatra Karobar Co. Pvt Ltd.,SUN SECURITIES PVT LTD,2026-04-17 14:18:39.389923,National Hydro Power Company Limited
2026041704017015,NHPC,48,64,500,315.1,157550.0,2026-04-17,186900580,152,Trishakti Securities Public Limited,SUN SECURITIES PVT LTD,2026-04-17 14:18:39.389982,National Hydro Power Company Limited
2026041704017016,NHPC,85,64,3000,315.1,945300.0,2026-04-17,186900582,152,Capital Hub P. Ltd,SUN SECURITIES PVT LTD,2026-04-17 14:18:39.390079,National Hydro Power Company Limited
2026041704017017,NHPC,85,64,1000,315.1,315100.0,2026-04-17,186900584,152,Capital Hub P. Ltd,SUN SECURITIES PVT LTD,2026-04-17 14:18:39.390135,National Hydro Power Company Limited
2026041704017018,NHPC,42,64,950,315.0,299250.0,2026-04-17,186900586,152,Sani Securities Company Ltd.,SUN SECURITIES PVT LTD,2026-04-17 14:18:39.390202,National Hydro Power Company Limited
2026041704017019,NHPC,58,64,1000,315.0,315000.0,2026-04-17,186900588,152,Naasa Securities Co. Ltd.,SUN SECURITIES PVT LTD,2026-04-17 14:18:39.390266,National Hydro Power Company Limited
2026041704017020,NHPC,49,64,79,315.0,24885.0,2026-04-17,186900589,152,Online Securities Pvt. Ltd.,SUN SECURITIES PVT LTD,2026-04-17 14:18:39.390344,National Hydro Power Company Limited
2026041704017023,NHPC,5,62,100,319.0,31900.0,2026-04-17,186900598,152,Market Securities & Exchange (PVT) Ltd.,Capital Max Securities Ltd,2026-04-17 14:18:39.951999,National Hydro Power Company Limited
2026041704017025,NHPC,49,58,21,315.0,6615.0,2026-04-17,186900618,152,Online Securities Pvt. Ltd.,Naasa Securities Co. Ltd.,2026-04-17 14:18:42.253187,National Hydro Power Company Limited
2026041704017026,NHPC,45,58,300,315.0,94500.0,2026-04-17,186900620,152,Imperial Securities Company Pvt. Ltd.,Naasa Securities Co. Ltd.,2026-04-17 14:18:42.253991,National Hydro Power Company Limited
2026041704017027,NHPC,57,58,250,315.0,78750.0,2026-04-17,186900622,152,Aryatara Investment & Securities,Naasa Securities Co. Ltd.,2026-04-17 14:18:42.254494,National Hydro Power Company Limited
2026041704017028,NHPC,51,58,200,315.0,63000.0,2026-04-17,186900624,152,Oxford Securities Pvt. Ltd.,Naasa Securities Co. Ltd.,2026-04-17 14:18:42.254956,National Hydro Power Company Limited
2026041704017029,NHPC,7,58,1000,315.0,315000.0,2026-04-17,186900626,152,J.F. Securites (PVT) Ltd.,Naasa Securities Co. Ltd.,2026-04-17 14:18:42.255529,National Hydro Power Company Limited
2026041704017030,NHPC,48,58,500,315.0,157500.0,2026-04-17,186900628,152,Trishakti Securities Public Limited,Naasa Securities Co. Ltd.,2026-04-17 14:18:42.256054,National Hydro Power Company Limited
2026041704017031,NHPC,28,58,729,315.0,229635.0,2026-04-17,186900629,152,Shree Krishna Securities Ltd.,Naasa Securities Co. Ltd.,2026-04-17 14:18:42.256597,National Hydro Power Company Limited
2026041704017051,NHPC,28,64,271,315.0,85365.0,2026-04-17,186900760,152,Shree Krishna Securities Ltd.,SUN SECURITIES PVT LTD,2026-04-17 14:18:51.082772,National Hydro Power Company Limited
2026041704017052,NHPC,36,64,50,315.0,15750.0,2026-04-17,186900762,152,Secured Securities Ltd.,SUN SECURITIES PVT LTD,2026-04-17 14:18:51.082846,National Hydro Power Company Limited
2026041704017053,NHPC,34,64,4000,315.0,1260000.0,2026-04-17,186900764,152,Vision Securities Pvt. Ltd,SUN SECURITIES PVT LTD,2026-04-17 14:18:51.082898,National Hydro Power Company Limited
2026041704017054,NHPC,57,64,2599,315.0,818685.0,2026-04-17,186900766,152,Aryatara Investment & Securities,SUN SECURITIES PVT LTD,2026-04-17 14:18:51.082923,National Hydro Power Company Limited
2026041704017055,NHPC,21,64,290,315.0,91350.0,2026-04-17,186900768,152,Midas Stock Broking Company Private Limited,SUN SECURITIES PVT LTD,2026-04-17 14:18:51.082947,National Hydro Power Company Limited
2026041704017056,NHPC,4,64,100,315.0,31500.0,2026-04-17,186900770,152,Opal Securities Investment (PVT) Ltd.,SUN SECURITIES PVT LTD,2026-04-17 14:18:51.082968,National Hydro Power Company Limited
2026041704017057,NHPC,34,64,7690,315.0,2422350.0,2026-04-17,186900771,152,Vision Securities Pvt. Ltd,SUN SECURITIES PVT LTD,2026-04-17 14:18:51.082995,National Hydro Power Company Limited
2026041704017197,NHPC,5,38,200,317.9,63580.0,2026-04-17,186901996,152,Market Securities & Exchange (PVT) Ltd.,Dipshikha Dhitopatra Karobar Co. Pvt Ltd.,2026-04-17 14:20:28.678219,National Hydro Power Company Limited
2026041704017251,NHPC,5,7,100,317.8,31780.0,2026-04-17,186902374,152,Market Securities & Exchange (PVT) Ltd.,J.F. Securites (PVT) Ltd.,2026-04-17 14:20:57.220678,National Hydro Power Company Limited
2026041704017253,NHPC,62,7,20,317.8,6356.0,2026-04-17,186902386,152,Capital Max Securities Ltd,J.F. Securites (PVT) Ltd.,2026-04-17 14:20:59.582561,National Hydro Power Company Limited
2026041704017256,NHPC,11,7,250,316.2,79050.0,2026-04-17,186902416,152,Malla & Malla Stock Broking Company Pvt. Limited,J.F. Securites (PVT) Ltd.,2026-04-17 14:21:03.257159,National Hydro Power Company Limited
2026041704017257,NHPC,26,7,50,316.1,15805.0,2026-04-17,186902418,152,Asian Securities Private Ltd.,J.F. Securites (PVT) Ltd.,2026-04-17 14:21:03.258935,National Hydro Power Company Limited
2026041704017258,NHPC,32,7,300,316.1,94830.0,2026-04-17,186902420,152,Premier Securities Company Ltd.,J.F. Securites (PVT) Ltd.,2026-04-17 14:21:03.260336,National Hydro Power Company Limited
2026041704017259,NHPC,13,7,250,316.0,79000.0,2026-04-17,186902422,152,Thrive Brokerage House Pvt. Ltd,J.F. Securites (PVT) Ltd.,2026-04-17 14:21:03.261716,National Hydro Power Company Limited
2026041704017260,NHPC,21,7,910,316.0,287560.0,2026-04-17,186902424,152,Midas Stock Broking Company Private Limited,J.F. Securites (PVT) Ltd.,2026-04-17 14:21:03.263097,National Hydro Power Company Limited
2026041704017261,NHPC,6,7,1420,316.0,448720.0,2026-04-17,186902425,152,Agrawal Securities (PVT) Ltd.,J.F. Securites (PVT) Ltd.,2026-04-17 14:21:03.264493,National Hydro Power Company Limited
2026041704017275,NHPC,5,7,100,317.8,31780.0,2026-04-17,186902622,152,Market Securities & Exchange (PVT) Ltd.,J.F. Securites (PVT) Ltd.,2026-04-17 14:21:20.307516,National Hydro Power Company Limited
2026041704017288,NHPC,58,7,30,317.8,9534.0,2026-04-17,186902724,152,Naasa Securities Co. Ltd.,J.F. Securites (PVT) Ltd.,2026-04-17 14:21:31.947343,National Hydro Power Company Limited
2026041704017296,NHPC,6,60,80,316.0,25280.0,2026-04-17,186902780,152,Agrawal Securities (PVT) Ltd.,Nagarik Stock Dealer ,2026-04-17 14:21:37.218462,National Hydro Power Company Limited
2026041704017297,NHPC,45,60,500,316.0,158000.0,2026-04-17,186902782,152,Imperial Securities Company Pvt. Ltd.,Nagarik Stock Dealer ,2026-04-17 14:21:37.218562,National Hydro Power Company Limited
2026041704017298,NHPC,62,60,20,316.0,6320.0,2026-04-17,186902783,152,Capital Max Securities Ltd,Nagarik Stock Dealer ,2026-04-17 14:21:37.218640,National Hydro Power Company Limited
2026041704017302,NHPC,70,60,1000,316.0,316000.0,2026-04-17,186902923,152,Infinity Securities Limited,Nagarik Stock Dealer ,2026-04-17 14:21:44.589399,National Hydro Power Company Limited
2026041704017303,NHPC,58,38,10,317.9,3179.0,2026-04-17,186902930,152,Naasa Securities Co. Ltd.,Dipshikha Dhitopatra Karobar Co. Pvt Ltd.,2026-04-17 14:21:45.394588,National Hydro Power Company Limited
2026041704017328,NHPC,70,60,1000,316.0,316000.0,2026-04-17,186903186,152,Infinity Securities Limited,Nagarik Stock Dealer ,2026-04-17 14:22:08.016214,National Hydro Power Company Limited
2026041704017329,NHPC,5,60,100,316.0,31600.0,2026-04-17,186903187,152,Market Securities & Exchange (PVT) Ltd.,Nagarik Stock Dealer ,2026-04-17 14:22:08.016274,National Hydro Power Company Limited
2026041704017414,NHPC,26,60,200,316.2,63240.0,2026-04-17,186903798,152,Asian Securities Private Ltd.,Nagarik Stock Dealer ,2026-04-17 14:22:56.163741,National Hydro Power Company Limited
2026041704017415,NHPC,7,60,1000,316.2,316200.0,2026-04-17,186903800,152,J.F. Securites (PVT) Ltd.,Nagarik Stock Dealer ,2026-04-17 14:22:56.163812,National Hydro Power Company Limited
2026041704017416,NHPC,72,60,400,316.1,126440.0,2026-04-17,186903802,152,Hatemalo Financial Services Private Limited,Nagarik Stock Dealer ,2026-04-17 14:22:56.163842,National Hydro Power Company Limited
2026041704017417,NHPC,6,60,1400,316.0,442400.0,2026-04-17,186903803,152,Agrawal Securities (PVT) Ltd.,Nagarik Stock Dealer ,2026-04-17 14:22:56.163864,National Hydro Power Company Limited
2026041704017418,NHPC,44,62,500,317.5,158750.0,2026-04-17,186903846,152,Dynamic Money Managers Securities Pvt. Ltd.,Capital Max Securities Ltd,2026-04-17 14:22:59.347596,National Hydro Power Company Limited
2026041704017423,NHPC,58,38,10,317.9,3179.0,2026-04-17,186903882,152,Naasa Securities Co. Ltd.,Dipshikha Dhitopatra Karobar Co. Pvt Ltd.,2026-04-17 14:23:03.134038,National Hydro Power Company Limited
2026041704017425,NHPC,44,26,160,317.5,50800.0,2026-04-17,186903907,152,Dynamic Money Managers Securities Pvt. Ltd.,Asian Securities Private Ltd.,2026-04-17 14:23:06.511940,National Hydro Power Company Limited
2026041704017427,NHPC,71,38,180,317.9,57222.0,2026-04-17,186903957,152,SHUBHAKAMANA SECURITIES PVT. LTD,Dipshikha Dhitopatra Karobar Co. Pvt Ltd.,2026-04-17 14:23:11.938374,National Hydro Power Company Limited
2026041704017428,NHPC,71,84,1000,318.0,318000.0,2026-04-17,186903959,152,SHUBHAKAMANA SECURITIES PVT. LTD,MILKY WAY SHARE BROKER COMPANY LTD ,2026-04-17 14:23:11.938489,National Hydro Power Company Limited
2026041704017429,NHPC,71,62,500,318.0,159000.0,2026-04-17,186903961,152,SHUBHAKAMANA SECURITIES PVT. LTD,Capital Max Securities Ltd,2026-04-17 14:23:11.938576,National Hydro Power Company Limited
2026041704017430,NHPC,71,62,250,319.0,79750.0,2026-04-17,186903963,152,SHUBHAKAMANA SECURITIES PVT. LTD,Capital Max Securities Ltd,2026-04-17 14:23:11.938639,National Hydro Power Company Limited
2026041704017431,NHPC,71,48,10,319.0,3190.0,2026-04-17,186903965,152,SHUBHAKAMANA SECURITIES PVT. LTD,Trishakti Securities Public Limited,2026-04-17 14:23:11.938710,National Hydro Power Company Limited
2026041704017432,NHPC,71,16,500,319.0,159500.0,2026-04-17,186903967,152,SHUBHAKAMANA SECURITIES PVT. LTD,Primo Securities (PVT) Ltd.,2026-04-17 14:23:11.938778,National Hydro Power Company Limited
2026041704017433,NHPC,71,35,950,319.0,303050.0,2026-04-17,186903969,152,SHUBHAKAMANA SECURITIES PVT. LTD,Kohinoor Investment & Securities Pvt. Ltd.,2026-04-17 14:23:11.938844,National Hydro Power Company Limited
2026041704017434,NHPC,71,36,610,319.0,194590.0,2026-04-17,186903972,152,SHUBHAKAMANA SECURITIES PVT. LTD,Secured Securities Ltd.,2026-04-17 14:23:11.938909,National Hydro Power Company Limited
2026041704017472,NHPC,44,60,340,317.5,107950.0,2026-04-17,186904366,152,Dynamic Money Managers Securities Pvt. Ltd.,Nagarik Stock Dealer ,2026-04-17 14:23:28.452840,National Hydro Power Company Limited
2026041704017483,NHPC,32,64,50,316.5,15825.0,2026-04-17,186904514,152,Premier Securities Company Ltd.,SUN SECURITIES PVT LTD,2026-04-17 14:23:42.406513,National Hydro Power Company Limited
2026041704017484,NHPC,6,64,100,316.0,31600.0,2026-04-17,186904516,152,Agrawal Securities (PVT) Ltd.,SUN SECURITIES PVT LTD,2026-04-17 14:23:42.408304,National Hydro Power Company Limited
2026041704017485,NHPC,58,64,90,316.0,28440.0,2026-04-17,186904517,152,Naasa Securities Co. Ltd.,SUN SECURITIES PVT LTD,2026-04-17 14:23:42.409728,National Hydro Power Company Limited
2026041704017518,NHPC,32,60,50,317.0,15850.0,2026-04-17,186904832,152,Premier Securities Company Ltd.,Nagarik Stock Dealer ,2026-04-17 14:24:11.742236,National Hydro Power Company Limited
2026041704017526,NHPC,49,60,300,317.0,95100.0,2026-04-17,186904932,152,Online Securities Pvt. Ltd.,Nagarik Stock Dealer ,2026-04-17 14:24:20.640385,National Hydro Power Company Limited
2026041704017586,NHPC,72,38,40,316.7,12668.0,2026-04-17,186905611,152,Hatemalo Financial Services Private Limited,Dipshikha Dhitopatra Karobar Co. Pvt Ltd.,2026-04-17 14:25:10.217822,National Hydro Power Company Limited
2026041704017600,NHPC,11,60,1500,317.0,475500.0,2026-04-17,186905666,152,Malla & Malla Stock Broking Company Pvt. Limited,Nagarik Stock Dealer ,2026-04-17 14:25:13.229634,National Hydro Power Company Limited
2026041704017642,NHPC,72,59,30,316.7,9501.0,2026-04-17,186906230,152,Hatemalo Financial Services Private Limited,Deevyaa Securities & Stock House Pvt. Ltd,2026-04-17 14:25:43.451889,National Hydro Power Company Limited
2026041704017643,NHPC,58,59,220,316.3,69586.0,2026-04-17,186906231,152,Naasa Securities Co. Ltd.,Deevyaa Securities & Stock House Pvt. Ltd,2026-04-17 14:25:43.452035,National Hydro Power Company Limited
2026041704017662,NHPC,58,26,253,316.3,80023.9,2026-04-17,186906489,152,Naasa Securities Co. Ltd.,Asian Securities Private Ltd.,2026-04-17 14:26:07.190935,National Hydro Power Company Limited
2026041704017684,NHPC,88,32,10,316.8,3168.0,2026-04-17,186906665,152,Blue Chip Securities Ltd,Premier Securities Company Ltd.,2026-04-17 14:26:22.598257,National Hydro Power Company Limited
2026041704017685,NHPC,88,42,160,316.9,50704.0,2026-04-17,186906668,152,Blue Chip Securities Ltd,Sani Securities Company Ltd.,2026-04-17 14:26:22.600144,National Hydro Power Company Limited
2026041704017688,NHPC,36,42,20,316.4,6328.0,2026-04-17,186906684,152,Secured Securities Ltd.,Sani Securities Company Ltd.,2026-04-17 14:26:25.314202,National Hydro Power Company Limited
2026041704017689,NHPC,74,42,60,316.4,18984.0,2026-04-17,186906686,152,KALASH STOCK MARKET PVT. LTD.,Sani Securities Company Ltd.,2026-04-17 14:26:25.315071,National Hydro Power Company Limited
2026041704017690,NHPC,58,42,527,316.3,166690.1,2026-04-17,186906688,152,Naasa Securities Co. Ltd.,Sani Securities Company Ltd.,2026-04-17 14:26:25.315549,National Hydro Power Company Limited
2026041704017691,NHPC,39,42,50,316.3,15815.0,2026-04-17,186906690,152,Sumeru Securities Pvt. Ltd.,Sani Securities Company Ltd.,2026-04-17 14:26:25.316013,National Hydro Power Company Limited
2026041704017692,NHPC,45,42,343,316.1,108422.3,2026-04-17,186906691,152,Imperial Securities Company Pvt. Ltd.,Sani Securities Company Ltd.,2026-04-17 14:26:25.316478,National Hydro Power Company Limited
2026041704017693,NHPC,56,42,840,316.9,266196.0,2026-04-17,186906773,152,Sri Hari Securities Pvt. Ltd.,Sani Securities Company Ltd.,2026-04-17 14:26:32.393900,National Hydro Power Company Limited
2026041704017694,NHPC,56,60,660,317.0,209220.0,2026-04-17,186906776,152,Sri Hari Securities Pvt. Ltd.,Nagarik Stock Dealer ,2026-04-17 14:26:32.393997,National Hydro Power Company Limited
2026041704017715,NHPC,5,64,100,316.3,31630.0,2026-04-17,186906968,152,Market Securities & Exchange (PVT) Ltd.,SUN SECURITIES PVT LTD,2026-04-17 14:26:49.536370,National Hydro Power Company Limited
2026041704017716,NHPC,45,64,150,316.3,47445.0,2026-04-17,186906970,152,Imperial Securities Company Pvt. Ltd.,SUN SECURITIES PVT LTD,2026-04-17 14:26:49.538176,National Hydro Power Company Limited
2026041704017717,NHPC,58,64,650,316.3,205595.0,2026-04-17,186906972,152,Naasa Securities Co. Ltd.,SUN SECURITIES PVT LTD,2026-04-17 14:26:49.539575,National Hydro Power Company Limited
2026041704017721,NHPC,44,64,500,316.3,158150.0,2026-04-17,186907080,152,Dynamic Money Managers Securities Pvt. Ltd.,SUN SECURITIES PVT LTD,2026-04-17 14:27:02.513228,National Hydro Power Company Limited
2026041704017722,NHPC,74,64,50,316.3,15815.0,2026-04-17,186907090,152,KALASH STOCK MARKET PVT. LTD.,SUN SECURITIES PVT LTD,2026-04-17 14:27:03.427657,National Hydro Power Company Limited
2026041704017728,NHPC,8,64,550,316.3,173965.0,2026-04-17,186907175,152,Brilliant Securities Pvt. Ltd.,SUN SECURITIES PVT LTD,2026-04-17 14:27:12.574838,National Hydro Power Company Limited
2026041704017738,NHPC,8,64,450,316.3,142335.0,2026-04-17,186907376,152,Brilliant Securities Pvt. Ltd.,SUN SECURITIES PVT LTD,2026-04-17 14:27:35.155294,National Hydro Power Company Limited
2026041704017739,NHPC,52,64,50,316.3,15815.0,2026-04-17,186907379,152,Sundhara Securities Limited,SUN SECURITIES PVT LTD,2026-04-17 14:27:35.318052,National Hydro Power Company Limited
2026041704017775,NHPC,3,60,150,317.0,47550.0,2026-04-17,186907867,152,Arun Securities (PVT) Ltd.,Nagarik Stock Dealer ,2026-04-17 14:28:12.413705,National Hydro Power Company Limited
2026041704017776,NHPC,3,42,150,317.0,47550.0,2026-04-17,186907870,152,Arun Securities (PVT) Ltd.,Sani Securities Company Ltd.,2026-04-17 14:28:12.414617,National Hydro Power Company Limited
2026041704017796,NHPC,26,42,100,317.0,31700.0,2026-04-17,186908050,152,Asian Securities Private Ltd.,Sani Securities Company Ltd.,2026-04-17 14:28:26.062940,National Hydro Power Company Limited
2026041704017814,NHPC,45,42,56,317.0,17752.0,2026-04-17,186908145,152,Imperial Securities Company Pvt. Ltd.,Sani Securities Company Ltd.,2026-04-17 14:28:33.936279,National Hydro Power Company Limited
2026041704017815,NHPC,45,32,10,317.0,3170.0,2026-04-17,186908147,152,Imperial Securities Company Pvt. Ltd.,Premier Securities Company Ltd.,2026-04-17 14:28:33.936386,National Hydro Power Company Limited
2026041704017816,NHPC,45,60,534,317.0,169278.0,2026-04-17,186908150,152,Imperial Securities Company Pvt. Ltd.,Nagarik Stock Dealer ,2026-04-17 14:28:33.936411,National Hydro Power Company Limited
2026041704017821,NHPC,45,64,602,316.7,190653.4,2026-04-17,186908313,152,Imperial Securities Company Pvt. Ltd.,SUN SECURITIES PVT LTD,2026-04-17 14:28:47.999567,National Hydro Power Company Limited
2026041704017823,NHPC,45,64,398,316.7,126046.6,2026-04-17,186908324,152,Imperial Securities Company Pvt. Ltd.,SUN SECURITIES PVT LTD,2026-04-17 14:28:49.289293,National Hydro Power Company Limited
2026041704017824,NHPC,36,64,10,316.7,3167.0,2026-04-17,186908326,152,Secured Securities Ltd.,SUN SECURITIES PVT LTD,2026-04-17 14:28:49.290197,National Hydro Power Company Limited
2026041704017825,NHPC,64,64,92,316.7,29136.4,2026-04-17,186908327,152,SUN SECURITIES PVT LTD,SUN SECURITIES PVT LTD,2026-04-17 14:28:50.544683,National Hydro Power Company Limited
2026041704017826,NHPC,49,60,966,317.0,306222.0,2026-04-17,186908331,152,Online Securities Pvt. Ltd.,Nagarik Stock Dealer ,2026-04-17 14:28:50.825649,National Hydro Power Company Limited
2026041704017827,NHPC,49,60,524,317.0,166108.0,2026-04-17,186908334,152,Online Securities Pvt. Ltd.,Nagarik Stock Dealer ,2026-04-17 14:28:50.827479,National Hydro Power Company Limited
2026041704017829,NHPC,26,60,200,317.0,63400.0,2026-04-17,186908384,152,Asian Securities Private Ltd.,Nagarik Stock Dealer ,2026-04-17 14:28:55.544609,National Hydro Power Company Limited
2026041704017843,NHPC,26,60,300,317.0,95100.0,2026-04-17,186908466,152,Asian Securities Private Ltd.,Nagarik Stock Dealer ,2026-04-17 14:29:04.006728,National Hydro Power Company Limited
2026041704017858,NHPC,80,60,10,317.0,3170.0,2026-04-17,186908704,152,Indira securities pvt. ltd,Nagarik Stock Dealer ,2026-04-17 14:29:21.517080,National Hydro Power Company Limited
2026041704017872,NHPC,29,60,100,317.0,31700.0,2026-04-17,186908850,152,Trisul Securities & Invt. Ltd.,Nagarik Stock Dealer ,2026-04-17 14:29:34.879230,National Hydro Power Company Limited
2026041704017893,NHPC,64,50,2000,316.7,633400.0,2026-04-17,186909043,152,SUN SECURITIES PVT LTD,Cristal Kanchanjanga Securites Pvt. Ltd.,2026-04-17 14:29:50.649642,National Hydro Power Company Limited
2026041704017934,NHPC,83,60,500,317.0,158500.0,2026-04-17,186909444,152,Sanima Securities Limited,Nagarik Stock Dealer ,2026-04-17 14:30:24.607410,National Hydro Power Company Limited
2026041704017943,NHPC,62,60,366,317.0,116022.0,2026-04-17,186909495,152,Capital Max Securities Ltd,Nagarik Stock Dealer ,2026-04-17 14:30:28.436782,National Hydro Power Company Limited
2026041704017944,NHPC,62,38,10,317.0,3170.0,2026-04-17,186909498,152,Capital Max Securities Ltd,Dipshikha Dhitopatra Karobar Co. Pvt Ltd.,2026-04-17 14:30:28.437793,National Hydro Power Company Limited
2026041704017945,NHPC,62,60,24,317.0,7608.0,2026-04-17,186909502,152,Capital Max Securities Ltd,Nagarik Stock Dealer ,2026-04-17 14:30:28.438408,National Hydro Power Company Limited
2026041704017946,NHPC,48,64,60,316.8,19008.0,2026-04-17,186909554,152,Trishakti Securities Public Limited,SUN SECURITIES PVT LTD,2026-04-17 14:30:34.125487,National Hydro Power Company Limited
2026041704017947,NHPC,26,64,50,316.8,15840.0,2026-04-17,186909556,152,Asian Securities Private Ltd.,SUN SECURITIES PVT LTD,2026-04-17 14:30:34.126381,National Hydro Power Company Limited
2026041704017948,NHPC,77,64,500,316.8,158400.0,2026-04-17,186909560,152,Nabil Stock Dealer Ltd.,SUN SECURITIES PVT LTD,2026-04-17 14:30:34.385237,National Hydro Power Company Limited
2026041704017965,NHPC,56,64,48,316.8,15206.4,2026-04-17,186909797,152,Sri Hari Securities Pvt. Ltd.,SUN SECURITIES PVT LTD,2026-04-17 14:30:46.768450,National Hydro Power Company Limited
2026041704017966,NHPC,56,60,352,317.0,111584.0,2026-04-17,186909800,152,Sri Hari Securities Pvt. Ltd.,Nagarik Stock Dealer ,2026-04-17 14:30:46.770380,National Hydro Power Company Limited
2026041704017970,NHPC,64,44,908,316.7,287563.6,2026-04-17,186909928,152,SUN SECURITIES PVT LTD,Dynamic Money Managers Securities Pvt. Ltd.,2026-04-17 14:30:51.792926,National Hydro Power Company Limited
2026041704017971,NHPC,62,44,10,316.7,3167.0,2026-04-17,186909940,152,Capital Max Securities Ltd,Dynamic Money Managers Securities Pvt. Ltd.,2026-04-17 14:30:53.023988,National Hydro Power Company Limited
2026041704017990,NHPC,14,44,95,316.7,30086.5,2026-04-17,186910098,152,Nepal Stock House (PVT) Ltd.,Dynamic Money Managers Securities Pvt. Ltd.,2026-04-17 14:31:04.770706,National Hydro Power Company Limited
2026041704018000,NHPC,62,60,20,317.0,6340.0,2026-04-17,186910188,152,Capital Max Securities Ltd,Nagarik Stock Dealer ,2026-04-17 14:31:12.402827,National Hydro Power Company Limited
2026041704018014,NHPC,44,60,300,317.0,95100.0,2026-04-17,186910284,152,Dynamic Money Managers Securities Pvt. Ltd.,Nagarik Stock Dealer ,2026-04-17 14:31:21.603424,National Hydro Power Company Limited
2026041704018022,NHPC,6,57,1000,316.7,316700.0,2026-04-17,186910323,152,Agrawal Securities (PVT) Ltd.,Aryatara Investment & Securities,2026-04-17 14:31:26.193522,National Hydro Power Company Limited
2026041704018073,NHPC,26,62,100,316.6,31660.0,2026-04-17,186910675,152,Asian Securities Private Ltd.,Capital Max Securities Ltd,2026-04-17 14:31:55.538466,National Hydro Power Company Limited
2026041704018077,NHPC,58,21,200,316.5,63300.0,2026-04-17,186910722,152,Naasa Securities Co. Ltd.,Midas Stock Broking Company Private Limited,2026-04-17 14:31:59.282189,National Hydro Power Company Limited
2026041704018078,NHPC,45,21,100,316.5,31650.0,2026-04-17,186910724,152,Imperial Securities Company Pvt. Ltd.,Midas Stock Broking Company Private Limited,2026-04-17 14:31:59.282300,National Hydro Power Company Limited
2026041704018079,NHPC,80,21,10,316.3,3163.0,2026-04-17,186910726,152,Indira securities pvt. ltd,Midas Stock Broking Company Private Limited,2026-04-17 14:31:59.282423,National Hydro Power Company Limited
2026041704018080,NHPC,29,21,40,316.3,12652.0,2026-04-17,186910728,152,Trisul Securities & Invt. Ltd.,Midas Stock Broking Company Private Limited,2026-04-17 14:31:59.282488,National Hydro Power Company Limited
2026041704018081,NHPC,45,21,157,316.1,49627.7,2026-04-17,186910730,152,Imperial Securities Company Pvt. Ltd.,Midas Stock Broking Company Private Limited,2026-04-17 14:31:59.282559,National Hydro Power Company Limited
2026041704018082,NHPC,74,21,50,316.1,15805.0,2026-04-17,186910732,152,KALASH STOCK MARKET PVT. LTD.,Midas Stock Broking Company Private Limited,2026-04-17 14:31:59.282624,National Hydro Power Company Limited
2026041704018083,NHPC,34,21,100,316.0,31600.0,2026-04-17,186910734,152,Vision Securities Pvt. Ltd,Midas Stock Broking Company Private Limited,2026-04-17 14:31:59.282692,National Hydro Power Company Limited
2026041704018084,NHPC,70,21,343,316.0,108388.0,2026-04-17,186910735,152,Infinity Securities Limited,Midas Stock Broking Company Private Limited,2026-04-17 14:31:59.282761,National Hydro Power Company Limited
2026041704018086,NHPC,70,14,157,316.0,49612.0,2026-04-17,186910742,152,Infinity Securities Limited,Nepal Stock House (PVT) Ltd.,2026-04-17 14:31:59.697477,National Hydro Power Company Limited
2026041704018087,NHPC,49,14,343,316.0,108388.0,2026-04-17,186910743,152,Online Securities Pvt. Ltd.,Nepal Stock House (PVT) Ltd.,2026-04-17 14:31:59.698322,National Hydro Power Company Limited
2026041704018128,NHPC,49,6,200,316.0,63200.0,2026-04-17,186911089,152,Online Securities Pvt. Ltd.,Agrawal Securities (PVT) Ltd.,2026-04-17 14:32:27.029116,National Hydro Power Company Limited
2026041704018141,NHPC,49,14,500,316.0,158000.0,2026-04-17,186911165,152,Online Securities Pvt. Ltd.,Nepal Stock House (PVT) Ltd.,2026-04-17 14:32:36.001256,National Hydro Power Company Limited
2026041704018193,NHPC,21,60,500,316.1,158050.0,2026-04-17,186911480,152,Midas Stock Broking Company Private Limited,Nagarik Stock Dealer ,2026-04-17 14:33:03.367621,National Hydro Power Company Limited
2026041704018194,NHPC,49,60,957,316.0,302412.0,2026-04-17,186911482,152,Online Securities Pvt. Ltd.,Nagarik Stock Dealer ,2026-04-17 14:33:03.367705,National Hydro Power Company Limited
2026041704018195,NHPC,37,60,700,316.0,221200.0,2026-04-17,186911484,152,Swarna Laxmi Securities Pvt. Ltd.,Nagarik Stock Dealer ,2026-04-17 14:33:03.367732,National Hydro Power Company Limited
2026041704018196,NHPC,22,60,125,316.0,39500.0,2026-04-17,186911486,152,Siprabi Securities Pvt. Ltd.,Nagarik Stock Dealer ,2026-04-17 14:33:03.367755,National Hydro Power Company Limited
2026041704018197,NHPC,58,60,200,316.0,63200.0,2026-04-17,186911488,152,Naasa Securities Co. Ltd.,Nagarik Stock Dealer ,2026-04-17 14:33:03.367780,National Hydro Power Company Limited
2026041704018198,NHPC,35,60,50,316.0,15800.0,2026-04-17,186911490,152,Kohinoor Investment & Securities Pvt. Ltd.,Nagarik Stock Dealer ,2026-04-17 14:33:03.367801,National Hydro Power Company Limited
2026041704018199,NHPC,19,60,100,316.0,31600.0,2026-04-17,186911492,152,Nepal Investment And Securities Trading Private Limited,Nagarik Stock Dealer ,2026-04-17 14:33:03.367826,National Hydro Power Company Limited
2026041704018200,NHPC,58,60,500,316.0,158000.0,2026-04-17,186911494,152,Naasa Securities Co. Ltd.,Nagarik Stock Dealer ,2026-04-17 14:33:03.367851,National Hydro Power Company Limited
2026041704018201,NHPC,58,60,200,316.0,63200.0,2026-04-17,186911496,152,Naasa Securities Co. Ltd.,Nagarik Stock Dealer ,2026-04-17 14:33:03.367873,National Hydro Power Company Limited
2026041704018202,NHPC,28,60,550,316.0,173800.0,2026-04-17,186911498,152,Shree Krishna Securities Ltd.,Nagarik Stock Dealer ,2026-04-17 14:33:03.367900,National Hydro Power Company Limited
2026041704018203,NHPC,58,60,10,316.0,3160.0,2026-04-17,186911500,152,Naasa Securities Co. Ltd.,Nagarik Stock Dealer ,2026-04-17 14:33:03.367925,National Hydro Power Company Limited
2026041704018204,NHPC,94,60,500,316.0,158000.0,2026-04-17,186911501,152,K.B.L. Securities Limited ,Nagarik Stock Dealer ,2026-04-17 14:33:03.367967,National Hydro Power Company Limited
2026041704018224,NHPC,38,45,250,316.0,79000.0,2026-04-17,186911629,152,Dipshikha Dhitopatra Karobar Co. Pvt Ltd.,Imperial Securities Company Pvt. Ltd.,2026-04-17 14:33:15.680648,National Hydro Power Company Limited
2026041704018226,NHPC,38,64,250,316.0,79000.0,2026-04-17,186911648,152,Dipshikha Dhitopatra Karobar Co. Pvt Ltd.,SUN SECURITIES PVT LTD,2026-04-17 14:33:17.013897,National Hydro Power Company Limited
2026041704018227,NHPC,42,64,50,316.0,15800.0,2026-04-17,186911650,152,Sani Securities Company Ltd.,SUN SECURITIES PVT LTD,2026-04-17 14:33:17.015745,National Hydro Power Company Limited
2026041704018275,NHPC,57,64,500,316.0,158000.0,2026-04-17,186911982,152,Aryatara Investment & Securities,SUN SECURITIES PVT LTD,2026-04-17 14:33:46.251463,National Hydro Power Company Limited
2026041704018279,NHPC,26,64,100,315.5,31550.0,2026-04-17,186912038,152,Asian Securities Private Ltd.,SUN SECURITIES PVT LTD,2026-04-17 14:33:54.524839,National Hydro Power Company Limited
2026041704018280,NHPC,17,64,50,315.5,15775.0,2026-04-17,186912040,152,ABC Securities Private Limited,SUN SECURITIES PVT LTD,2026-04-17 14:33:54.526859,National Hydro Power Company Limited
2026041704018281,NHPC,56,64,1000,315.5,315500.0,2026-04-17,186912042,152,Sri Hari Securities Pvt. Ltd.,SUN SECURITIES PVT LTD,2026-04-17 14:33:54.528373,National Hydro Power Company Limited
2026041704018282,NHPC,48,64,52,315.5,16406.0,2026-04-17,186912043,152,Trishakti Securities Public Limited,SUN SECURITIES PVT LTD,2026-04-17 14:33:54.529893,National Hydro Power Company Limited
2026041704018285,NHPC,48,35,48,315.5,15144.0,2026-04-17,186912074,152,Trishakti Securities Public Limited,Kohinoor Investment & Securities Pvt. Ltd.,2026-04-17 14:33:57.527793,National Hydro Power Company Limited
2026041704018286,NHPC,58,35,200,315.2,63040.0,2026-04-17,186912076,152,Naasa Securities Co. Ltd.,Kohinoor Investment & Securities Pvt. Ltd.,2026-04-17 14:33:57.528818,National Hydro Power Company Limited
2026041704018287,NHPC,26,35,100,315.1,31510.0,2026-04-17,186912078,152,Asian Securities Private Ltd.,Kohinoor Investment & Securities Pvt. Ltd.,2026-04-17 14:33:57.529567,National Hydro Power Company Limited
2026041704018288,NHPC,57,35,100,315.1,31510.0,2026-04-17,186912080,152,Aryatara Investment & Securities,Kohinoor Investment & Securities Pvt. Ltd.,2026-04-17 14:33:57.530195,National Hydro Power Company Limited
2026041704018289,NHPC,70,35,552,315.1,173935.2,2026-04-17,186912081,152,Infinity Securities Limited,Kohinoor Investment & Securities Pvt. Ltd.,2026-04-17 14:33:57.530845,National Hydro Power Company Limited
2026041704018290,NHPC,80,64,11,316.0,3476.0,2026-04-17,186912132,152,Indira securities pvt. ltd,SUN SECURITIES PVT LTD,2026-04-17 14:34:02.933144,National Hydro Power Company Limited
2026041704018298,NHPC,38,64,100,316.0,31600.0,2026-04-17,186912256,152,Dipshikha Dhitopatra Karobar Co. Pvt Ltd.,SUN SECURITIES PVT LTD,2026-04-17 14:34:13.447660,National Hydro Power Company Limited
2026041704018303,NHPC,33,42,40,315.2,12608.0,2026-04-17,186912327,152,Dakshinkali Investment & Securities Pvt. Ltd.,Sani Securities Company Ltd.,2026-04-17 14:34:17.467589,National Hydro Power Company Limited
2026041704018333,NHPC,6,38,10,315.7,3157.0,2026-04-17,186912557,152,Agrawal Securities (PVT) Ltd.,Dipshikha Dhitopatra Karobar Co. Pvt Ltd.,2026-04-17 14:34:38.642834,National Hydro Power Company Limited
2026041704018342,NHPC,60,64,89,316.0,28124.0,2026-04-17,186912627,152,Nagarik Stock Dealer ,SUN SECURITIES PVT LTD,2026-04-17 14:34:42.014141,National Hydro Power Company Limited
2026041704018343,NHPC,60,6,100,316.0,31600.0,2026-04-17,186912629,152,Nagarik Stock Dealer ,Agrawal Securities (PVT) Ltd.,2026-04-17 14:34:42.014280,National Hydro Power Company Limited
2026041704018344,NHPC,60,70,811,316.0,256276.0,2026-04-17,186912632,152,Nagarik Stock Dealer ,Infinity Securities Limited,2026-04-17 14:34:42.014379,National Hydro Power Company Limited
2026041704018403,NHPC,26,70,189,316.0,59724.0,2026-04-17,186912962,152,Asian Securities Private Ltd.,Infinity Securities Limited,2026-04-17 14:35:09.311598,National Hydro Power Company Limited
2026041704018404,NHPC,69,35,100,316.0,31600.0,2026-04-17,186912982,152,INDEX SECURITIES LIMITED,Kohinoor Investment & Securities Pvt. Ltd.,2026-04-17 14:35:11.225099,National Hydro Power Company Limited
2026041704018424,NHPC,48,35,900,316.0,284400.0,2026-04-17,186913156,152,Trishakti Securities Public Limited,Kohinoor Investment & Securities Pvt. Ltd.,2026-04-17 14:35:24.822865,National Hydro Power Company Limited
2026041704018459,NHPC,6,35,1000,316.0,316000.0,2026-04-17,186913453,152,Agrawal Securities (PVT) Ltd.,Kohinoor Investment & Securities Pvt. Ltd.,2026-04-17 14:35:41.783587,National Hydro Power Company Limited
2026041704018469,NHPC,50,32,77,316.9,24401.3,2026-04-17,186913557,152,Cristal Kanchanjanga Securites Pvt. Ltd.,Premier Securities Company Ltd.,2026-04-17 14:35:54.356764,National Hydro Power Company Limited
2026041704018470,NHPC,50,35,1000,316.9,316900.0,2026-04-17,186913559,152,Cristal Kanchanjanga Securites Pvt. Ltd.,Kohinoor Investment & Securities Pvt. Ltd.,2026-04-17 14:35:54.358751,National Hydro Power Company Limited
2026041704018471,NHPC,50,60,1304,317.0,413368.0,2026-04-17,186913561,152,Cristal Kanchanjanga Securites Pvt. Ltd.,Nagarik Stock Dealer ,2026-04-17 14:35:54.360325,National Hydro Power Company Limited
2026041704018495,NHPC,50,35,1000,317.0,317000.0,2026-04-17,186913699,152,Cristal Kanchanjanga Securites Pvt. Ltd.,Kohinoor Investment & Securities Pvt. Ltd.,2026-04-17 14:36:00.690179,National Hydro Power Company Limited
2026041704018512,NHPC,50,14,119,317.0,37723.0,2026-04-17,186913946,152,Cristal Kanchanjanga Securites Pvt. Ltd.,Nepal Stock House (PVT) Ltd.,2026-04-17 14:36:14.519516,National Hydro Power Company Limited
2026041704018513,NHPC,6,14,490,316.0,154840.0,2026-04-17,186913948,152,Agrawal Securities (PVT) Ltd.,Nepal Stock House (PVT) Ltd.,2026-04-17 14:36:14.520579,National Hydro Power Company Limited
2026041704018514,NHPC,45,14,1000,316.0,316000.0,2026-04-17,186913950,152,Imperial Securities Company Pvt. Ltd.,Nepal Stock House (PVT) Ltd.,2026-04-17 14:36:14.521399,National Hydro Power Company Limited
2026041704018515,NHPC,48,14,100,316.0,31600.0,2026-04-17,186913952,152,Trishakti Securities Public Limited,Nepal Stock House (PVT) Ltd.,2026-04-17 14:36:14.522029,National Hydro Power Company Limited
2026041704018516,NHPC,26,14,791,316.0,249956.0,2026-04-17,186913953,152,Asian Securities Private Ltd.,Nepal Stock House (PVT) Ltd.,2026-04-17 14:36:14.522637,National Hydro Power Company Limited
2026041704018520,NHPC,66,32,77,317.9,24478.3,2026-04-17,186914043,152,Miyo Securities Pvt Ltd,Premier Securities Company Ltd.,2026-04-17 14:36:22.955938,National Hydro Power Company Limited
2026041704018521,NHPC,66,58,305,318.0,96990.0,2026-04-17,186914045,152,Miyo Securities Pvt Ltd,Naasa Securities Co. Ltd.,2026-04-17 14:36:22.956953,National Hydro Power Company Limited
2026041704018522,NHPC,66,14,118,318.0,37524.0,2026-04-17,186914048,152,Miyo Securities Pvt Ltd,Nepal Stock House (PVT) Ltd.,2026-04-17 14:36:22.957505,National Hydro Power Company Limited
2026041704018527,NHPC,53,35,500,316.1,158050.0,2026-04-17,186914082,152,Investment Management Nepal Pvt. Ltd.,Kohinoor Investment & Securities Pvt. Ltd.,2026-04-17 14:36:27.702669,National Hydro Power Company Limited
2026041704018528,NHPC,26,35,209,316.0,66044.0,2026-04-17,186914084,152,Asian Securities Private Ltd.,Kohinoor Investment & Securities Pvt. Ltd.,2026-04-17 14:36:27.704789,National Hydro Power Company Limited
2026041704018529,NHPC,52,35,291,316.0,91956.0,2026-04-17,186914085,152,Sundhara Securities Limited,Kohinoor Investment & Securities Pvt. Ltd.,2026-04-17 14:36:27.706817,National Hydro Power Company Limited
2026041704018570,NHPC,26,14,100,316.3,31630.0,2026-04-17,186914564,152,Asian Securities Private Ltd.,Nepal Stock House (PVT) Ltd.,2026-04-17 14:36:57.064664,National Hydro Power Company Limited
2026041704018571,NHPC,69,14,100,316.2,31620.0,2026-04-17,186914566,152,INDEX SECURITIES LIMITED,Nepal Stock House (PVT) Ltd.,2026-04-17 14:36:57.065623,National Hydro Power Company Limited
2026041704018572,NHPC,48,14,100,316.1,31610.0,2026-04-17,186914568,152,Trishakti Securities Public Limited,Nepal Stock House (PVT) Ltd.,2026-04-17 14:36:57.066156,National Hydro Power Company Limited
2026041704018573,NHPC,52,14,659,316.0,208244.0,2026-04-17,186914570,152,Sundhara Securities Limited,Nepal Stock House (PVT) Ltd.,2026-04-17 14:36:57.067763,National Hydro Power Company Limited
2026041704018574,NHPC,62,14,29,316.0,9164.0,2026-04-17,186914572,152,Capital Max Securities Ltd,Nepal Stock House (PVT) Ltd.,2026-04-17 14:36:57.069378,National Hydro Power Company Limited
2026041704018575,NHPC,99,14,12,316.0,3792.0,2026-04-17,186914573,152,Prabhu Stock Market Limited,Nepal Stock House (PVT) Ltd.,2026-04-17 14:36:57.070953,National Hydro Power Company Limited
2026041704018583,NHPC,71,14,882,318.0,280476.0,2026-04-17,186914703,152,SHUBHAKAMANA SECURITIES PVT. LTD,Nepal Stock House (PVT) Ltd.,2026-04-17 14:37:03.790852,National Hydro Power Company Limited
2026041704018584,NHPC,71,62,118,318.0,37524.0,2026-04-17,186914706,152,SHUBHAKAMANA SECURITIES PVT. LTD,Capital Max Securities Ltd,2026-04-17 14:37:03.790927,National Hydro Power Company Limited
2026041704018614,NHPC,42,62,500,318.0,159000.0,2026-04-17,186914980,152,Sani Securities Company Ltd.,Capital Max Securities Ltd,2026-04-17 14:37:24.725156,National Hydro Power Company Limited
2026041704018690,NHPC,94,28,100,318.0,31800.0,2026-04-17,186915814,152,K.B.L. Securities Limited ,Shree Krishna Securities Ltd.,2026-04-17 14:38:37.822632,National Hydro Power Company Limited
2026041704018706,NHPC,99,28,200,318.0,63600.0,2026-04-17,186916039,152,Prabhu Stock Market Limited,Shree Krishna Securities Ltd.,2026-04-17 14:38:57.541442,National Hydro Power Company Limited
2026041704018707,NHPC,99,6,300,318.0,95400.0,2026-04-17,186916042,152,Prabhu Stock Market Limited,Agrawal Securities (PVT) Ltd.,2026-04-17 14:38:57.542469,National Hydro Power Company Limited
2026041704018710,NHPC,77,6,400,318.0,127200.0,2026-04-17,186916213,152,Nabil Stock Dealer Ltd.,Agrawal Securities (PVT) Ltd.,2026-04-17 14:39:08.405000,National Hydro Power Company Limited
2026041704018711,NHPC,77,62,500,318.5,159250.0,2026-04-17,186916215,152,Nabil Stock Dealer Ltd.,Capital Max Securities Ltd,2026-04-17 14:39:08.407191,National Hydro Power Company Limited
2026041704018712,NHPC,77,58,300,318.5,95550.0,2026-04-17,186916217,152,Nabil Stock Dealer Ltd.,Naasa Securities Co. Ltd.,2026-04-17 14:39:08.409339,National Hydro Power Company Limited
2026041704018713,NHPC,77,58,300,319.0,95700.0,2026-04-17,186916219,152,Nabil Stock Dealer Ltd.,Naasa Securities Co. Ltd.,2026-04-17 14:39:08.411020,National Hydro Power Company Limited
2026041704018714,NHPC,77,51,500,319.0,159500.0,2026-04-17,186916221,152,Nabil Stock Dealer Ltd.,Oxford Securities Pvt. Ltd.,2026-04-17 14:39:08.412656,National Hydro Power Company Limited
2026041704018715,NHPC,77,62,1382,319.0,440858.0,2026-04-17,186916223,152,Nabil Stock Dealer Ltd.,Capital Max Securities Ltd,2026-04-17 14:39:08.414273,National Hydro Power Company Limited
2026041704018716,NHPC,77,35,10,319.0,3190.0,2026-04-17,186916225,152,Nabil Stock Dealer Ltd.,Kohinoor Investment & Securities Pvt. Ltd.,2026-04-17 14:39:08.415910,National Hydro Power Company Limited
2026041704018717,NHPC,77,34,90,319.0,28710.0,2026-04-17,186916227,152,Nabil Stock Dealer Ltd.,Vision Securities Pvt. Ltd,2026-04-17 14:39:08.417537,National Hydro Power Company Limited
2026041704018729,NHPC,77,56,1518,319.0,484242.0,2026-04-17,186916361,152,Nabil Stock Dealer Ltd.,Sri Hari Securities Pvt. Ltd.,2026-04-17 14:39:20.057637,National Hydro Power Company Limited
2026041704018730,NHPC,6,41,135,318.0,42930.0,2026-04-17,186916383,152,Agrawal Securities (PVT) Ltd.,Linch Stock Market Ltd.,2026-04-17 14:39:22.789368,National Hydro Power Company Limited
2026041704018744,NHPC,26,56,50,318.1,15905.0,2026-04-17,186916548,152,Asian Securities Private Ltd.,Sri Hari Securities Pvt. Ltd.,2026-04-17 14:39:37.889616,National Hydro Power Company Limited
2026041704018745,NHPC,6,56,1510,318.0,480180.0,2026-04-17,186916549,152,Agrawal Securities (PVT) Ltd.,Sri Hari Securities Pvt. Ltd.,2026-04-17 14:39:37.891735,National Hydro Power Company Limited
2026041704018751,NHPC,6,50,100,318.0,31800.0,2026-04-17,186916593,152,Agrawal Securities (PVT) Ltd.,Cristal Kanchanjanga Securites Pvt. Ltd.,2026-04-17 14:39:41.558919,National Hydro Power Company Limited
2026041704018758,NHPC,6,56,1560,318.0,496080.0,2026-04-17,186916649,152,Agrawal Securities (PVT) Ltd.,Sri Hari Securities Pvt. Ltd.,2026-04-17 14:39:46.595113,National Hydro Power Company Limited
2026041704018774,NHPC,58,62,10,319.5,3195.0,2026-04-17,186916762,152,Naasa Securities Co. Ltd.,Capital Max Securities Ltd,2026-04-17 14:39:53.390147,National Hydro Power Company Limited
2026041704018775,NHPC,6,56,1195,318.0,380010.0,2026-04-17,186916766,152,Agrawal Securities (PVT) Ltd.,Sri Hari Securities Pvt. Ltd.,2026-04-17 14:39:54.428221,National Hydro Power Company Limited
2026041704018776,NHPC,14,56,365,318.0,116070.0,2026-04-17,186916767,152,Nepal Stock House (PVT) Ltd.,Sri Hari Securities Pvt. Ltd.,2026-04-17 14:39:54.430322,National Hydro Power Company Limited
2026041704018777,NHPC,14,39,135,318.0,42930.0,2026-04-17,186916784,152,Nepal Stock House (PVT) Ltd.,Sumeru Securities Pvt. Ltd.,2026-04-17 14:39:56.402227,National Hydro Power Company Limited
2026041704018783,NHPC,7,39,365,318.0,116070.0,2026-04-17,186916839,152,J.F. Securites (PVT) Ltd.,Sumeru Securities Pvt. Ltd.,2026-04-17 14:40:01.832012,National Hydro Power Company Limited
2026041704018802,NHPC,58,70,10,319.0,3190.0,2026-04-17,186916942,152,Naasa Securities Co. Ltd.,Infinity Securities Limited,2026-04-17 14:40:14.143810,National Hydro Power Company Limited
2026041704018806,NHPC,94,70,990,319.0,315810.0,2026-04-17,186916969,152,K.B.L. Securities Limited ,Infinity Securities Limited,2026-04-17 14:40:18.225403,National Hydro Power Company Limited
2026041704018807,NHPC,94,62,48,319.5,15336.0,2026-04-17,186916971,152,K.B.L. Securities Limited ,Capital Max Securities Ltd,2026-04-17 14:40:18.225570,National Hydro Power Company Limited
2026041704018808,NHPC,94,14,500,319.5,159750.0,2026-04-17,186916973,152,K.B.L. Securities Limited ,Nepal Stock House (PVT) Ltd.,2026-04-17 14:40:18.225645,National Hydro Power Company Limited
2026041704018809,NHPC,94,34,2000,319.8,639600.0,2026-04-17,186916975,152,K.B.L. Securities Limited ,Vision Securities Pvt. Ltd,2026-04-17 14:40:18.225713,National Hydro Power Company Limited
2026041704018810,NHPC,94,48,550,319.8,175890.0,2026-04-17,186916977,152,K.B.L. Securities Limited ,Trishakti Securities Public Limited,2026-04-17 14:40:18.225775,National Hydro Power Company Limited
2026041704018811,NHPC,94,89,912,319.9,291748.8,2026-04-17,186916980,152,K.B.L. Securities Limited ,Global IME Securities Limited,2026-04-17 14:40:18.225848,National Hydro Power Company Limited
2026041704018846,NHPC,58,56,1000,319.5,319500.0,2026-04-17,186917240,152,Naasa Securities Co. Ltd.,Sri Hari Securities Pvt. Ltd.,2026-04-17 14:40:39.657683,National Hydro Power Company Limited
2026041704018863,NHPC,98,56,700,318.1,222670.0,2026-04-17,186917434,152,Trademow Securities Private Limited,Sri Hari Securities Pvt. Ltd.,2026-04-17 14:40:55.141466,National Hydro Power Company Limited
2026041704018864,NHPC,7,56,250,318.1,79525.0,2026-04-17,186917436,152,J.F. Securites (PVT) Ltd.,Sri Hari Securities Pvt. Ltd.,2026-04-17 14:40:55.142364,National Hydro Power Company Limited
2026041704018865,NHPC,34,56,500,318.0,159000.0,2026-04-17,186917438,152,Vision Securities Pvt. Ltd,Sri Hari Securities Pvt. Ltd.,2026-04-17 14:40:55.142898,National Hydro Power Company Limited
2026041704018866,NHPC,4,56,110,318.0,34980.0,2026-04-17,186917439,152,Opal Securities Investment (PVT) Ltd.,Sri Hari Securities Pvt. Ltd.,2026-04-17 14:40:55.143426,National Hydro Power Company Limited
2026041704018874,NHPC,74,56,560,319.5,178920.0,2026-04-17,186917533,152,KALASH STOCK MARKET PVT. LTD.,Sri Hari Securities Pvt. Ltd.,2026-04-17 14:41:01.907415,National Hydro Power Company Limited
2026041704018875,NHPC,74,49,940,319.5,300330.0,2026-04-17,186917536,152,KALASH STOCK MARKET PVT. LTD.,Online Securities Pvt. Ltd.,2026-04-17 14:41:01.907553,National Hydro Power Company Limited
2026041704018889,NHPC,4,64,390,318.0,124020.0,2026-04-17,186917648,152,Opal Securities Investment (PVT) Ltd.,SUN SECURITIES PVT LTD,2026-04-17 14:41:10.336521,National Hydro Power Company Limited
2026041704018890,NHPC,6,64,110,318.0,34980.0,2026-04-17,186917649,152,Agrawal Securities (PVT) Ltd.,SUN SECURITIES PVT LTD,2026-04-17 14:41:10.339116,National Hydro Power Company Limited
2026041704018922,NHPC,58,21,10,319.0,3190.0,2026-04-17,186917834,152,Naasa Securities Co. Ltd.,Midas Stock Broking Company Private Limited,2026-04-17 14:41:28.473163,National Hydro Power Company Limited
2026041704018923,NHPC,63,21,990,319.0,315810.0,2026-04-17,186917837,152,Himalayan Brokerage Company Limited,Midas Stock Broking Company Private Limited,2026-04-17 14:41:29.014675,National Hydro Power Company Limited
2026041704018924,NHPC,63,32,11,319.4,3513.4,2026-04-17,186917839,152,Himalayan Brokerage Company Limited,Premier Securities Company Ltd.,2026-04-17 14:41:29.015556,National Hydro Power Company Limited
2026041704018925,NHPC,63,49,60,319.5,19170.0,2026-04-17,186917841,152,Himalayan Brokerage Company Limited,Online Securities Pvt. Ltd.,2026-04-17 14:41:29.016098,National Hydro Power Company Limited
2026041704018926,NHPC,63,14,500,319.5,159750.0,2026-04-17,186917843,152,Himalayan Brokerage Company Limited,Nepal Stock House (PVT) Ltd.,2026-04-17 14:41:29.016627,National Hydro Power Company Limited
2026041704018927,NHPC,63,35,2000,319.5,639000.0,2026-04-17,186917845,152,Himalayan Brokerage Company Limited,Kohinoor Investment & Securities Pvt. Ltd.,2026-04-17 14:41:29.017150,National Hydro Power Company Limited
2026041704018928,NHPC,63,62,1439,319.6,459904.4,2026-04-17,186917848,152,Himalayan Brokerage Company Limited,Capital Max Securities Ltd,2026-04-17 14:41:29.017681,National Hydro Power Company Limited
2026041704018972,NHPC,22,64,50,319.0,15950.0,2026-04-17,186918280,152,Siprabi Securities Pvt. Ltd.,SUN SECURITIES PVT LTD,2026-04-17 14:42:01.752397,National Hydro Power Company Limited
2026041704018973,NHPC,26,64,50,318.3,15915.0,2026-04-17,186918282,152,Asian Securities Private Ltd.,SUN SECURITIES PVT LTD,2026-04-17 14:42:01.753368,National Hydro Power Company Limited
2026041704018974,NHPC,42,64,1000,318.3,318300.0,2026-04-17,186918284,152,Sani Securities Company Ltd.,SUN SECURITIES PVT LTD,2026-04-17 14:42:01.753906,National Hydro Power Company Limited
2026041704018975,NHPC,34,64,500,318.2,159100.0,2026-04-17,186918286,152,Vision Securities Pvt. Ltd,SUN SECURITIES PVT LTD,2026-04-17 14:42:01.754431,National Hydro Power Company Limited
2026041704018976,NHPC,6,64,890,318.2,283198.0,2026-04-17,186918288,152,Agrawal Securities (PVT) Ltd.,SUN SECURITIES PVT LTD,2026-04-17 14:42:01.754946,National Hydro Power Company Limited
2026041704018977,NHPC,81,64,1000,318.0,318000.0,2026-04-17,186918290,152,Aakashbhairab Securities Ltd.,SUN SECURITIES PVT LTD,2026-04-17 14:42:01.755479,National Hydro Power Company Limited
2026041704018978,NHPC,33,64,960,318.0,305280.0,2026-04-17,186918292,152,Dakshinkali Investment & Securities Pvt. Ltd.,SUN SECURITIES PVT LTD,2026-04-17 14:42:01.755995,National Hydro Power Company Limited
2026041704018979,NHPC,1,64,70,317.0,22190.0,2026-04-17,186918294,152,Kumari Securities Private Limited,SUN SECURITIES PVT LTD,2026-04-17 14:42:01.756519,National Hydro Power Company Limited
2026041704018980,NHPC,82,64,1000,317.0,317000.0,2026-04-17,186918296,152,N.M.B. SECURITIES LIMITED,SUN SECURITIES PVT LTD,2026-04-17 14:42:01.757036,National Hydro Power Company Limited
2026041704018981,NHPC,77,64,500,317.0,158500.0,2026-04-17,186918298,152,Nabil Stock Dealer Ltd.,SUN SECURITIES PVT LTD,2026-04-17 14:42:01.757559,National Hydro Power Company Limited
2026041704018982,NHPC,77,64,500,317.0,158500.0,2026-04-17,186918300,152,Nabil Stock Dealer Ltd.,SUN SECURITIES PVT LTD,2026-04-17 14:42:01.758092,National Hydro Power Company Limited
2026041704018983,NHPC,13,64,333,317.0,105561.0,2026-04-17,186918302,152,Thrive Brokerage House Pvt. Ltd,SUN SECURITIES PVT LTD,2026-04-17 14:42:01.758613,National Hydro Power Company Limited
2026041704018984,NHPC,49,64,208,317.0,65936.0,2026-04-17,186918304,152,Online Securities Pvt. Ltd.,SUN SECURITIES PVT LTD,2026-04-17 14:42:01.759132,National Hydro Power Company Limited
2026041704018985,NHPC,52,64,939,317.0,297663.0,2026-04-17,186918305,152,Sundhara Securities Limited,SUN SECURITIES PVT LTD,2026-04-17 14:42:01.759652,National Hydro Power Company Limited
2026041704019026,NHPC,49,56,1560,319.5,498420.0,2026-04-17,186918481,152,Online Securities Pvt. Ltd.,Sri Hari Securities Pvt. Ltd.,2026-04-17 14:42:06.242551,National Hydro Power Company Limited
2026041704019027,NHPC,49,62,561,319.6,179295.6,2026-04-17,186918483,152,Online Securities Pvt. Ltd.,Capital Max Securities Ltd,2026-04-17 14:42:06.244505,National Hydro Power Company Limited
2026041704019028,NHPC,49,64,500,319.6,159800.0,2026-04-17,186918485,152,Online Securities Pvt. Ltd.,SUN SECURITIES PVT LTD,2026-04-17 14:42:06.246072,National Hydro Power Company Limited
2026041704019029,NHPC,49,32,33,319.7,10550.1,2026-04-17,186918487,152,Online Securities Pvt. Ltd.,Premier Securities Company Ltd.,2026-04-17 14:42:06.247661,National Hydro Power Company Limited
2026041704019030,NHPC,49,57,500,319.7,159850.0,2026-04-17,186918489,152,Online Securities Pvt. Ltd.,Aryatara Investment & Securities,2026-04-17 14:42:06.249233,National Hydro Power Company Limited
2026041704019031,NHPC,49,89,3988,319.9,1275761.2,2026-04-17,186918491,152,Online Securities Pvt. Ltd.,Global IME Securities Limited,2026-04-17 14:42:06.250050,National Hydro Power Company Limited
2026041704019032,NHPC,49,42,1000,319.9,319900.0,2026-04-17,186918493,152,Online Securities Pvt. Ltd.,Sani Securities Company Ltd.,2026-04-17 14:42:06.250583,National Hydro Power Company Limited
2026041704019033,NHPC,49,32,33,319.9,10556.7,2026-04-17,186918495,152,Online Securities Pvt. Ltd.,Premier Securities Company Ltd.,2026-04-17 14:42:06.251104,National Hydro Power Company Limited
2026041704019034,NHPC,49,44,1100,319.9,351890.0,2026-04-17,186918497,152,Online Securities Pvt. Ltd.,Dynamic Money Managers Securities Pvt. Ltd.,2026-04-17 14:42:06.251625,National Hydro Power Company Limited
2026041704019035,NHPC,49,35,6326,319.9,2023687.4,2026-04-17,186918500,152,Online Securities Pvt. Ltd.,Kohinoor Investment & Securities Pvt. Ltd.,2026-04-17 14:42:06.252137,National Hydro Power Company Limited
2026041704019051,NHPC,75,64,3000,318.0,954000.0,2026-04-17,186918642,152,N.I.M.B. Stock Markets Limited,SUN SECURITIES PVT LTD,2026-04-17 14:42:17.806462,National Hydro Power Company Limited
2026041704019052,NHPC,52,64,61,317.0,19337.0,2026-04-17,186918644,152,Sundhara Securities Limited,SUN SECURITIES PVT LTD,2026-04-17 14:42:17.807490,National Hydro Power Company Limited
2026041704019053,NHPC,22,64,142,316.9,44999.8,2026-04-17,186918645,152,Siprabi Securities Pvt. Ltd.,SUN SECURITIES PVT LTD,2026-04-17 14:42:17.808089,National Hydro Power Company Limited
2026041704019062,NHPC,64,33,100,318.2,31820.0,2026-04-17,186918754,152,SUN SECURITIES PVT LTD,Dakshinkali Investment & Securities Pvt. Ltd.,2026-04-17 14:42:24.157051,National Hydro Power Company Limited
2026041704019064,NHPC,6,33,600,318.2,190920.0,2026-04-17,186918763,152,Agrawal Securities (PVT) Ltd.,Dakshinkali Investment & Securities Pvt. Ltd.,2026-04-17 14:42:25.261292,National Hydro Power Company Limited
2026041704019065,NHPC,6,21,200,319.0,63800.0,2026-04-17,186918766,152,Agrawal Securities (PVT) Ltd.,Midas Stock Broking Company Private Limited,2026-04-17 14:42:25.262293,National Hydro Power Company Limited
2026041704019068,NHPC,21,60,69,318.0,21942.0,2026-04-17,186918862,152,Midas Stock Broking Company Private Limited,Nagarik Stock Dealer ,2026-04-17 14:42:29.071713,National Hydro Power Company Limited
2026041704019069,NHPC,26,60,89,317.0,28213.0,2026-04-17,186918863,152,Asian Securities Private Ltd.,Nagarik Stock Dealer ,2026-04-17 14:42:29.071850,National Hydro Power Company Limited
2026041704019080,NHPC,42,56,200,318.0,63600.0,2026-04-17,186919028,152,Sani Securities Company Ltd.,Sri Hari Securities Pvt. Ltd.,2026-04-17 14:42:41.908960,National Hydro Power Company Limited
2026041704019089,NHPC,11,56,25,318.0,7950.0,2026-04-17,186919188,152,Malla & Malla Stock Broking Company Pvt. Limited,Sri Hari Securities Pvt. Ltd.,2026-04-17 14:42:52.975194,National Hydro Power Company Limited
2026041704019119,NHPC,67,58,500,317.2,158600.0,2026-04-17,186919388,152,Property Wiard Limited,Naasa Securities Co. Ltd.,2026-04-17 14:43:10.202754,National Hydro Power Company Limited
2026041704019120,NHPC,11,58,250,317.1,79275.0,2026-04-17,186919390,152,Malla & Malla Stock Broking Company Pvt. Limited,Naasa Securities Co. Ltd.,2026-04-17 14:43:10.203751,National Hydro Power Company Limited
2026041704019121,NHPC,26,58,11,317.0,3487.0,2026-04-17,186919392,152,Asian Securities Private Ltd.,Naasa Securities Co. Ltd.,2026-04-17 14:43:10.204365,National Hydro Power Company Limited
2026041704019122,NHPC,14,58,100,317.0,31700.0,2026-04-17,186919394,152,Nepal Stock House (PVT) Ltd.,Naasa Securities Co. Ltd.,2026-04-17 14:43:10.204952,National Hydro Power Company Limited
2026041704019123,NHPC,58,58,250,317.0,79250.0,2026-04-17,186919396,152,Naasa Securities Co. Ltd.,Naasa Securities Co. Ltd.,2026-04-17 14:43:10.205546,National Hydro Power Company Limited
2026041704019124,NHPC,48,58,250,317.0,79250.0,2026-04-17,186919398,152,Trishakti Securities Public Limited,Naasa Securities Co. Ltd.,2026-04-17 14:43:10.206156,National Hydro Power Company Limited
2026041704019125,NHPC,74,58,500,317.0,158500.0,2026-04-17,186919400,152,KALASH STOCK MARKET PVT. LTD.,Naasa Securities Co. Ltd.,2026-04-17 14:43:10.206797,National Hydro Power Company Limited
2026041704019126,NHPC,42,58,1000,317.0,317000.0,2026-04-17,186919402,152,Sani Securities Company Ltd.,Naasa Securities Co. Ltd.,2026-04-17 14:43:10.207354,National Hydro Power Company Limited
2026041704019131,NHPC,28,58,1000,317.0,317000.0,2026-04-17,186919418,152,Shree Krishna Securities Ltd.,Naasa Securities Co. Ltd.,2026-04-17 14:43:11.596129,National Hydro Power Company Limited
2026041704019141,NHPC,77,58,500,317.0,158500.0,2026-04-17,186919462,152,Nabil Stock Dealer Ltd.,Naasa Securities Co. Ltd.,2026-04-17 14:43:14.041245,National Hydro Power Company Limited
2026041704019154,NHPC,42,58,639,317.0,202563.0,2026-04-17,186919599,152,Sani Securities Company Ltd.,Naasa Securities Co. Ltd.,2026-04-17 14:43:21.899173,National Hydro Power Company Limited
2026041704019165,NHPC,74,56,1000,318.0,318000.0,2026-04-17,186919798,152,KALASH STOCK MARKET PVT. LTD.,Sri Hari Securities Pvt. Ltd.,2026-04-17 14:43:34.411837,National Hydro Power Company Limited
2026041704019170,NHPC,58,56,10,318.0,3180.0,2026-04-17,186919906,152,Naasa Securities Co. Ltd.,Sri Hari Securities Pvt. Ltd.,2026-04-17 14:43:38.661625,National Hydro Power Company Limited
2026041704019171,NHPC,42,64,361,317.0,114437.0,2026-04-17,186919914,152,Sani Securities Company Ltd.,SUN SECURITIES PVT LTD,2026-04-17 14:43:39.624083,National Hydro Power Company Limited
2026041704019172,NHPC,21,64,139,317.0,44063.0,2026-04-17,186919915,152,Midas Stock Broking Company Private Limited,SUN SECURITIES PVT LTD,2026-04-17 14:43:39.625011,National Hydro Power Company Limited
2026041704019173,NHPC,13,56,100,318.0,31800.0,2026-04-17,186919932,152,Thrive Brokerage House Pvt. Ltd,Sri Hari Securities Pvt. Ltd.,2026-04-17 14:43:40.555059,National Hydro Power Company Limited
2026041704019210,NHPC,57,41,50,317.2,15860.0,2026-04-17,186920178,152,Aryatara Investment & Securities,Linch Stock Market Ltd.,2026-04-17 14:44:00.562876,National Hydro Power Company Limited
2026041704019212,NHPC,97,41,50,317.2,15860.0,2026-04-17,186920191,152,R.B.B. Securities Company Ltd,Linch Stock Market Ltd.,2026-04-17 14:44:02.514539,National Hydro Power Company Limited
2026041704019213,NHPC,97,38,10,317.9,3179.0,2026-04-17,186920193,152,R.B.B. Securities Company Ltd,Dipshikha Dhitopatra Karobar Co. Pvt Ltd.,2026-04-17 14:44:02.515486,National Hydro Power Company Limited
2026041704019214,NHPC,97,56,225,318.0,71550.0,2026-04-17,186920195,152,R.B.B. Securities Company Ltd,Sri Hari Securities Pvt. Ltd.,2026-04-17 14:44:02.516080,National Hydro Power Company Limited
2026041704019215,NHPC,97,58,715,318.0,227370.0,2026-04-17,186920198,152,R.B.B. Securities Company Ltd,Naasa Securities Co. Ltd.,2026-04-17 14:44:02.516611,National Hydro Power Company Limited
2026041704019240,NHPC,42,58,55,318.0,17490.0,2026-04-17,186920432,152,Sani Securities Company Ltd.,Naasa Securities Co. Ltd.,2026-04-17 14:44:19.476505,National Hydro Power Company Limited
2026041704019251,NHPC,38,56,50,317.9,15895.0,2026-04-17,186920588,152,Dipshikha Dhitopatra Karobar Co. Pvt Ltd.,Sri Hari Securities Pvt. Ltd.,2026-04-17 14:44:32.444150,National Hydro Power Company Limited
2026041704019265,NHPC,74,56,600,317.9,190740.0,2026-04-17,186920758,152,KALASH STOCK MARKET PVT. LTD.,Sri Hari Securities Pvt. Ltd.,2026-04-17 14:44:47.417567,National Hydro Power Company Limited
2026041704019286,NHPC,67,64,500,317.1,158550.0,2026-04-17,186920913,152,Property Wiard Limited,SUN SECURITIES PVT LTD,2026-04-17 14:45:01.324304,National Hydro Power Company Limited
2026041704019288,NHPC,42,16,1000,317.8,317800.0,2026-04-17,186920930,152,Sani Securities Company Ltd.,Primo Securities (PVT) Ltd.,2026-04-17 14:45:02.392421,National Hydro Power Company Limited
2026041704019301,NHPC,74,56,500,317.9,158950.0,2026-04-17,186921116,152,KALASH STOCK MARKET PVT. LTD.,Sri Hari Securities Pvt. Ltd.,2026-04-17 14:45:12.561052,National Hydro Power Company Limited
2026041704019315,NHPC,71,56,300,317.9,95370.0,2026-04-17,186921192,152,SHUBHAKAMANA SECURITIES PVT. LTD,Sri Hari Securities Pvt. Ltd.,2026-04-17 14:45:17.490058,National Hydro Power Company Limited
2026041704019323,NHPC,21,56,141,317.0,44697.0,2026-04-17,186921300,152,Midas Stock Broking Company Private Limited,Sri Hari Securities Pvt. Ltd.,2026-04-17 14:45:24.400717,National Hydro Power Company Limited
2026041704019324,NHPC,45,56,100,317.0,31700.0,2026-04-17,186921302,152,Imperial Securities Company Pvt. Ltd.,Sri Hari Securities Pvt. Ltd.,2026-04-17 14:45:24.402841,National Hydro Power Company Limited
2026041704019325,NHPC,63,56,30,317.0,9510.0,2026-04-17,186921304,152,Himalayan Brokerage Company Limited,Sri Hari Securities Pvt. Ltd.,2026-04-17 14:45:24.404460,National Hydro Power Company Limited
2026041704019326,NHPC,77,56,500,317.0,158500.0,2026-04-17,186921306,152,Nabil Stock Dealer Ltd.,Sri Hari Securities Pvt. Ltd.,2026-04-17 14:45:24.406044,National Hydro Power Company Limited
2026041704019327,NHPC,10,56,789,317.0,250113.0,2026-04-17,186921307,152,Pragyan Securities (PVT) Ltd.,Sri Hari Securities Pvt. Ltd.,2026-04-17 14:45:24.407632,National Hydro Power Company Limited
2026041704019338,NHPC,10,58,1211,317.0,383887.0,2026-04-17,186921512,152,Pragyan Securities (PVT) Ltd.,Naasa Securities Co. Ltd.,2026-04-17 14:45:36.071888,National Hydro Power Company Limited
2026041704019345,NHPC,7,58,184,317.0,58328.0,2026-04-17,186921590,152,J.F. Securites (PVT) Ltd.,Naasa Securities Co. Ltd.,2026-04-17 14:45:42.862028,National Hydro Power Company Limited
2026041704019362,NHPC,22,56,583,316.9,184752.7,2026-04-17,186921688,152,Siprabi Securities Pvt. Ltd.,Sri Hari Securities Pvt. Ltd.,2026-04-17 14:45:49.028145,National Hydro Power Company Limited
2026041704019363,NHPC,17,56,50,316.8,15840.0,2026-04-17,186921690,152,ABC Securities Private Limited,Sri Hari Securities Pvt. Ltd.,2026-04-17 14:45:49.029126,National Hydro Power Company Limited
2026041704019364,NHPC,58,56,100,316.8,31680.0,2026-04-17,186921692,152,Naasa Securities Co. Ltd.,Sri Hari Securities Pvt. Ltd.,2026-04-17 14:45:49.029672,National Hydro Power Company Limited
2026041704019365,NHPC,38,56,315,316.7,99760.5,2026-04-17,186921694,152,Dipshikha Dhitopatra Karobar Co. Pvt Ltd.,Sri Hari Securities Pvt. Ltd.,2026-04-17 14:45:49.030212,National Hydro Power Company Limited
2026041704019366,NHPC,45,56,512,316.6,162099.2,2026-04-17,186921695,152,Imperial Securities Company Pvt. Ltd.,Sri Hari Securities Pvt. Ltd.,2026-04-17 14:45:49.030747,National Hydro Power Company Limited
2026041704019375,NHPC,45,58,100,317.0,31700.0,2026-04-17,186921760,152,Imperial Securities Company Pvt. Ltd.,Naasa Securities Co. Ltd.,2026-04-17 14:45:54.938258,National Hydro Power Company Limited
2026041704019376,NHPC,72,58,900,317.0,285300.0,2026-04-17,186921778,152,Hatemalo Financial Services Private Limited,Naasa Securities Co. Ltd.,2026-04-17 14:45:55.835271,National Hydro Power Company Limited
2026041704019380,NHPC,63,58,835,317.0,264695.0,2026-04-17,186921835,152,Himalayan Brokerage Company Limited,Naasa Securities Co. Ltd.,2026-04-17 14:46:00.473278,National Hydro Power Company Limited
2026041704019397,NHPC,63,56,165,317.0,52305.0,2026-04-17,186921962,152,Himalayan Brokerage Company Limited,Sri Hari Securities Pvt. Ltd.,2026-04-17 14:46:11.176177,National Hydro Power Company Limited
2026041704019398,NHPC,33,56,100,317.0,31700.0,2026-04-17,186921964,152,Dakshinkali Investment & Securities Pvt. Ltd.,Sri Hari Securities Pvt. Ltd.,2026-04-17 14:46:11.177134,National Hydro Power Company Limited
2026041704019399,NHPC,35,56,500,317.0,158500.0,2026-04-17,186921966,152,Kohinoor Investment & Securities Pvt. Ltd.,Sri Hari Securities Pvt. Ltd.,2026-04-17 14:46:11.177733,National Hydro Power Company Limited
2026041704019400,NHPC,36,56,45,317.0,14265.0,2026-04-17,186921968,152,Secured Securities Ltd.,Sri Hari Securities Pvt. Ltd.,2026-04-17 14:46:11.178262,National Hydro Power Company Limited
2026041704019405,NHPC,22,56,50,317.0,15850.0,2026-04-17,186922218,152,Siprabi Securities Pvt. Ltd.,Sri Hari Securities Pvt. Ltd.,2026-04-17 14:46:16.182791,National Hydro Power Company Limited
2026041704019406,NHPC,57,56,500,317.0,158500.0,2026-04-17,186922232,152,Aryatara Investment & Securities,Sri Hari Securities Pvt. Ltd.,2026-04-17 14:46:16.709945,National Hydro Power Company Limited
2026041704019408,NHPC,57,56,50,317.0,15850.0,2026-04-17,186922242,152,Aryatara Investment & Securities,Sri Hari Securities Pvt. Ltd.,2026-04-17 14:46:17.495933,National Hydro Power Company Limited
2026041704019435,NHPC,58,56,150,317.0,47550.0,2026-04-17,186922469,152,Naasa Securities Co. Ltd.,Sri Hari Securities Pvt. Ltd.,2026-04-17 14:46:24.563404,National Hydro Power Company Limited
2026041704019446,NHPC,58,58,50,317.0,15850.0,2026-04-17,186922588,152,Naasa Securities Co. Ltd.,Naasa Securities Co. Ltd.,2026-04-17 14:46:30.546875,National Hydro Power Company Limited
2026041704019447,NHPC,99,58,500,317.0,158500.0,2026-04-17,186922590,152,Prabhu Stock Market Limited,Naasa Securities Co. Ltd.,2026-04-17 14:46:30.548962,National Hydro Power Company Limited
2026041704019448,NHPC,5,58,100,317.0,31700.0,2026-04-17,186922592,152,Market Securities & Exchange (PVT) Ltd.,Naasa Securities Co. Ltd.,2026-04-17 14:46:30.550597,National Hydro Power Company Limited
2026041704019452,NHPC,69,7,100,316.7,31670.0,2026-04-17,186922656,152,INDEX SECURITIES LIMITED,J.F. Securites (PVT) Ltd.,2026-04-17 14:46:35.667509,National Hydro Power Company Limited
2026041704019453,NHPC,45,7,900,316.6,284940.0,2026-04-17,186922657,152,Imperial Securities Company Pvt. Ltd.,J.F. Securites (PVT) Ltd.,2026-04-17 14:46:35.668507,National Hydro Power Company Limited
2026041704019454,NHPC,45,56,588,316.6,186160.8,2026-04-17,186922674,152,Imperial Securities Company Pvt. Ltd.,Sri Hari Securities Pvt. Ltd.,2026-04-17 14:46:36.885535,National Hydro Power Company Limited
2026041704019455,NHPC,49,56,350,316.6,110810.0,2026-04-17,186922676,152,Online Securities Pvt. Ltd.,Sri Hari Securities Pvt. Ltd.,2026-04-17 14:46:36.886519,National Hydro Power Company Limited
2026041704019478,NHPC,42,7,1000,316.5,316500.0,2026-04-17,186922843,152,Sani Securities Company Ltd.,J.F. Securites (PVT) Ltd.,2026-04-17 14:46:42.583204,National Hydro Power Company Limited
2026041704019496,NHPC,77,56,500,316.6,158300.0,2026-04-17,186922944,152,Nabil Stock Dealer Ltd.,Sri Hari Securities Pvt. Ltd.,2026-04-17 14:46:48.654331,National Hydro Power Company Limited
2026041704019503,NHPC,35,7,1000,316.5,316500.0,2026-04-17,186922977,152,Kohinoor Investment & Securities Pvt. Ltd.,J.F. Securites (PVT) Ltd.,2026-04-17 14:46:50.914589,National Hydro Power Company Limited
2026041704019517,NHPC,69,56,100,316.6,31660.0,2026-04-17,186923098,152,INDEX SECURITIES LIMITED,Sri Hari Securities Pvt. Ltd.,2026-04-17 14:46:57.872131,National Hydro Power Company Limited
2026041704019523,NHPC,35,7,575,316.5,181987.5,2026-04-17,186923116,152,Kohinoor Investment & Securities Pvt. Ltd.,J.F. Securites (PVT) Ltd.,2026-04-17 14:47:01.211431,National Hydro Power Company Limited
2026041704019524,NHPC,94,7,425,316.4,134470.0,2026-04-17,186923117,152,K.B.L. Securities Limited ,J.F. Securites (PVT) Ltd.,2026-04-17 14:47:01.212415,National Hydro Power Company Limited
2026041704019525,NHPC,7,56,22,316.6,6965.2,2026-04-17,186923123,152,J.F. Securites (PVT) Ltd.,Sri Hari Securities Pvt. Ltd.,2026-04-17 14:47:01.698698,National Hydro Power Company Limited
2026041704019526,NHPC,7,22,200,316.6,63320.0,2026-04-17,186923125,152,J.F. Securites (PVT) Ltd.,Siprabi Securities Pvt. Ltd.,2026-04-17 14:47:01.698777,National Hydro Power Company Limited
2026041704019527,NHPC,7,58,778,317.0,246626.0,2026-04-17,186923128,152,J.F. Securites (PVT) Ltd.,Naasa Securities Co. Ltd.,2026-04-17 14:47:01.698805,National Hydro Power Company Limited
2026041704019528,NHPC,58,58,1000,317.0,317000.0,2026-04-17,186923130,152,Naasa Securities Co. Ltd.,Naasa Securities Co. Ltd.,2026-04-17 14:47:01.808091,National Hydro Power Company Limited
2026041704019531,NHPC,58,58,1572,317.0,498324.0,2026-04-17,186923257,152,Naasa Securities Co. Ltd.,Naasa Securities Co. Ltd.,2026-04-17 14:47:10.861115,National Hydro Power Company Limited
2026041704019532,NHPC,58,62,1698,317.0,538266.0,2026-04-17,186923260,152,Naasa Securities Co. Ltd.,Capital Max Securities Ltd,2026-04-17 14:47:10.862198,National Hydro Power Company Limited
2026041704019534,NHPC,35,62,50,317.0,15850.0,2026-04-17,186923324,152,Kohinoor Investment & Securities Pvt. Ltd.,Capital Max Securities Ltd,2026-04-17 14:47:13.333722,National Hydro Power Company Limited
2026041704019544,NHPC,35,62,200,317.0,63400.0,2026-04-17,186923482,152,Kohinoor Investment & Securities Pvt. Ltd.,Capital Max Securities Ltd,2026-04-17 14:47:27.019540,National Hydro Power Company Limited
2026041704019547,NHPC,91,62,5000,317.0,1585000.0,2026-04-17,186923494,152,Citizens Share Broker Limited,Capital Max Securities Ltd,2026-04-17 14:47:29.025379,National Hydro Power Company Limited
2026041704019575,NHPC,64,56,100,316.6,31660.0,2026-04-17,186923754,152,SUN SECURITIES PVT LTD,Sri Hari Securities Pvt. Ltd.,2026-04-17 14:47:45.529017,National Hydro Power Company Limited
2026041704019576,NHPC,88,56,10,316.6,3166.0,2026-04-17,186923755,152,Blue Chip Securities Ltd,Sri Hari Securities Pvt. Ltd.,2026-04-17 14:47:45.530016,National Hydro Power Company Limited
2026041704019584,NHPC,91,60,1500,316.7,475050.0,2026-04-17,186923949,152,Citizens Share Broker Limited,Nagarik Stock Dealer ,2026-04-17 14:47:53.804614,National Hydro Power Company Limited
2026041704019585,NHPC,21,62,30,317.0,9510.0,2026-04-17,186923958,152,Midas Stock Broking Company Private Limited,Capital Max Securities Ltd,2026-04-17 14:47:54.427860,National Hydro Power Company Limited
2026041704019586,NHPC,44,62,2000,317.0,634000.0,2026-04-17,186923986,152,Dynamic Money Managers Securities Pvt. Ltd.,Capital Max Securities Ltd,2026-04-17 14:47:56.226673,National Hydro Power Company Limited
2026041704019595,NHPC,42,62,900,317.0,285300.0,2026-04-17,186924046,152,Sani Securities Company Ltd.,Capital Max Securities Ltd,2026-04-17 14:48:01.180737,National Hydro Power Company Limited
2026041704019603,NHPC,99,62,122,317.0,38674.0,2026-04-17,186924151,152,Prabhu Stock Market Limited,Capital Max Securities Ltd,2026-04-17 14:48:06.674017,National Hydro Power Company Limited
2026041704019604,NHPC,99,38,378,317.0,119826.0,2026-04-17,186924154,152,Prabhu Stock Market Limited,Dipshikha Dhitopatra Karobar Co. Pvt Ltd.,2026-04-17 14:48:06.676083,National Hydro Power Company Limited
2026041704019613,NHPC,94,38,172,317.0,54524.0,2026-04-17,186924253,152,K.B.L. Securities Limited ,Dipshikha Dhitopatra Karobar Co. Pvt Ltd.,2026-04-17 14:48:12.970887,National Hydro Power Company Limited
2026041704019649,NHPC,94,56,228,317.0,72276.0,2026-04-17,186925180,152,K.B.L. Securities Limited ,Sri Hari Securities Pvt. Ltd.,2026-04-17 14:48:37.448135,National Hydro Power Company Limited
2026041704019650,NHPC,52,56,878,317.0,278326.0,2026-04-17,186925181,152,Sundhara Securities Limited,Sri Hari Securities Pvt. Ltd.,2026-04-17 14:48:37.449122,National Hydro Power Company Limited
2026041704019656,NHPC,74,14,160,317.5,50800.0,2026-04-17,186925237,152,KALASH STOCK MARKET PVT. LTD.,Nepal Stock House (PVT) Ltd.,2026-04-17 14:48:39.961053,National Hydro Power Company Limited
2026041704019657,NHPC,74,36,40,317.8,12712.0,2026-04-17,186925240,152,KALASH STOCK MARKET PVT. LTD.,Secured Securities Ltd.,2026-04-17 14:48:39.961972,National Hydro Power Company Limited
2026041704019708,NHPC,46,36,52,317.8,16525.6,2026-04-17,186925748,152,Kalika Securities Pvt. Ltd.,Secured Securities Ltd.,2026-04-17 14:49:04.732982,National Hydro Power Company Limited
2026041704019724,NHPC,67,46,100,317.1,31710.0,2026-04-17,186925871,152,Property Wiard Limited,Kalika Securities Pvt. Ltd.,2026-04-17 14:49:13.330180,National Hydro Power Company Limited
2026041704019728,NHPC,49,36,60,317.8,19068.0,2026-04-17,186925886,152,Online Securities Pvt. Ltd.,Secured Securities Ltd.,2026-04-17 14:49:14.096038,National Hydro Power Company Limited
2026041704019738,NHPC,67,57,160,317.1,50736.0,2026-04-17,186925947,152,Property Wiard Limited,Aryatara Investment & Securities,2026-04-17 14:49:16.322882,National Hydro Power Company Limited
2026041704019828,NHPC,34,36,32,317.8,10169.6,2026-04-17,186926857,152,Vision Securities Pvt. Ltd,Secured Securities Ltd.,2026-04-17 14:49:50.191820,National Hydro Power Company Limited
2026041704019829,NHPC,34,56,1570,317.8,498946.0,2026-04-17,186926859,152,Vision Securities Pvt. Ltd,Sri Hari Securities Pvt. Ltd.,2026-04-17 14:49:50.193827,National Hydro Power Company Limited
2026041704019830,NHPC,34,16,500,317.9,158950.0,2026-04-17,186926861,152,Vision Securities Pvt. Ltd,Primo Securities (PVT) Ltd.,2026-04-17 14:49:50.195478,National Hydro Power Company Limited
2026041704019831,NHPC,34,48,50,318.0,15900.0,2026-04-17,186926863,152,Vision Securities Pvt. Ltd,Trishakti Securities Public Limited,2026-04-17 14:49:50.197093,National Hydro Power Company Limited
2026041704019832,NHPC,34,58,848,318.0,269664.0,2026-04-17,186926866,152,Vision Securities Pvt. Ltd,Naasa Securities Co. Ltd.,2026-04-17 14:49:50.198708,National Hydro Power Company Limited
2026041704019842,NHPC,49,62,100,317.2,31720.0,2026-04-17,186926927,152,Online Securities Pvt. Ltd.,Capital Max Securities Ltd,2026-04-17 14:49:53.064483,National Hydro Power Company Limited
2026041704019940,NHPC,100,58,10,318.0,3180.0,2026-04-17,186927847,152,Sunrise Securities Limited,Naasa Securities Co. Ltd.,2026-04-17 14:50:34.845843,National Hydro Power Company Limited
2026041704019941,NHPC,91,48,20,317.4,6348.0,2026-04-17,186927887,152,Citizens Share Broker Limited,Trishakti Securities Public Limited,2026-04-17 14:50:37.025230,National Hydro Power Company Limited
2026041704019951,NHPC,34,58,142,318.0,45156.0,2026-04-17,186928109,152,Vision Securities Pvt. Ltd,Naasa Securities Co. Ltd.,2026-04-17 14:50:44.925460,National Hydro Power Company Limited
2026041704019952,NHPC,34,25,70,318.0,22260.0,2026-04-17,186928111,152,Vision Securities Pvt. Ltd,Sweta Securities Private Limited,2026-04-17 14:50:44.925575,National Hydro Power Company Limited
2026041704019953,NHPC,34,34,25,318.0,7950.0,2026-04-17,186928113,152,Vision Securities Pvt. Ltd,Vision Securities Pvt. Ltd,2026-04-17 14:50:44.925708,National Hydro Power Company Limited
2026041704019954,NHPC,34,45,100,318.0,31800.0,2026-04-17,186928115,152,Vision Securities Pvt. Ltd,Imperial Securities Company Pvt. Ltd.,2026-04-17 14:50:44.925786,National Hydro Power Company Limited
2026041704019955,NHPC,34,56,1570,318.4,499888.0,2026-04-17,186928117,152,Vision Securities Pvt. Ltd,Sri Hari Securities Pvt. Ltd.,2026-04-17 14:50:44.925862,National Hydro Power Company Limited
2026041704019956,NHPC,34,36,93,318.5,29620.5,2026-04-17,186928120,152,Vision Securities Pvt. Ltd,Secured Securities Ltd.,2026-04-17 14:50:44.925942,National Hydro Power Company Limited
2026041704020017,NHPC,26,36,1000,318.5,318500.0,2026-04-17,186928782,152,Asian Securities Private Ltd.,Secured Securities Ltd.,2026-04-17 14:51:09.911273,National Hydro Power Company Limited
2026041704020034,NHPC,89,36,22,318.5,7007.0,2026-04-17,186928892,152,Global IME Securities Limited,Secured Securities Ltd.,2026-04-17 14:51:16.739187,National Hydro Power Company Limited
2026041704020049,NHPC,26,58,358,318.4,113987.2,2026-04-17,186928959,152,Asian Securities Private Ltd.,Naasa Securities Co. Ltd.,2026-04-17 14:51:19.780702,National Hydro Power Company Limited
2026041704020050,NHPC,26,36,475,318.5,151287.5,2026-04-17,186928961,152,Asian Securities Private Ltd.,Secured Securities Ltd.,2026-04-17 14:51:19.782768,National Hydro Power Company Limited
2026041704020051,NHPC,26,58,167,318.5,53189.5,2026-04-17,186928964,152,Asian Securities Private Ltd.,Naasa Securities Co. Ltd.,2026-04-17 14:51:19.784436,National Hydro Power Company Limited
2026041704020079,NHPC,67,26,240,318.1,76344.0,2026-04-17,186929104,152,Property Wiard Limited,Asian Securities Private Ltd.,2026-04-17 14:51:27.022722,National Hydro Power Company Limited
2026041704020080,NHPC,5,26,200,318.0,63600.0,2026-04-17,186929106,152,Market Securities & Exchange (PVT) Ltd.,Asian Securities Private Ltd.,2026-04-17 14:51:27.023723,National Hydro Power Company Limited
2026041704020099,NHPC,52,26,760,318.0,241680.0,2026-04-17,186929233,152,Sundhara Securities Limited,Asian Securities Private Ltd.,2026-04-17 14:51:31.633907,National Hydro Power Company Limited
2026041704020110,NHPC,42,58,750,318.5,238875.0,2026-04-17,186929376,152,Sani Securities Company Ltd.,Naasa Securities Co. Ltd.,2026-04-17 14:51:36.902046,National Hydro Power Company Limited
2026041704020113,NHPC,42,58,100,318.5,31850.0,2026-04-17,186929382,152,Sani Securities Company Ltd.,Naasa Securities Co. Ltd.,2026-04-17 14:51:37.377282,National Hydro Power Company Limited
2026041704020117,NHPC,37,58,307,318.5,97779.5,2026-04-17,186929407,152,Swarna Laxmi Securities Pvt. Ltd.,Naasa Securities Co. Ltd.,2026-04-17 14:51:39.119030,National Hydro Power Company Limited
2026041704020119,NHPC,37,56,193,318.5,61470.5,2026-04-17,186929430,152,Swarna Laxmi Securities Pvt. Ltd.,Sri Hari Securities Pvt. Ltd.,2026-04-17 14:51:40.074228,National Hydro Power Company Limited
2026041704020120,NHPC,52,56,740,318.0,235320.0,2026-04-17,186929432,152,Sundhara Securities Limited,Sri Hari Securities Pvt. Ltd.,2026-04-17 14:51:40.075220,National Hydro Power Company Limited
2026041704020121,NHPC,3,56,627,318.0,199386.0,2026-04-17,186929433,152,Arun Securities (PVT) Ltd.,Sri Hari Securities Pvt. Ltd.,2026-04-17 14:51:40.075991,National Hydro Power Company Limited
2026041704020162,NHPC,3,56,1373,318.0,436614.0,2026-04-17,186929900,152,Arun Securities (PVT) Ltd.,Sri Hari Securities Pvt. Ltd.,2026-04-17 14:51:56.600440,National Hydro Power Company Limited
2026041704020163,NHPC,58,56,187,318.0,59466.0,2026-04-17,186929901,152,Naasa Securities Co. Ltd.,Sri Hari Securities Pvt. Ltd.,2026-04-17 14:51:56.602522,National Hydro Power Company Limited
2026041704020200,NHPC,77,100,1000,318.1,318100.0,2026-04-17,186930156,152,Nabil Stock Dealer Ltd.,Sunrise Securities Limited,2026-04-17 14:52:11.955230,National Hydro Power Company Limited
2026041704020201,NHPC,64,100,100,318.1,31810.0,2026-04-17,186930158,152,SUN SECURITIES PVT LTD,Sunrise Securities Limited,2026-04-17 14:52:11.956161,National Hydro Power Company Limited
2026041704020202,NHPC,58,100,13,318.0,4134.0,2026-04-17,186930160,152,Naasa Securities Co. Ltd.,Sunrise Securities Limited,2026-04-17 14:52:11.956708,National Hydro Power Company Limited
2026041704020203,NHPC,51,100,887,318.0,282066.0,2026-04-17,186930161,152,Oxford Securities Pvt. Ltd.,Sunrise Securities Limited,2026-04-17 14:52:11.957243,National Hydro Power Company Limited
2026041704020205,NHPC,48,32,11,318.6,3504.6,2026-04-17,186930219,152,Trishakti Securities Public Limited,Premier Securities Company Ltd.,2026-04-17 14:52:14.575763,National Hydro Power Company Limited
2026041704020206,NHPC,48,32,11,318.7,3505.7,2026-04-17,186930221,152,Trishakti Securities Public Limited,Premier Securities Company Ltd.,2026-04-17 14:52:14.576740,National Hydro Power Company Limited
2026041704020207,NHPC,48,48,123,318.7,39200.1,2026-04-17,186930224,152,Trishakti Securities Public Limited,Trishakti Securities Public Limited,2026-04-17 14:52:14.577298,National Hydro Power Company Limited
2026041704020260,NHPC,41,48,50,318.7,15935.0,2026-04-17,186930676,152,Linch Stock Market Ltd.,Trishakti Securities Public Limited,2026-04-17 14:52:31.715204,National Hydro Power Company Limited
2026041704020279,NHPC,46,48,27,318.7,8604.9,2026-04-17,186930981,152,Kalika Securities Pvt. Ltd.,Trishakti Securities Public Limited,2026-04-17 14:52:43.503233,National Hydro Power Company Limited
2026041704020280,NHPC,46,58,261,318.7,83180.7,2026-04-17,186930984,152,Kalika Securities Pvt. Ltd.,Naasa Securities Co. Ltd.,2026-04-17 14:52:43.505349,National Hydro Power Company Limited
2026041704020297,NHPC,58,58,100,318.7,31870.0,2026-04-17,186931140,152,Naasa Securities Co. Ltd.,Naasa Securities Co. Ltd.,2026-04-17 14:52:49.685674,National Hydro Power Company Limited
2026041704020321,NHPC,58,58,100,318.7,31870.0,2026-04-17,186931340,152,Naasa Securities Co. Ltd.,Naasa Securities Co. Ltd.,2026-04-17 14:53:01.947638,National Hydro Power Company Limited
2026041704020325,NHPC,43,58,50,318.7,15935.0,2026-04-17,186931366,152,South Asian Bulls Pvt. Ltd.,Naasa Securities Co. Ltd.,2026-04-17 14:53:03.158663,National Hydro Power Company Limited
2026041704020327,NHPC,40,58,15,318.5,4777.5,2026-04-17,186931427,152,Creative Securities Pvt Ltd,Naasa Securities Co. Ltd.,2026-04-17 14:53:04.525837,National Hydro Power Company Limited
2026041704020328,NHPC,45,58,50,318.7,15935.0,2026-04-17,186931438,152,Imperial Securities Company Pvt. Ltd.,Naasa Securities Co. Ltd.,2026-04-17 14:53:05.633306,National Hydro Power Company Limited
2026041704020340,NHPC,62,58,99,318.7,31551.3,2026-04-17,186931575,152,Capital Max Securities Ltd,Naasa Securities Co. Ltd.,2026-04-17 14:53:10.364630,National Hydro Power Company Limited
2026041704020341,NHPC,62,16,500,318.8,159400.0,2026-04-17,186931577,152,Capital Max Securities Ltd,Primo Securities (PVT) Ltd.,2026-04-17 14:53:10.366863,National Hydro Power Company Limited
2026041704020342,NHPC,62,58,53,318.8,16896.4,2026-04-17,186931579,152,Capital Max Securities Ltd,Naasa Securities Co. Ltd.,2026-04-17 14:53:10.368964,National Hydro Power Company Limited
2026041704020362,NHPC,62,70,348,318.8,110942.4,2026-04-17,186931700,152,Capital Max Securities Ltd,Infinity Securities Limited,2026-04-17 14:53:16.523491,National Hydro Power Company Limited
2026041704020363,NHPC,40,70,204,318.5,64974.0,2026-04-17,186931701,152,Creative Securities Pvt Ltd,Infinity Securities Limited,2026-04-17 14:53:16.524434,National Hydro Power Company Limited
2026041704020374,NHPC,91,32,77,318.9,24555.3,2026-04-17,186931763,152,Citizens Share Broker Limited,Premier Securities Company Ltd.,2026-04-17 14:53:20.517842,National Hydro Power Company Limited
2026041704020375,NHPC,91,38,60,318.9,19134.0,2026-04-17,186931765,152,Citizens Share Broker Limited,Dipshikha Dhitopatra Karobar Co. Pvt Ltd.,2026-04-17 14:53:20.518860,National Hydro Power Company Limited
2026041704020376,NHPC,91,56,1560,318.9,497484.0,2026-04-17,186931767,152,Citizens Share Broker Limited,Sri Hari Securities Pvt. Ltd.,2026-04-17 14:53:20.519446,National Hydro Power Company Limited
2026041704020377,NHPC,91,21,409,319.0,130471.0,2026-04-17,186931769,152,Citizens Share Broker Limited,Midas Stock Broking Company Private Limited,2026-04-17 14:53:20.520003,National Hydro Power Company Limited
2026041704020378,NHPC,91,35,1374,319.0,438306.0,2026-04-17,186931772,152,Citizens Share Broker Limited,Kohinoor Investment & Securities Pvt. Ltd.,2026-04-17 14:53:20.520537,National Hydro Power Company Limited
2026041704020387,NHPC,34,26,50,318.7,15935.0,2026-04-17,186931888,152,Vision Securities Pvt. Ltd,Asian Securities Private Ltd.,2026-04-17 14:53:25.388632,National Hydro Power Company Limited
2026041704020398,NHPC,40,26,250,318.7,79675.0,2026-04-17,186932055,152,Creative Securities Pvt Ltd,Asian Securities Private Ltd.,2026-04-17 14:53:31.294449,National Hydro Power Company Limited
2026041704020399,NHPC,40,35,1531,319.0,488389.0,2026-04-17,186932058,152,Creative Securities Pvt Ltd,Kohinoor Investment & Securities Pvt. Ltd.,2026-04-17 14:53:31.295484,National Hydro Power Company Limited
2026041704020423,NHPC,67,66,1000,318.6,318600.0,2026-04-17,186932455,152,Property Wiard Limited,Miyo Securities Pvt Ltd,2026-04-17 14:53:48.673859,National Hydro Power Company Limited
2026041704020425,NHPC,40,35,1000,319.0,319000.0,2026-04-17,186932460,152,Creative Securities Pvt Ltd,Kohinoor Investment & Securities Pvt. Ltd.,2026-04-17 14:53:48.676964,National Hydro Power Company Limited
2026041704020463,NHPC,77,57,71,318.6,22620.6,2026-04-17,186932649,152,Nabil Stock Dealer Ltd.,Aryatara Investment & Securities,2026-04-17 14:53:57.349767,National Hydro Power Company Limited
2026041704020464,NHPC,77,35,500,318.6,159300.0,2026-04-17,186932651,152,Nabil Stock Dealer Ltd.,Kohinoor Investment & Securities Pvt. Ltd.,2026-04-17 14:53:57.549774,National Hydro Power Company Limited
2026041704020475,NHPC,71,64,1000,318.9,318900.0,2026-04-17,186932694,152,SHUBHAKAMANA SECURITIES PVT. LTD,SUN SECURITIES PVT LTD,2026-04-17 14:53:59.832757,National Hydro Power Company Limited
2026041704020490,NHPC,45,35,100,319.0,31900.0,2026-04-17,186932824,152,Imperial Securities Company Pvt. Ltd.,Kohinoor Investment & Securities Pvt. Ltd.,2026-04-17 14:54:06.751263,National Hydro Power Company Limited
2026041704020515,NHPC,51,21,613,318.9,195485.7,2026-04-17,186933084,152,Oxford Securities Pvt. Ltd.,Midas Stock Broking Company Private Limited,2026-04-17 14:54:17.331161,National Hydro Power Company Limited
2026041704020516,NHPC,49,21,1765,318.9,562858.5,2026-04-17,186933143,152,Online Securities Pvt. Ltd.,Midas Stock Broking Company Private Limited,2026-04-17 14:54:19.857019,National Hydro Power Company Limited
2026041704020517,NHPC,49,35,460,319.0,146740.0,2026-04-17,186933146,152,Online Securities Pvt. Ltd.,Kohinoor Investment & Securities Pvt. Ltd.,2026-04-17 14:54:19.859543,National Hydro Power Company Limited
2026041704020522,NHPC,42,59,1000,318.7,318700.0,2026-04-17,186933168,152,Sani Securities Company Ltd.,Deevyaa Securities & Stock House Pvt. Ltd,2026-04-17 14:54:21.882617,National Hydro Power Company Limited
2026041704020523,NHPC,58,59,56,318.7,17847.2,2026-04-17,186933170,152,Naasa Securities Co. Ltd.,Deevyaa Securities & Stock House Pvt. Ltd,2026-04-17 14:54:21.882727,National Hydro Power Company Limited
2026041704020524,NHPC,77,59,1429,318.6,455279.4,2026-04-17,186933172,152,Nabil Stock Dealer Ltd.,Deevyaa Securities & Stock House Pvt. Ltd,2026-04-17 14:54:21.882845,National Hydro Power Company Limited
2026041704020525,NHPC,81,59,280,318.5,89180.0,2026-04-17,186933174,152,Aakashbhairab Securities Ltd.,Deevyaa Securities & Stock House Pvt. Ltd,2026-04-17 14:54:21.882924,National Hydro Power Company Limited
2026041704020526,NHPC,57,59,235,318.5,74847.5,2026-04-17,186933175,152,Aryatara Investment & Securities,Deevyaa Securities & Stock House Pvt. Ltd,2026-04-17 14:54:21.882998,National Hydro Power Company Limited
2026041704020537,NHPC,34,58,1000,318.7,318700.0,2026-04-17,186933304,152,Vision Securities Pvt. Ltd,Naasa Securities Co. Ltd.,2026-04-17 14:54:25.444044,National Hydro Power Company Limited
2026041704020547,NHPC,69,58,1000,318.6,318600.0,2026-04-17,186933443,152,INDEX SECURITIES LIMITED,Naasa Securities Co. Ltd.,2026-04-17 14:54:28.015239,National Hydro Power Company Limited
2026041704020548,NHPC,69,35,5535,319.0,1765665.0,2026-04-17,186933445,152,INDEX SECURITIES LIMITED,Kohinoor Investment & Securities Pvt. Ltd.,2026-04-17 14:54:28.015292,National Hydro Power Company Limited
2026041704020549,NHPC,69,8,10,319.0,3190.0,2026-04-17,186933447,152,INDEX SECURITIES LIMITED,Brilliant Securities Pvt. Ltd.,2026-04-17 14:54:28.015329,National Hydro Power Company Limited
2026041704020550,NHPC,69,65,100,319.0,31900.0,2026-04-17,186933449,152,INDEX SECURITIES LIMITED,Sharepro Securities Private Limited,2026-04-17 14:54:28.015352,National Hydro Power Company Limited
2026041704020551,NHPC,69,34,420,319.0,133980.0,2026-04-17,186933451,152,INDEX SECURITIES LIMITED,Vision Securities Pvt. Ltd,2026-04-17 14:54:28.015383,National Hydro Power Company Limited
2026041704020552,NHPC,69,35,8935,319.0,2850265.0,2026-04-17,186933454,152,INDEX SECURITIES LIMITED,Kohinoor Investment & Securities Pvt. Ltd.,2026-04-17 14:54:28.015408,National Hydro Power Company Limited
2026041704020562,NHPC,40,35,500,319.0,159500.0,2026-04-17,186933658,152,Creative Securities Pvt Ltd,Kohinoor Investment & Securities Pvt. Ltd.,2026-04-17 14:54:36.542652,National Hydro Power Company Limited
2026041704020565,NHPC,26,35,240,319.0,76560.0,2026-04-17,186933722,152,Asian Securities Private Ltd.,Kohinoor Investment & Securities Pvt. Ltd.,2026-04-17 14:54:40.351196,National Hydro Power Company Limited
2026041704020571,NHPC,6,35,170,319.0,54230.0,2026-04-17,186933768,152,Agrawal Securities (PVT) Ltd.,Kohinoor Investment & Securities Pvt. Ltd.,2026-04-17 14:54:43.790055,National Hydro Power Company Limited
2026041704020577,NHPC,42,35,155,319.0,49445.0,2026-04-17,186933813,152,Sani Securities Company Ltd.,Kohinoor Investment & Securities Pvt. Ltd.,2026-04-17 14:54:47.093395,National Hydro Power Company Limited
2026041704020578,NHPC,42,48,14,319.0,4466.0,2026-04-17,186933815,152,Sani Securities Company Ltd.,Trishakti Securities Public Limited,2026-04-17 14:54:47.095483,National Hydro Power Company Limited
2026041704020579,NHPC,42,52,100,319.0,31900.0,2026-04-17,186933817,152,Sani Securities Company Ltd.,Sundhara Securities Limited,2026-04-17 14:54:47.097116,National Hydro Power Company Limited
2026041704020580,NHPC,42,70,731,319.0,233189.0,2026-04-17,186933820,152,Sani Securities Company Ltd.,Infinity Securities Limited,2026-04-17 14:54:47.098769,National Hydro Power Company Limited
2026041704020584,NHPC,47,70,269,319.0,85811.0,2026-04-17,186933863,152,Neev Securities Pvt. Ltd.,Infinity Securities Limited,2026-04-17 14:54:49.646073,National Hydro Power Company Limited
2026041704020585,NHPC,47,96,81,319.0,25839.0,2026-04-17,186933866,152,Neev Securities Pvt. Ltd.,Himalayan Securities Limited,2026-04-17 14:54:49.648089,National Hydro Power Company Limited
2026041704020589,NHPC,62,40,56,318.9,17858.4,2026-04-17,186933893,152,Capital Max Securities Ltd,Creative Securities Pvt Ltd,2026-04-17 14:54:51.307122,National Hydro Power Company Limited
2026041704020599,NHPC,45,96,100,319.0,31900.0,2026-04-17,186933982,152,Imperial Securities Company Pvt. Ltd.,Himalayan Securities Limited,2026-04-17 14:54:56.239251,National Hydro Power Company Limited
2026041704020603,NHPC,49,96,650,319.0,207350.0,2026-04-17,186934000,152,Online Securities Pvt. Ltd.,Himalayan Securities Limited,2026-04-17 14:54:57.141561,National Hydro Power Company Limited
2026041704020614,NHPC,43,96,120,319.0,38280.0,2026-04-17,186934024,152,South Asian Bulls Pvt. Ltd.,Himalayan Securities Limited,2026-04-17 14:54:57.491896,National Hydro Power Company Limited
2026041704020624,NHPC,62,56,239,318.9,76217.1,2026-04-17,186934176,152,Capital Max Securities Ltd,Sri Hari Securities Pvt. Ltd.,2026-04-17 14:55:04.030515,National Hydro Power Company Limited
2026041704020625,NHPC,57,56,906,318.5,288561.0,2026-04-17,186934177,152,Aryatara Investment & Securities,Sri Hari Securities Pvt. Ltd.,2026-04-17 14:55:04.032510,National Hydro Power Company Limited
2026041704020641,NHPC,49,13,200,318.9,63780.0,2026-04-17,186934358,152,Online Securities Pvt. Ltd.,Thrive Brokerage House Pvt. Ltd,2026-04-17 14:55:10.756593,National Hydro Power Company Limited
2026041704020669,NHPC,59,80,20,318.7,6374.0,2026-04-17,186934480,152,Deevyaa Securities & Stock House Pvt. Ltd,Indira securities pvt. ltd,2026-04-17 14:55:15.788778,National Hydro Power Company Limited
2026041704020670,NHPC,67,80,500,318.6,159300.0,2026-04-17,186934482,152,Property Wiard Limited,Indira securities pvt. ltd,2026-04-17 14:55:15.788848,National Hydro Power Company Limited
2026041704020671,NHPC,57,80,859,318.5,273591.5,2026-04-17,186934484,152,Aryatara Investment & Securities,Indira securities pvt. ltd,2026-04-17 14:55:15.788876,National Hydro Power Company Limited
2026041704020672,NHPC,35,80,250,318.5,79625.0,2026-04-17,186934486,152,Kohinoor Investment & Securities Pvt. Ltd.,Indira securities pvt. ltd,2026-04-17 14:55:15.788901,National Hydro Power Company Limited
2026041704020673,NHPC,35,80,371,318.5,118163.5,2026-04-17,186934487,152,Kohinoor Investment & Securities Pvt. Ltd.,Indira securities pvt. ltd,2026-04-17 14:55:15.788925,National Hydro Power Company Limited
2026041704020690,NHPC,36,64,30,318.7,9561.0,2026-04-17,186934596,152,Secured Securities Ltd.,SUN SECURITIES PVT LTD,2026-04-17 14:55:21.725291,National Hydro Power Company Limited
2026041704020706,NHPC,52,64,300,318.7,95610.0,2026-04-17,186934760,152,Sundhara Securities Limited,SUN SECURITIES PVT LTD,2026-04-17 14:55:27.682366,National Hydro Power Company Limited
2026041704020720,NHPC,60,64,170,318.7,54179.0,2026-04-17,186934871,152,Nagarik Stock Dealer ,SUN SECURITIES PVT LTD,2026-04-17 14:55:34.005694,National Hydro Power Company Limited
2026041704020721,NHPC,60,13,800,318.9,255120.0,2026-04-17,186934873,152,Nagarik Stock Dealer ,Thrive Brokerage House Pvt. Ltd,2026-04-17 14:55:34.005744,National Hydro Power Company Limited
2026041704020722,NHPC,60,34,35,318.9,11161.5,2026-04-17,186934875,152,Nagarik Stock Dealer ,Vision Securities Pvt. Ltd,2026-04-17 14:55:34.005777,National Hydro Power Company Limited
2026041704020723,NHPC,60,96,49,319.0,15631.0,2026-04-17,186934877,152,Nagarik Stock Dealer ,Himalayan Securities Limited,2026-04-17 14:55:34.005804,National Hydro Power Company Limited
2026041704020724,NHPC,60,58,946,319.0,301774.0,2026-04-17,186934880,152,Nagarik Stock Dealer ,Naasa Securities Co. Ltd.,2026-04-17 14:55:34.005839,National Hydro Power Company Limited
2026041704020740,NHPC,46,62,300,318.9,95670.0,2026-04-17,186934980,152,Kalika Securities Pvt. Ltd.,Capital Max Securities Ltd,2026-04-17 14:55:38.570893,National Hydro Power Company Limited
2026041704020788,NHPC,49,62,400,318.9,127560.0,2026-04-17,186935112,152,Online Securities Pvt. Ltd.,Capital Max Securities Ltd,2026-04-17 14:55:43.339797,National Hydro Power Company Limited
2026041704020789,NHPC,91,62,200,318.9,63780.0,2026-04-17,186935116,152,Citizens Share Broker Limited,Capital Max Securities Ltd,2026-04-17 14:55:43.623407,National Hydro Power Company Limited
2026041704020845,NHPC,38,1,100,318.7,31870.0,2026-04-17,186935595,152,Dipshikha Dhitopatra Karobar Co. Pvt Ltd.,Kumari Securities Private Limited,2026-04-17 14:56:04.709541,National Hydro Power Company Limited
2026041704020847,NHPC,91,62,100,318.9,31890.0,2026-04-17,186935599,152,Citizens Share Broker Limited,Capital Max Securities Ltd,2026-04-17 14:56:04.711922,National Hydro Power Company Limited
2026041704020848,NHPC,91,16,500,318.9,159450.0,2026-04-17,186935601,152,Citizens Share Broker Limited,Primo Securities (PVT) Ltd.,2026-04-17 14:56:04.711952,National Hydro Power Company Limited
2026041704020849,NHPC,91,58,61,319.0,19459.0,2026-04-17,186935603,152,Citizens Share Broker Limited,Naasa Securities Co. Ltd.,2026-04-17 14:56:04.711975,National Hydro Power Company Limited
2026041704020850,NHPC,91,35,1139,319.0,363341.0,2026-04-17,186935606,152,Citizens Share Broker Limited,Kohinoor Investment & Securities Pvt. Ltd.,2026-04-17 14:56:04.711998,National Hydro Power Company Limited
2026041704020856,NHPC,77,25,10,318.7,3187.0,2026-04-17,186935617,152,Nabil Stock Dealer Ltd.,Sweta Securities Private Limited,2026-04-17 14:56:04.719324,National Hydro Power Company Limited
2026041704020859,NHPC,75,35,1000,319.0,319000.0,2026-04-17,186935712,152,N.I.M.B. Stock Markets Limited,Kohinoor Investment & Securities Pvt. Ltd.,2026-04-17 14:56:07.336973,National Hydro Power Company Limited
2026041704020869,NHPC,69,35,3500,319.0,1116500.0,2026-04-17,186935814,152,INDEX SECURITIES LIMITED,Kohinoor Investment & Securities Pvt. Ltd.,2026-04-17 14:56:11.324409,National Hydro Power Company Limited
2026041704020874,NHPC,52,5,2000,318.8,637600.0,2026-04-17,186935836,152,Sundhara Securities Limited,Market Securities & Exchange (PVT) Ltd.,2026-04-17 14:56:12.459682,National Hydro Power Company Limited
2026041704020880,NHPC,77,41,990,318.7,315513.0,2026-04-17,186935944,152,Nabil Stock Dealer Ltd.,Linch Stock Market Ltd.,2026-04-17 14:56:16.747203,National Hydro Power Company Limited
2026041704020881,NHPC,57,41,10,318.7,3187.0,2026-04-17,186935945,152,Aryatara Investment & Securities,Linch Stock Market Ltd.,2026-04-17 14:56:16.749354,National Hydro Power Company Limited
2026041704020884,NHPC,57,58,90,318.7,28683.0,2026-04-17,186935968,152,Aryatara Investment & Securities,Naasa Securities Co. Ltd.,2026-04-17 14:56:18.058327,National Hydro Power Company Limited
2026041704020914,NHPC,77,58,35,318.7,11154.5,2026-04-17,186936099,152,Nabil Stock Dealer Ltd.,Naasa Securities Co. Ltd.,2026-04-17 14:56:21.421576,National Hydro Power Company Limited
2026041704020915,NHPC,77,5,400,318.8,127520.0,2026-04-17,186936101,152,Nabil Stock Dealer Ltd.,Market Securities & Exchange (PVT) Ltd.,2026-04-17 14:56:21.422470,National Hydro Power Company Limited
2026041704020943,NHPC,77,54,65,318.8,20722.0,2026-04-17,186936316,152,Nabil Stock Dealer Ltd.,Sewa Securities Pvt. Ltd.,2026-04-17 14:56:27.451494,National Hydro Power Company Limited
2026041704020944,NHPC,33,54,284,318.8,90539.2,2026-04-17,186936317,152,Dakshinkali Investment & Securities Pvt. Ltd.,Sewa Securities Pvt. Ltd.,2026-04-17 14:56:27.452400,National Hydro Power Company Limited
2026041704020974,NHPC,33,40,1716,318.8,547060.8,2026-04-17,186936508,152,Dakshinkali Investment & Securities Pvt. Ltd.,Creative Securities Pvt Ltd,2026-04-17 14:56:32.618147,National Hydro Power Company Limited
2026041704020984,NHPC,58,40,505,318.8,160994.0,2026-04-17,186936568,152,Naasa Securities Co. Ltd.,Creative Securities Pvt Ltd,2026-04-17 14:56:35.147942,National Hydro Power Company Limited
2026041704021019,NHPC,33,40,279,318.8,88945.2,2026-04-17,186936789,152,Dakshinkali Investment & Securities Pvt. Ltd.,Creative Securities Pvt Ltd,2026-04-17 14:56:40.849882,National Hydro Power Company Limited
2026041704021020,NHPC,33,58,500,318.9,159450.0,2026-04-17,186936791,152,Dakshinkali Investment & Securities Pvt. Ltd.,Naasa Securities Co. Ltd.,2026-04-17 14:56:40.850859,National Hydro Power Company Limited
2026041704021021,NHPC,33,35,221,319.0,70499.0,2026-04-17,186936794,152,Dakshinkali Investment & Securities Pvt. Ltd.,Kohinoor Investment & Securities Pvt. Ltd.,2026-04-17 14:56:40.851484,National Hydro Power Company Limited
2026041704021024,NHPC,42,16,10,318.7,3187.0,2026-04-17,186936800,152,Sani Securities Company Ltd.,Primo Securities (PVT) Ltd.,2026-04-17 14:56:41.195203,National Hydro Power Company Limited
2026041704021026,NHPC,34,16,490,318.7,156163.0,2026-04-17,186936807,152,Vision Securities Pvt. Ltd,Primo Securities (PVT) Ltd.,2026-04-17 14:56:41.607639,National Hydro Power Company Limited
2026041704021039,NHPC,34,64,500,318.7,159350.0,2026-04-17,186936863,152,Vision Securities Pvt. Ltd,SUN SECURITIES PVT LTD,2026-04-17 14:56:43.547459,National Hydro Power Company Limited
2026041704021059,NHPC,34,42,10,318.7,3187.0,2026-04-17,186937024,152,Vision Securities Pvt. Ltd,Sani Securities Company Ltd.,2026-04-17 14:56:49.465588,National Hydro Power Company Limited
2026041704021060,NHPC,57,42,10,318.7,3187.0,2026-04-17,186937026,152,Aryatara Investment & Securities,Sani Securities Company Ltd.,2026-04-17 14:56:49.466553,National Hydro Power Company Limited
2026041704021061,NHPC,6,42,980,318.6,312228.0,2026-04-17,186937027,152,Agrawal Securities (PVT) Ltd.,Sani Securities Company Ltd.,2026-04-17 14:56:49.467119,National Hydro Power Company Limited
2026041704021074,NHPC,34,36,20,318.7,6374.0,2026-04-17,186937143,152,Vision Securities Pvt. Ltd,Secured Securities Ltd.,2026-04-17 14:56:54.821600,National Hydro Power Company Limited
2026041704021162,NHPC,16,38,26,318.9,8291.4,2026-04-17,186937651,152,Primo Securities (PVT) Ltd.,Dipshikha Dhitopatra Karobar Co. Pvt Ltd.,2026-04-17 14:57:06.577344,National Hydro Power Company Limited
2026041704021163,NHPC,16,66,500,318.9,159450.0,2026-04-17,186937653,152,Primo Securities (PVT) Ltd.,Miyo Securities Pvt Ltd,2026-04-17 14:57:06.577457,National Hydro Power Company Limited
2026041704021164,NHPC,16,35,374,319.0,119306.0,2026-04-17,186937656,152,Primo Securities (PVT) Ltd.,Kohinoor Investment & Securities Pvt. Ltd.,2026-04-17 14:57:06.577539,National Hydro Power Company Limited
2026041704021165,NHPC,34,28,980,318.7,312326.0,2026-04-17,186937658,152,Vision Securities Pvt. Ltd,Shree Krishna Securities Ltd.,2026-04-17 14:57:06.617433,National Hydro Power Company Limited
2026041704021166,NHPC,81,28,1000,318.7,318700.0,2026-04-17,186937660,152,Aakashbhairab Securities Ltd.,Shree Krishna Securities Ltd.,2026-04-17 14:57:06.619485,National Hydro Power Company Limited
2026041704021167,NHPC,21,28,520,318.7,165724.0,2026-04-17,186937661,152,Midas Stock Broking Company Private Limited,Shree Krishna Securities Ltd.,2026-04-17 14:57:06.621154,National Hydro Power Company Limited
2026041704021173,NHPC,44,35,1500,319.0,478500.0,2026-04-17,186937694,152,Dynamic Money Managers Securities Pvt. Ltd.,Kohinoor Investment & Securities Pvt. Ltd.,2026-04-17 14:57:07.768541,National Hydro Power Company Limited
2026041704021174,NHPC,39,1,100,318.8,31880.0,2026-04-17,186937723,152,Sumeru Securities Pvt. Ltd.,Kumari Securities Private Limited,2026-04-17 14:57:08.667410,National Hydro Power Company Limited
2026041704021240,NHPC,54,97,400,318.8,127520.0,2026-04-17,186938337,152,Sewa Securities Pvt. Ltd.,R.B.B. Securities Company Ltd,2026-04-17 14:57:22.817976,National Hydro Power Company Limited
2026041704021244,NHPC,95,29,520,318.9,165828.0,2026-04-17,186938375,152,Magnet Securities and Investment Company Private Limited,Trisul Securities & Invt. Ltd.,2026-04-17 14:57:23.860640,National Hydro Power Company Limited
2026041704021245,NHPC,95,58,480,318.9,153072.0,2026-04-17,186938378,152,Magnet Securities and Investment Company Private Limited,Naasa Securities Co. Ltd.,2026-04-17 14:57:23.863236,National Hydro Power Company Limited
2026041704021247,NHPC,54,16,500,318.8,159400.0,2026-04-17,186938397,152,Sewa Securities Pvt. Ltd.,Primo Securities (PVT) Ltd.,2026-04-17 14:57:24.422135,National Hydro Power Company Limited
2026041704021262,NHPC,54,60,100,318.8,31880.0,2026-04-17,186938530,152,Sewa Securities Pvt. Ltd.,Nagarik Stock Dealer ,2026-04-17 14:57:28.628706,National Hydro Power Company Limited
2026041704021263,NHPC,6,60,1020,318.8,325176.0,2026-04-17,186938532,152,Agrawal Securities (PVT) Ltd.,Nagarik Stock Dealer ,2026-04-17 14:57:28.628847,National Hydro Power Company Limited
2026041704021264,NHPC,58,60,300,318.8,95640.0,2026-04-17,186938534,152,Naasa Securities Co. Ltd.,Nagarik Stock Dealer ,2026-04-17 14:57:28.628953,National Hydro Power Company Limited
2026041704021265,NHPC,21,60,480,318.7,152976.0,2026-04-17,186938536,152,Midas Stock Broking Company Private Limited,Nagarik Stock Dealer ,2026-04-17 14:57:28.629091,National Hydro Power Company Limited
2026041704021266,NHPC,13,60,100,318.7,31870.0,2026-04-17,186938537,152,Thrive Brokerage House Pvt. Ltd,Nagarik Stock Dealer ,2026-04-17 14:57:28.629196,National Hydro Power Company Limited
2026041704021305,NHPC,13,1,100,318.7,31870.0,2026-04-17,186938821,152,Thrive Brokerage House Pvt. Ltd,Kumari Securities Private Limited,2026-04-17 14:57:36.994655,National Hydro Power Company Limited
2026041704021334,NHPC,13,6,300,318.7,95610.0,2026-04-17,186938919,152,Thrive Brokerage House Pvt. Ltd,Agrawal Securities (PVT) Ltd.,2026-04-17 14:57:41.075202,National Hydro Power Company Limited
2026041704021350,NHPC,79,58,20,318.9,6378.0,2026-04-17,186939098,152,pahiinvestment,Naasa Securities Co. Ltd.,2026-04-17 14:57:45.779763,National Hydro Power Company Limited
2026041704021351,NHPC,79,29,150,318.9,47835.0,2026-04-17,186939100,152,pahiinvestment,Trisul Securities & Invt. Ltd.,2026-04-17 14:57:45.781751,National Hydro Power Company Limited
2026041704021352,NHPC,79,40,330,318.9,105237.0,2026-04-17,186939103,152,pahiinvestment,Creative Securities Pvt Ltd,2026-04-17 14:57:45.783351,National Hydro Power Company Limited
2026041704021365,NHPC,40,40,10,318.9,3189.0,2026-04-17,186939138,152,Creative Securities Pvt Ltd,Creative Securities Pvt Ltd,2026-04-17 14:57:47.656393,National Hydro Power Company Limited
2026041704021410,NHPC,74,33,500,318.6,159300.0,2026-04-17,186939463,152,KALASH STOCK MARKET PVT. LTD.,Dakshinkali Investment & Securities Pvt. Ltd.,2026-04-17 14:57:56.642357,National Hydro Power Company Limited
2026041704021411,NHPC,35,33,2000,318.5,637000.0,2026-04-17,186939464,152,Kohinoor Investment & Securities Pvt. Ltd.,Dakshinkali Investment & Securities Pvt. Ltd.,2026-04-17 14:57:56.644345,National Hydro Power Company Limited
2026041704021451,NHPC,21,50,200,318.8,63760.0,2026-04-17,186939728,152,Midas Stock Broking Company Private Limited,Cristal Kanchanjanga Securites Pvt. Ltd.,2026-04-17 14:58:03.104756,National Hydro Power Company Limited
2026041704021452,NHPC,58,50,20,318.7,6374.0,2026-04-17,186939730,152,Naasa Securities Co. Ltd.,Cristal Kanchanjanga Securites Pvt. Ltd.,2026-04-17 14:58:03.105669,National Hydro Power Company Limited
2026041704021453,NHPC,35,50,30,318.5,9555.0,2026-04-17,186939731,152,Kohinoor Investment & Securities Pvt. Ltd.,Cristal Kanchanjanga Securites Pvt. Ltd.,2026-04-17 14:58:03.106223,National Hydro Power Company Limited
2026041704021463,NHPC,34,40,160,318.9,51024.0,2026-04-17,186939809,152,Vision Securities Pvt. Ltd,Creative Securities Pvt Ltd,2026-04-17 14:58:04.716811,National Hydro Power Company Limited
2026041704021464,NHPC,34,57,340,318.9,108426.0,2026-04-17,186939815,152,Vision Securities Pvt. Ltd,Aryatara Investment & Securities,2026-04-17 14:58:04.717769,National Hydro Power Company Limited
2026041704021516,NHPC,48,49,988,318.7,314875.6,2026-04-17,186939941,152,Trishakti Securities Public Limited,Online Securities Pvt. Ltd.,2026-04-17 14:58:06.145696,National Hydro Power Company Limited
2026041704021551,NHPC,41,6,100,318.8,31880.0,2026-04-17,186940308,152,Linch Stock Market Ltd.,Agrawal Securities (PVT) Ltd.,2026-04-17 14:58:14.490666,National Hydro Power Company Limited
2026041704021555,NHPC,48,59,12,318.7,3824.4,2026-04-17,186940328,152,Trishakti Securities Public Limited,Deevyaa Securities & Stock House Pvt. Ltd,2026-04-17 14:58:15.188266,National Hydro Power Company Limited
2026041704021556,NHPC,35,59,988,318.5,314678.0,2026-04-17,186940329,152,Kohinoor Investment & Securities Pvt. Ltd.,Deevyaa Securities & Stock House Pvt. Ltd,2026-04-17 14:58:15.189134,National Hydro Power Company Limited
2026041704021560,NHPC,34,6,1000,318.8,318800.0,2026-04-17,186940372,152,Vision Securities Pvt. Ltd,Agrawal Securities (PVT) Ltd.,2026-04-17 14:58:16.278405,National Hydro Power Company Limited
2026041704021561,NHPC,35,97,2611,318.5,831603.5,2026-04-17,186940398,152,Kohinoor Investment & Securities Pvt. Ltd.,R.B.B. Securities Company Ltd,2026-04-17 14:58:17.971985,National Hydro Power Company Limited
2026041704021562,NHPC,21,97,51,318.5,16243.5,2026-04-17,186940400,152,Midas Stock Broking Company Private Limited,R.B.B. Securities Company Ltd,2026-04-17 14:58:17.972995,National Hydro Power Company Limited
2026041704021563,NHPC,39,97,300,318.5,95550.0,2026-04-17,186940402,152,Sumeru Securities Pvt. Ltd.,R.B.B. Securities Company Ltd,2026-04-17 14:58:17.973566,National Hydro Power Company Limited
2026041704021564,NHPC,42,97,638,318.5,203203.0,2026-04-17,186940403,152,Sani Securities Company Ltd.,R.B.B. Securities Company Ltd,2026-04-17 14:58:17.974147,National Hydro Power Company Limited
2026041704021565,NHPC,74,6,500,318.8,159400.0,2026-04-17,186940426,152,KALASH STOCK MARKET PVT. LTD.,Agrawal Securities (PVT) Ltd.,2026-04-17 14:58:18.362290,National Hydro Power Company Limited
2026041704021624,NHPC,51,6,910,318.8,290108.0,2026-04-17,186940707,152,Oxford Securities Pvt. Ltd.,Agrawal Securities (PVT) Ltd.,2026-04-17 14:58:25.892110,National Hydro Power Company Limited
2026041704021625,NHPC,51,21,90,318.8,28692.0,2026-04-17,186940710,152,Oxford Securities Pvt. Ltd.,Midas Stock Broking Company Private Limited,2026-04-17 14:58:25.892154,National Hydro Power Company Limited
2026041704021637,NHPC,10,21,100,318.8,31880.0,2026-04-17,186940758,152,Pragyan Securities (PVT) Ltd.,Midas Stock Broking Company Private Limited,2026-04-17 14:58:27.567045,National Hydro Power Company Limited
2026041704021664,NHPC,49,21,200,318.8,63760.0,2026-04-17,186940982,152,Online Securities Pvt. Ltd.,Midas Stock Broking Company Private Limited,2026-04-17 14:58:32.707076,National Hydro Power Company Limited
2026041704021671,NHPC,42,44,294,318.5,93639.0,2026-04-17,186941057,152,Sani Securities Company Ltd.,Dynamic Money Managers Securities Pvt. Ltd.,2026-04-17 14:58:34.475109,National Hydro Power Company Limited
2026041704021695,NHPC,42,7,68,318.5,21658.0,2026-04-17,186941176,152,Sani Securities Company Ltd.,J.F. Securites (PVT) Ltd.,2026-04-17 14:58:37.318527,National Hydro Power Company Limited
2026041704021696,NHPC,21,7,82,318.5,26117.0,2026-04-17,186941177,152,Midas Stock Broking Company Private Limited,J.F. Securites (PVT) Ltd.,2026-04-17 14:58:37.319408,National Hydro Power Company Limited
2026041704021697,NHPC,21,58,22,318.5,7007.0,2026-04-17,186941189,152,Midas Stock Broking Company Private Limited,Naasa Securities Co. Ltd.,2026-04-17 14:58:37.571536,National Hydro Power Company Limited
2026041704021739,NHPC,36,58,47,318.6,14974.2,2026-04-17,186941492,152,Secured Securities Ltd.,Naasa Securities Co. Ltd.,2026-04-17 14:58:45.081470,National Hydro Power Company Limited
2026041704021740,NHPC,6,58,1500,318.6,477900.0,2026-04-17,186941494,152,Agrawal Securities (PVT) Ltd.,Naasa Securities Co. Ltd.,2026-04-17 14:58:45.081590,National Hydro Power Company Limited
2026041704021741,NHPC,21,58,96,318.5,30576.0,2026-04-17,186941496,152,Midas Stock Broking Company Private Limited,Naasa Securities Co. Ltd.,2026-04-17 14:58:45.081688,National Hydro Power Company Limited
2026041704021742,NHPC,60,58,2150,318.3,684345.0,2026-04-17,186941497,152,Nagarik Stock Dealer ,Naasa Securities Co. Ltd.,2026-04-17 14:58:45.081786,National Hydro Power Company Limited
2026041704021771,NHPC,6,45,300,318.5,95550.0,2026-04-17,186941787,152,Agrawal Securities (PVT) Ltd.,Imperial Securities Company Pvt. Ltd.,2026-04-17 14:58:52.270976,National Hydro Power Company Limited
2026041704021778,NHPC,6,92,200,318.5,63700.0,2026-04-17,186941876,152,Agrawal Securities (PVT) Ltd.,Roadshow securities limited,2026-04-17 14:58:52.922421,National Hydro Power Company Limited
2026041704021779,NHPC,60,92,2850,318.3,907155.0,2026-04-17,186941878,152,Nagarik Stock Dealer ,Roadshow securities limited,2026-04-17 14:58:52.923366,National Hydro Power Company Limited
2026041704021780,NHPC,17,92,50,318.0,15900.0,2026-04-17,186941880,152,ABC Securities Private Limited,Roadshow securities limited,2026-04-17 14:58:52.924013,National Hydro Power Company Limited
2026041704021781,NHPC,49,92,35,318.0,11130.0,2026-04-17,186941882,152,Online Securities Pvt. Ltd.,Roadshow securities limited,2026-04-17 14:58:52.924668,National Hydro Power Company Limited
2026041704021782,NHPC,7,92,50,318.0,15900.0,2026-04-17,186941884,152,J.F. Securites (PVT) Ltd.,Roadshow securities limited,2026-04-17 14:58:52.925292,National Hydro Power Company Limited
2026041704021783,NHPC,50,92,500,318.0,159000.0,2026-04-17,186941886,152,Cristal Kanchanjanga Securites Pvt. Ltd.,Roadshow securities limited,2026-04-17 14:58:52.925931,National Hydro Power Company Limited
2026041704021784,NHPC,86,92,106,318.0,33708.0,2026-04-17,186941888,152,Stoxkarts Securities Limited,Roadshow securities limited,2026-04-17 14:58:52.926557,National Hydro Power Company Limited
2026041704021785,NHPC,3,92,200,318.0,63600.0,2026-04-17,186941890,152,Arun Securities (PVT) Ltd.,Roadshow securities limited,2026-04-17 14:58:52.927125,National Hydro Power Company Limited
2026041704021786,NHPC,50,92,500,318.0,159000.0,2026-04-17,186941892,152,Cristal Kanchanjanga Securites Pvt. Ltd.,Roadshow securities limited,2026-04-17 14:58:52.927768,National Hydro Power Company Limited
2026041704021787,NHPC,44,92,10,318.0,3180.0,2026-04-17,186941894,152,Dynamic Money Managers Securities Pvt. Ltd.,Roadshow securities limited,2026-04-17 14:58:52.928419,National Hydro Power Company Limited
2026041704021788,NHPC,25,92,100,318.0,31800.0,2026-04-17,186941896,152,Sweta Securities Private Limited,Roadshow securities limited,2026-04-17 14:58:52.929026,National Hydro Power Company Limited
2026041704021789,NHPC,70,92,399,318.0,126882.0,2026-04-17,186941897,152,Infinity Securities Limited,Roadshow securities limited,2026-04-17 14:58:52.929673,National Hydro Power Company Limited
2026041704021806,NHPC,42,59,300,318.6,95580.0,2026-04-17,186942031,152,Sani Securities Company Ltd.,Deevyaa Securities & Stock House Pvt. Ltd,2026-04-17 14:58:55.631458,National Hydro Power Company Limited
2026041704021807,NHPC,42,21,110,318.8,35068.0,2026-04-17,186942033,152,Sani Securities Company Ltd.,Midas Stock Broking Company Private Limited,2026-04-17 14:58:55.632363,National Hydro Power Company Limited
2026041704021808,NHPC,42,35,90,318.8,28692.0,2026-04-17,186942036,152,Sani Securities Company Ltd.,Kohinoor Investment & Securities Pvt. Ltd.,2026-04-17 14:58:55.632907,National Hydro Power Company Limited
2026041704021909,NHPC,70,58,10,318.0,3180.0,2026-04-17,186942785,152,Infinity Securities Limited,Naasa Securities Co. Ltd.,2026-04-17 14:59:07.230039,National Hydro Power Company Limited
2026041704021914,NHPC,38,35,138,318.8,43994.4,2026-04-17,186942846,152,Dipshikha Dhitopatra Karobar Co. Pvt Ltd.,Kohinoor Investment & Securities Pvt. Ltd.,2026-04-17 14:59:08.076527,National Hydro Power Company Limited
2026041704021936,NHPC,32,35,250,318.8,79700.0,2026-04-17,186943036,152,Premier Securities Company Ltd.,Kohinoor Investment & Securities Pvt. Ltd.,2026-04-17 14:59:11.094823,National Hydro Power Company Limited
2026041704021946,NHPC,36,35,10,318.8,3188.0,2026-04-17,186943188,152,Secured Securities Ltd.,Kohinoor Investment & Securities Pvt. Ltd.,2026-04-17 14:59:12.800283,National Hydro Power Company Limited
2026041704022007,NHPC,21,64,40,318.1,12724.0,2026-04-17,186943604,152,Midas Stock Broking Company Private Limited,SUN SECURITIES PVT LTD,2026-04-17 14:59:20.179803,National Hydro Power Company Limited
2026041704022008,NHPC,92,64,2000,318.1,636200.0,2026-04-17,186943606,152,Roadshow securities limited,SUN SECURITIES PVT LTD,2026-04-17 14:59:20.180690,National Hydro Power Company Limited
2026041704022009,NHPC,7,64,500,318.1,159050.0,2026-04-17,186943608,152,J.F. Securites (PVT) Ltd.,SUN SECURITIES PVT LTD,2026-04-17 14:59:20.181224,National Hydro Power Company Limited
2026041704022010,NHPC,41,64,50,318.0,15900.0,2026-04-17,186943610,152,Linch Stock Market Ltd.,SUN SECURITIES PVT LTD,2026-04-17 14:59:20.181753,National Hydro Power Company Limited
2026041704022011,NHPC,50,64,515,318.0,163770.0,2026-04-17,186943612,152,Cristal Kanchanjanga Securites Pvt. Ltd.,SUN SECURITIES PVT LTD,2026-04-17 14:59:20.182268,National Hydro Power Company Limited
2026041704022012,NHPC,22,64,895,318.0,284610.0,2026-04-17,186943613,152,Siprabi Securities Pvt. Ltd.,SUN SECURITIES PVT LTD,2026-04-17 14:59:20.182794,National Hydro Power Company Limited
2026041704022028,NHPC,22,57,105,318.0,33390.0,2026-04-17,186943770,152,Siprabi Securities Pvt. Ltd.,Aryatara Investment & Securities,2026-04-17 14:59:21.930451,National Hydro Power Company Limited
2026041704022029,NHPC,56,57,500,318.0,159000.0,2026-04-17,186943772,152,Sri Hari Securities Pvt. Ltd.,Aryatara Investment & Securities,2026-04-17 14:59:21.931507,National Hydro Power Company Limited
2026041704022030,NHPC,45,57,95,318.0,30210.0,2026-04-17,186943773,152,Imperial Securities Company Pvt. Ltd.,Aryatara Investment & Securities,2026-04-17 14:59:21.932251,National Hydro Power Company Limited
2026041704022046,NHPC,45,1,120,318.0,38160.0,2026-04-17,186943915,152,Imperial Securities Company Pvt. Ltd.,Kumari Securities Private Limited,2026-04-17 14:59:23.982619,National Hydro Power Company Limited
2026041704022055,NHPC,45,48,200,318.0,63600.0,2026-04-17,186944047,152,Imperial Securities Company Pvt. Ltd.,Trishakti Securities Public Limited,2026-04-17 14:59:25.931650,National Hydro Power Company Limited
2026041704022060,NHPC,58,42,800,318.3,254640.0,2026-04-17,186944089,152,Naasa Securities Co. Ltd.,Sani Securities Company Ltd.,2026-04-17 14:59:26.691973,National Hydro Power Company Limited
2026041704022076,NHPC,58,17,500,318.5,159250.0,2026-04-17,186944170,152,Naasa Securities Co. Ltd.,ABC Securities Private Limited,2026-04-17 14:59:27.761494,National Hydro Power Company Limited
2026041704022077,NHPC,58,26,100,318.7,31870.0,2026-04-17,186944198,152,Naasa Securities Co. Ltd.,Asian Securities Private Ltd.,2026-04-17 14:59:28.177738,National Hydro Power Company Limited
2026041704022078,NHPC,58,35,12,318.8,3825.6,2026-04-17,186944200,152,Naasa Securities Co. Ltd.,Kohinoor Investment & Securities Pvt. Ltd.,2026-04-17 14:59:28.177802,National Hydro Power Company Limited
2026041704022079,NHPC,58,14,388,318.8,123694.4,2026-04-17,186944203,152,Naasa Securities Co. Ltd.,Nepal Stock House (PVT) Ltd.,2026-04-17 14:59:28.177829,National Hydro Power Company Limited
2026041704022080,NHPC,58,1,180,318.5,57330.0,2026-04-17,186944205,152,Naasa Securities Co. Ltd.,Kumari Securities Private Limited,2026-04-17 14:59:28.209110,National Hydro Power Company Limited
2026041704022081,NHPC,45,1,120,318.0,38160.0,2026-04-17,186944206,152,Imperial Securities Company Pvt. Ltd.,Kumari Securities Private Limited,2026-04-17 14:59:28.209943,National Hydro Power Company Limited
2026041704022122,NHPC,38,19,280,318.5,89180.0,2026-04-17,186944538,152,Dipshikha Dhitopatra Karobar Co. Pvt Ltd.,Nepal Investment And Securities Trading Private Limited,2026-04-17 14:59:33.530969,National Hydro Power Company Limited
2026041704022124,NHPC,58,14,112,318.8,35705.6,2026-04-17,186944619,152,Naasa Securities Co. Ltd.,Nepal Stock House (PVT) Ltd.,2026-04-17 14:59:34.283735,National Hydro Power Company Limited
2026041704022125,NHPC,58,4,10,318.8,3188.0,2026-04-17,186944621,152,Naasa Securities Co. Ltd.,Opal Securities Investment (PVT) Ltd.,2026-04-17 14:59:34.285720,National Hydro Power Company Limited
2026041704022126,NHPC,58,57,78,318.8,24866.4,2026-04-17,186944623,152,Naasa Securities Co. Ltd.,Aryatara Investment & Securities,2026-04-17 14:59:34.287445,National Hydro Power Company Limited
2026041704022127,NHPC,58,57,160,318.9,51024.0,2026-04-17,186944625,152,Naasa Securities Co. Ltd.,Aryatara Investment & Securities,2026-04-17 14:59:34.289223,National Hydro Power Company Limited
2026041704022128,NHPC,58,3,1200,318.9,382680.0,2026-04-17,186944627,152,Naasa Securities Co. Ltd.,Arun Securities (PVT) Ltd.,2026-04-17 14:59:34.290905,National Hydro Power Company Limited
2026041704022129,NHPC,58,59,340,318.9,108426.0,2026-04-17,186944630,152,Naasa Securities Co. Ltd.,Deevyaa Securities & Stock House Pvt. Ltd,2026-04-17 14:59:34.291517,National Hydro Power Company Limited
2026041704022130,NHPC,100,59,10,318.9,3189.0,2026-04-17,186944632,152,Sunrise Securities Limited,Deevyaa Securities & Stock House Pvt. Ltd,2026-04-17 14:59:34.292269,National Hydro Power Company Limited
2026041704022136,NHPC,38,17,200,318.5,63700.0,2026-04-17,186944653,152,Dipshikha Dhitopatra Karobar Co. Pvt Ltd.,ABC Securities Private Limited,2026-04-17 14:59:34.735328,National Hydro Power Company Limited
2026041704022201,NHPC,81,58,500,318.8,159400.0,2026-04-17,186945217,152,Aakashbhairab Securities Ltd.,Naasa Securities Co. Ltd.,2026-04-17 14:59:38.952242,National Hydro Power Company Limited
2026041704022202,NHPC,38,58,520,318.5,165620.0,2026-04-17,186945219,152,Dipshikha Dhitopatra Karobar Co. Pvt Ltd.,Naasa Securities Co. Ltd.,2026-04-17 14:59:38.954170,National Hydro Power Company Limited
2026041704022203,NHPC,58,58,100,318.3,31830.0,2026-04-17,186945221,152,Naasa Securities Co. Ltd.,Naasa Securities Co. Ltd.,2026-04-17 14:59:38.955762,National Hydro Power Company Limited
2026041704022204,NHPC,47,58,500,318.1,159050.0,2026-04-17,186945223,152,Neev Securities Pvt. Ltd.,Naasa Securities Co. Ltd.,2026-04-17 14:59:38.956896,National Hydro Power Company Limited
2026041704022205,NHPC,7,58,1000,318.1,318100.0,2026-04-17,186945225,152,J.F. Securites (PVT) Ltd.,Naasa Securities Co. Ltd.,2026-04-17 14:59:38.957564,National Hydro Power Company Limited
2026041704022206,NHPC,45,58,71,318.0,22578.0,2026-04-17,186945227,152,Imperial Securities Company Pvt. Ltd.,Naasa Securities Co. Ltd.,2026-04-17 14:59:38.958143,National Hydro Power Company Limited
2026041704022207,NHPC,32,58,100,318.0,31800.0,2026-04-17,186945229,152,Premier Securities Company Ltd.,Naasa Securities Co. Ltd.,2026-04-17 14:59:38.958838,National Hydro Power Company Limited
2026041704022208,NHPC,48,58,1000,318.0,318000.0,2026-04-17,186945231,152,Trishakti Securities Public Limited,Naasa Securities Co. Ltd.,2026-04-17 14:59:38.959406,National Hydro Power Company Limited
2026041704022209,NHPC,52,58,300,318.0,95400.0,2026-04-17,186945233,152,Sundhara Securities Limited,Naasa Securities Co. Ltd.,2026-04-17 14:59:38.959918,National Hydro Power Company Limited
2026041704022210,NHPC,88,58,100,318.0,31800.0,2026-04-17,186945235,152,Blue Chip Securities Ltd,Naasa Securities Co. Ltd.,2026-04-17 14:59:38.960436,National Hydro Power Company Limited
2026041704022211,NHPC,36,58,500,318.0,159000.0,2026-04-17,186945237,152,Secured Securities Ltd.,Naasa Securities Co. Ltd.,2026-04-17 14:59:38.960947,National Hydro Power Company Limited
2026041704022212,NHPC,38,58,300,318.0,95400.0,2026-04-17,186945239,152,Dipshikha Dhitopatra Karobar Co. Pvt Ltd.,Naasa Securities Co. Ltd.,2026-04-17 14:59:38.961470,National Hydro Power Company Limited
2026041704022213,NHPC,42,58,1000,318.0,318000.0,2026-04-17,186945241,152,Sani Securities Company Ltd.,Naasa Securities Co. Ltd.,2026-04-17 14:59:38.961986,National Hydro Power Company Limited
2026041704022214,NHPC,57,58,70,318.0,22260.0,2026-04-17,186945131,152,Aryatara Investment & Securities,Naasa Securities Co. Ltd.,2026-04-17 14:59:38.962508,National Hydro Power Company Limited
2026041704022215,NHPC,62,58,1000,318.0,318000.0,2026-04-17,186945133,152,Capital Max Securities Ltd,Naasa Securities Co. Ltd.,2026-04-17 14:59:38.963015,National Hydro Power Company Limited
2026041704022216,NHPC,62,58,1500,318.0,477000.0,2026-04-17,186945135,152,Capital Max Securities Ltd,Naasa Securities Co. Ltd.,2026-04-17 14:59:38.963529,National Hydro Power Company Limited
2026041704022217,NHPC,57,58,500,318.0,159000.0,2026-04-17,186945137,152,Aryatara Investment & Securities,Naasa Securities Co. Ltd.,2026-04-17 14:59:38.964036,National Hydro Power Company Limited
2026041704022218,NHPC,43,58,100,318.0,31800.0,2026-04-17,186945139,152,South Asian Bulls Pvt. Ltd.,Naasa Securities Co. Ltd.,2026-04-17 14:59:38.964551,National Hydro Power Company Limited
2026041704022219,NHPC,58,58,839,318.0,266802.0,2026-04-17,186945140,152,Naasa Securities Co. Ltd.,Naasa Securities Co. Ltd.,2026-04-17 14:59:38.965060,National Hydro Power Company Limited
2026041704022221,NHPC,58,96,621,318.0,197478.0,2026-04-17,186945145,152,Naasa Securities Co. Ltd.,Himalayan Securities Limited,2026-04-17 14:59:39.012800,National Hydro Power Company Limited
2026041704022222,NHPC,58,96,210,318.0,66780.0,2026-04-17,186945147,152,Naasa Securities Co. Ltd.,Himalayan Securities Limited,2026-04-17 14:59:39.013490,National Hydro Power Company Limited
2026041704022223,NHPC,11,96,1169,318.0,371742.0,2026-04-17,186945152,152,Malla & Malla Stock Broking Company Pvt. Limited,Himalayan Securities Limited,2026-04-17 14:59:39.092850,National Hydro Power Company Limited
2026041704022224,NHPC,11,59,781,318.9,249060.9,2026-04-17,186945155,152,Malla & Malla Stock Broking Company Pvt. Limited,Deevyaa Securities & Stock House Pvt. Ltd,2026-04-17 14:59:39.093487,National Hydro Power Company Limited
2026041704022271,NHPC,42,45,100,318.0,31800.0,2026-04-17,186945536,152,Sani Securities Company Ltd.,Imperial Securities Company Pvt. Ltd.,2026-04-17 14:59:43.063536,National Hydro Power Company Limited
2026041704022272,NHPC,56,45,1900,318.0,604200.0,2026-04-17,186945537,152,Sri Hari Securities Pvt. Ltd.,Imperial Securities Company Pvt. Ltd.,2026-04-17 14:59:43.065444,National Hydro Power Company Limited
2026041704022281,NHPC,36,66,30,318.1,9543.0,2026-04-17,186945670,152,Secured Securities Ltd.,Miyo Securities Pvt Ltd,2026-04-17 14:59:44.338146,National Hydro Power Company Limited
2026041704022282,NHPC,25,66,300,318.1,95430.0,2026-04-17,186945676,152,Sweta Securities Private Limited,Miyo Securities Pvt Ltd,2026-04-17 14:59:44.449465,National Hydro Power Company Limited
2026041704022283,NHPC,58,66,10,318.1,3181.0,2026-04-17,186945678,152,Naasa Securities Co. Ltd.,Miyo Securities Pvt Ltd,2026-04-17 14:59:44.461402,National Hydro Power Company Limited
2026041704022300,NHPC,77,66,160,318.1,50896.0,2026-04-17,186945825,152,Nabil Stock Dealer Ltd.,Miyo Securities Pvt Ltd,2026-04-17 14:59:46.157963,National Hydro Power Company Limited
2026041704022301,NHPC,77,21,2340,318.8,745992.0,2026-04-17,186945828,152,Nabil Stock Dealer Ltd.,Midas Stock Broking Company Private Limited,2026-04-17 14:59:46.158915,National Hydro Power Company Limited
2026041704022316,NHPC,45,21,65,318.8,20722.0,2026-04-17,186945898,152,Imperial Securities Company Pvt. Ltd.,Midas Stock Broking Company Private Limited,2026-04-17 14:59:46.599947,National Hydro Power Company Limited
2026041704022317,NHPC,56,39,500,318.0,159000.0,2026-04-17,186945899,152,Sri Hari Securities Pvt. Ltd.,Sumeru Securities Pvt. Ltd.,2026-04-17 14:59:46.639901,National Hydro Power Company Limited
2026041704022320,NHPC,56,35,1000,318.0,318000.0,2026-04-17,186945965,152,Sri Hari Securities Pvt. Ltd.,Kohinoor Investment & Securities Pvt. Ltd.,2026-04-17 14:59:47.187138,National Hydro Power Company Limited
2026041704022381,NHPC,36,21,65,318.8,20722.0,2026-04-17,186946438,152,Secured Securities Ltd.,Midas Stock Broking Company Private Limited,2026-04-17 14:59:53.691533,National Hydro Power Company Limited
2026041704022388,NHPC,36,21,10,318.8,3188.0,2026-04-17,186946474,152,Secured Securities Ltd.,Midas Stock Broking Company Private Limited,2026-04-17 14:59:53.820328,National Hydro Power Company Limited
2026041704022389,NHPC,34,58,1000,318.5,318500.0,2026-04-17,186946475,152,Vision Securities Pvt. Ltd,Naasa Securities Co. Ltd.,2026-04-17 14:59:53.896927,National Hydro Power Company Limited
2026041704022570,NHPC,72,57,150,318.5,47775.0,2026-04-17,186947481,152,Hatemalo Financial Services Private Limited,Aryatara Investment & Securities,2026-04-17 14:59:57.645286,National Hydro Power Company Limited
2026041704022571,NHPC,72,96,250,318.5,79625.0,2026-04-17,186947488,152,Hatemalo Financial Services Private Limited,Himalayan Securities Limited,2026-04-17 14:59:57.646193,National Hydro Power Company Limited
2026041704022631,NHPC,60,96,100,318.5,31850.0,2026-04-17,186947670,152,Nagarik Stock Dealer ,Himalayan Securities Limited,2026-04-17 14:59:58.473887,National Hydro Power Company Limited
2026041704022633,NHPC,22,96,20,318.5,6370.0,2026-04-17,186947677,152,Siprabi Securities Pvt. Ltd.,Himalayan Securities Limited,2026-04-17 14:59:58.525944,National Hydro Power Company Limited
2026041704022640,NHPC,34,96,630,318.5,200655.0,2026-04-17,186947764,152,Vision Securities Pvt. Ltd,Himalayan Securities Limited,2026-04-17 14:59:58.765173,National Hydro Power Company Limited
2026041704022642,NHPC,97,21,20,318.8,6376.0,2026-04-17,186947240,152,R.B.B. Securities Company Ltd,Midas Stock Broking Company Private Limited,2026-04-17 14:59:58.825307,National Hydro Power Company Limited
2026041704022643,NHPC,97,59,30,318.9,9567.0,2026-04-17,186947250,152,R.B.B. Securities Company Ltd,Deevyaa Securities & Stock House Pvt. Ltd,2026-04-17 14:59:58.825357,National Hydro Power Company Limited
2026041704022671,NHPC,71,59,10,318.9,3189.0,2026-04-17,186947802,152,SHUBHAKAMANA SECURITIES PVT. LTD,Deevyaa Securities & Stock House Pvt. Ltd,2026-04-17 14:59:59.396945,National Hydro Power Company Limited
2026041704022681,NHPC,34,50,10,318.5,3185.0,2026-04-17,186947873,152,Vision Securities Pvt. Ltd,Cristal Kanchanjanga Securites Pvt. Ltd.,2026-04-17 14:59:59.798658,National Hydro Power Company Limited
