Date,S.N.,Contract ID,Symbol,Buyer Broker,Seller Broker,quantity,rate,amount,transaction_time
2025-07-31,168374,2025073104000041,API,Capital Max Securities Ltd,Deevyaa Securities & Stock House Pvt. Ltd,100,308.0,30800.0,2025-07-31 11:00:39.788800
2025-07-31,167889,2025073104000167,API,Miyo Securities Pvt Ltd,Opal Securities Investment (PVT) Ltd.,100,310.0,31000.0,2025-07-31 11:01:54.075923
2025-07-31,167810,2025073104000178,API,Dipshikha Dhitopatra Karobar Co. Pvt Ltd.,Sri Hari Securities Pvt. Ltd.,40,309.0,12360.0,2025-07-31 11:02:04.270193
2025-07-31,167720,2025073104000187,API,Dipshikha Dhitopatra Karobar Co. Pvt Ltd.,Premier Securities Company Ltd.,10,309.0,3090.0,2025-07-31 11:02:18.929847
2025-07-31,167644,2025073104000200,API,Dipshikha Dhitopatra Karobar Co. Pvt Ltd.,Investment Management Nepal Pvt. Ltd.,50,309.0,15450.0,2025-07-31 11:02:31.217815
2025-07-31,167643,2025073104000201,API,J.F. Securites (PVT) Ltd.,Investment Management Nepal Pvt. Ltd.,50,309.0,15450.0,2025-07-31 11:02:31.217968
2025-07-31,166795,2025073104000354,API,Nepal Investment And Securities Trading Private Limited,SHUBHAKAMANA SECURITIES PVT. LTD,97,308.3,29905.1,2025-07-31 11:04:10.477273
2025-07-31,166746,2025073104000363,API,Vision Securities Pvt. Ltd,SHUBHAKAMANA SECURITIES PVT. LTD,10,308.3,3083.0,2025-07-31 11:04:16.505648
2025-07-31,166542,2025073104000384,API,Sewa Securities Pvt. Ltd.,ABC Securities Private Limited,10,309.0,3090.0,2025-07-31 11:04:36.311585
2025-07-31,166295,2025073104000415,API,Naasa Securities Co. Ltd.,Kohinoor Investment & Securities Pvt. Ltd.,10,308.3,3083.0,2025-07-31 11:05:05.696867
2025-07-31,165987,2025073104000459,API,Dipshikha Dhitopatra Karobar Co. Pvt Ltd.,Kohinoor Investment & Securities Pvt. Ltd.,75,308.2,23115.0,2025-07-31 11:05:33.838560
2025-07-31,165972,2025073104000460,API,Dipshikha Dhitopatra Karobar Co. Pvt Ltd.,Sewa Securities Pvt. Ltd.,25,308.2,7705.0,2025-07-31 11:05:34.978141
2025-07-31,165971,2025073104000461,API,Vision Securities Pvt. Ltd,Sewa Securities Pvt. Ltd.,40,308.2,12328.0,2025-07-31 11:05:34.978250
2025-07-31,165826,2025073104000484,API,Secured Securities Ltd.,Sewa Securities Pvt. Ltd.,10,308.2,3082.0,2025-07-31 11:05:48.468765
2025-07-31,165825,2025073104000485,API,Linch Stock Market Ltd.,Naasa Securities Co. Ltd.,200,308.1,61620.0,2025-07-31 11:05:48.606025
2025-07-31,165734,2025073104000497,API,Capital Max Securities Ltd,Dynamic Money Managers Securities Pvt. Ltd.,225,308.0,69300.0,2025-07-31 11:05:57.788806
2025-07-31,165733,2025073104000498,API,Shree Krishna Securities Ltd.,Dynamic Money Managers Securities Pvt. Ltd.,50,308.0,15400.0,2025-07-31 11:05:57.789023
2025-07-31,165732,2025073104000499,API,Trisul Securities & Invt. Ltd.,Dynamic Money Managers Securities Pvt. Ltd.,197,308.0,60676.0,2025-07-31 11:05:57.789206
2025-07-31,165712,2025073104000500,API,Trisul Securities & Invt. Ltd.,Sewa Securities Pvt. Ltd.,425,308.0,130900.0,2025-07-31 11:05:59.196015
2025-07-31,165605,2025073104000513,API,Oxford Securities Pvt. Ltd.,Naasa Securities Co. Ltd.,220,308.1,67782.0,2025-07-31 11:06:09.418172
2025-07-31,165548,2025073104000524,API,Trisul Securities & Invt. Ltd.,ABC Securities Private Limited,500,308.0,154000.0,2025-07-31 11:06:14.833433
2025-07-31,165502,2025073104000532,API,Sweta Securities Private Limited,Naasa Securities Co. Ltd.,80,308.1,24648.0,2025-07-31 11:06:16.278124
2025-07-31,165432,2025073104000543,API,Sweta Securities Private Limited,Vision Securities Pvt. Ltd,100,308.1,30810.0,2025-07-31 11:06:22.003888
2025-07-31,164924,2025073104000621,API,Sharepro Securities Private Limited,Kohinoor Investment & Securities Pvt. Ltd.,140,308.3,43162.0,2025-07-31 11:07:14.703046
2025-07-31,163827,2025073104000812,API,Dakshinkali Investment & Securities Pvt. Ltd.,Sewa Securities Pvt. Ltd.,125,308.4,38550.0,2025-07-31 11:08:54.479935
2025-07-31,163788,2025073104000822,API,Sweta Securities Private Limited,Nepal Investment And Securities Trading Private Limited,570,308.3,175731.0,2025-07-31 11:08:57.065142
2025-07-31,163787,2025073104000823,API,Vision Securities Pvt. Ltd,Nepal Investment And Securities Trading Private Limited,100,308.3,30830.0,2025-07-31 11:08:57.065282
2025-07-31,163786,2025073104000824,API,Trishakti Securities Public Limited,Nepal Investment And Securities Trading Private Limited,300,308.1,92430.0,2025-07-31 11:08:57.065341
2025-07-31,163785,2025073104000825,API,Sewa Securities Pvt. Ltd.,Nepal Investment And Securities Trading Private Limited,600,308.0,184800.0,2025-07-31 11:08:57.065392
2025-07-31,163784,2025073104000826,API,Aryatara Investment & Securities,Nepal Investment And Securities Trading Private Limited,50,308.0,15400.0,2025-07-31 11:08:57.065440
2025-07-31,163783,2025073104000827,API,Sani Securities Company Ltd.,Nepal Investment And Securities Trading Private Limited,130,308.0,40040.0,2025-07-31 11:08:57.065486
2025-07-31,163782,2025073104000828,API,Vision Securities Pvt. Ltd,Nepal Investment And Securities Trading Private Limited,100,308.0,30800.0,2025-07-31 11:08:57.065532
2025-07-31,163622,2025073104000879,API,Secured Securities Ltd.,Nepal Investment And Securities Trading Private Limited,1000,308.0,308000.0,2025-07-31 11:09:10.288649
2025-07-31,163610,2025073104000882,API,Naasa Securities Co. Ltd.,Aryatara Investment & Securities,32,307.0,9824.0,2025-07-31 11:09:12.784784
2025-07-31,163609,2025073104000883,API,Nepal Investment And Securities Trading Private Limited,Aryatara Investment & Securities,100,307.0,30700.0,2025-07-31 11:09:12.784996
2025-07-31,163608,2025073104000884,API,Neev Securities Pvt. Ltd.,Aryatara Investment & Securities,868,307.0,266476.0,2025-07-31 11:09:12.785135
2025-07-31,163511,2025073104000909,API,Neev Securities Pvt. Ltd.,Naasa Securities Co. Ltd.,132,307.0,40524.0,2025-07-31 11:09:21.347700
2025-07-31,163510,2025073104000910,API,Naasa Securities Co. Ltd.,Naasa Securities Co. Ltd.,18,307.0,5526.0,2025-07-31 11:09:21.347844
2025-07-31,163485,2025073104000916,API,Primo Securities (PVT) Ltd.,Nepal Investment And Securities Trading Private Limited,250,308.0,77000.0,2025-07-31 11:09:23.206112
2025-07-31,163396,2025073104000943,API,Naasa Securities Co. Ltd.,Sewa Securities Pvt. Ltd.,375,307.0,115125.0,2025-07-31 11:09:32.625992
2025-07-31,162752,2025073104001071,API,Naasa Securities Co. Ltd.,Aryatara Investment & Securities,107,307.0,32849.0,2025-07-31 11:10:25.622978
2025-07-31,162751,2025073104001072,API,Capital Max Securities Ltd,Aryatara Investment & Securities,50,307.0,15350.0,2025-07-31 11:10:25.623261
2025-07-31,162750,2025073104001073,API,Trisul Securities & Invt. Ltd.,Aryatara Investment & Securities,25,307.0,7675.0,2025-07-31 11:10:25.623476
2025-07-31,162679,2025073104001084,API,Trisul Securities & Invt. Ltd.,Naasa Securities Co. Ltd.,100,307.0,30700.0,2025-07-31 11:10:32.334601
2025-07-31,162600,2025073104001102,API,Trisul Securities & Invt. Ltd.,Roadshow securities limited,500,307.0,153500.0,2025-07-31 11:10:37.577260
2025-07-31,162196,2025073104001179,API,Trisul Securities & Invt. Ltd.,Market Securities & Exchange (PVT) Ltd.,375,307.0,115125.0,2025-07-31 11:11:09.924892
2025-07-31,162195,2025073104001180,API,Agrawal Securities (PVT) Ltd.,Market Securities & Exchange (PVT) Ltd.,100,307.0,30700.0,2025-07-31 11:11:09.925167
2025-07-31,162194,2025073104001181,API,Imperial Securities Company Pvt. Ltd.,Market Securities & Exchange (PVT) Ltd.,25,307.0,7675.0,2025-07-31 11:11:09.925339
2025-07-31,162036,2025073104001213,API,Imperial Securities Company Pvt. Ltd.,Oxford Securities Pvt. Ltd.,80,307.0,24560.0,2025-07-31 11:11:21.683641
2025-07-31,161834,2025073104001265,API,Imperial Securities Company Pvt. Ltd.,Sri Hari Securities Pvt. Ltd.,195,307.0,59865.0,2025-07-31 11:11:38.412484
2025-07-31,161833,2025073104001266,API,Infinity Securities Limited,Sri Hari Securities Pvt. Ltd.,50,307.0,15350.0,2025-07-31 11:11:38.412637
2025-07-31,161794,2025073104001274,API,Linch Stock Market Ltd.,Sri Hari Securities Pvt. Ltd.,80,307.0,24560.0,2025-07-31 11:11:41.290494
2025-07-31,161572,2025073104001310,API,Linch Stock Market Ltd.,Agrawal Securities (PVT) Ltd.,42,307.1,12898.2,2025-07-31 11:11:57.718380
2025-07-31,161398,2025073104001356,API,Linch Stock Market Ltd.,Aryatara Investment & Securities,35,307.1,10748.5,2025-07-31 11:12:08.847621
2025-07-31,161291,2025073104001372,API,Linch Stock Market Ltd.,Dipshikha Dhitopatra Karobar Co. Pvt Ltd.,43,307.1,13205.3,2025-07-31 11:12:17.158203
2025-07-31,160574,2025073104001474,API,Arun Securities (PVT) Ltd.,Dipshikha Dhitopatra Karobar Co. Pvt Ltd.,150,307.0,46050.0,2025-07-31 11:13:21.454813
2025-07-31,160313,2025073104001531,API,Imperial Securities Company Pvt. Ltd.,Dipshikha Dhitopatra Karobar Co. Pvt Ltd.,632,307.0,194024.0,2025-07-31 11:13:38.557511
2025-07-31,160233,2025073104001548,API,Imperial Securities Company Pvt. Ltd.,Vision Securities Pvt. Ltd,10,307.0,3070.0,2025-07-31 11:13:46.274482
2025-07-31,159623,2025073104001648,API,Trishakti Securities Public Limited,Siprabi Securities Pvt. Ltd.,525,307.1,161227.5,2025-07-31 11:14:34.201137
2025-07-31,159418,2025073104001682,API,Naasa Securities Co. Ltd.,Siprabi Securities Pvt. Ltd.,500,307.1,153550.0,2025-07-31 11:14:49.022864
2025-07-31,159238,2025073104001703,API,Ashutosh Brokerage & Securities (PVT) Ltd.,Siprabi Securities Pvt. Ltd.,100,307.1,30710.0,2025-07-31 11:15:01.593871
2025-07-31,159204,2025073104001705,API,Sharepro Securities Private Limited,Siprabi Securities Pvt. Ltd.,400,307.1,122840.0,2025-07-31 11:15:04.639776
2025-07-31,158636,2025073104001783,API,Sharepro Securities Private Limited,Premier Securities Company Ltd.,100,307.1,30710.0,2025-07-31 11:15:49.948250
2025-07-31,158571,2025073104001794,API,Dakshinkali Investment & Securities Pvt. Ltd.,Nepal Investment And Securities Trading Private Limited,315,307.8,96957.0,2025-07-31 11:15:55.299305
2025-07-31,158570,2025073104001795,API,Dakshinkali Investment & Securities Pvt. Ltd.,Cristal Kanchanjanga Securites Pvt. Ltd.,435,307.9,133936.5,2025-07-31 11:15:55.299522
2025-07-31,158118,2025073104001872,API,Aryatara Investment & Securities,Primo Securities (PVT) Ltd.,26,307.8,8002.8,2025-07-31 11:16:28.341012
2025-07-31,158032,2025073104001881,API,Dipshikha Dhitopatra Karobar Co. Pvt Ltd.,Nepal Investment And Securities Trading Private Limited,100,308.0,30800.0,2025-07-31 11:16:33.722078
2025-07-31,157985,2025073104001890,API,Aryatara Investment & Securities,Deevyaa Securities & Stock House Pvt. Ltd,74,307.8,22777.2,2025-07-31 11:16:37.055028
2025-07-31,157984,2025073104001891,API,Dynamic Money Managers Securities Pvt. Ltd.,Deevyaa Securities & Stock House Pvt. Ltd,500,307.1,153550.0,2025-07-31 11:16:37.055095
2025-07-31,157983,2025073104001892,API,Midas Stock Broking Company Private Limited,Deevyaa Securities & Stock House Pvt. Ltd,10,307.0,3070.0,2025-07-31 11:16:37.055120
2025-07-31,157982,2025073104001893,API,Infinity Securities Limited,Deevyaa Securities & Stock House Pvt. Ltd,200,307.0,61400.0,2025-07-31 11:16:37.055146
2025-07-31,157981,2025073104001894,API,Nabil Stock Dealer Ltd.,Deevyaa Securities & Stock House Pvt. Ltd,200,306.2,61240.0,2025-07-31 11:16:37.055169
2025-07-31,157980,2025073104001895,API,Kohinoor Investment & Securities Pvt. Ltd.,Deevyaa Securities & Stock House Pvt. Ltd,500,306.2,153100.0,2025-07-31 11:16:37.055191
2025-07-31,157979,2025073104001896,API,Naasa Securities Co. Ltd.,Deevyaa Securities & Stock House Pvt. Ltd,10,306.1,3061.0,2025-07-31 11:16:37.055220
2025-07-31,157978,2025073104001897,API,Linch Stock Market Ltd.,Deevyaa Securities & Stock House Pvt. Ltd,200,306.1,61220.0,2025-07-31 11:16:37.055248
2025-07-31,157977,2025073104001898,API,NIMB Stock Markets Limited,Deevyaa Securities & Stock House Pvt. Ltd,3306,306.1,1011966.6,2025-07-31 11:16:37.055272
2025-07-31,157672,2025073104001947,API,Kumari Securities Private Limited,Trisul Securities & Invt. Ltd.,300,307.0,92100.0,2025-07-31 11:16:56.258938
2025-07-31,157671,2025073104001948,API,NIMB Stock Markets Limited,Trisul Securities & Invt. Ltd.,694,306.1,212433.4,2025-07-31 11:16:56.259138
2025-07-31,156996,2025073104002060,API,Swarna Laxmi Securities Pvt. Ltd.,Nepal Investment And Securities Trading Private Limited,1800,308.0,554400.0,2025-07-31 11:17:37.319729
2025-07-31,156995,2025073104002061,API,Swarna Laxmi Securities Pvt. Ltd.,Trisul Securities & Invt. Ltd.,12,308.0,3696.0,2025-07-31 11:17:37.319912
2025-07-31,156994,2025073104002062,API,Swarna Laxmi Securities Pvt. Ltd.,Deevyaa Securities & Stock House Pvt. Ltd,188,308.0,57904.0,2025-07-31 11:17:37.319981
2025-07-31,156905,2025073104002093,API,Dipshikha Dhitopatra Karobar Co. Pvt Ltd.,Trisul Securities & Invt. Ltd.,500,307.0,153500.0,2025-07-31 11:17:46.499936
2025-07-31,156904,2025073104002094,API,Dipshikha Dhitopatra Karobar Co. Pvt Ltd.,Trisul Securities & Invt. Ltd.,100,306.2,30620.0,2025-07-31 11:17:46.500111
2025-07-31,156903,2025073104002095,API,Dipshikha Dhitopatra Karobar Co. Pvt Ltd.,Trisul Securities & Invt. Ltd.,100,306.0,30600.0,2025-07-31 11:17:46.500180
2025-07-31,156902,2025073104002096,API,Infinity Securities Limited,Trisul Securities & Invt. Ltd.,50,306.0,15300.0,2025-07-31 11:17:46.500245
2025-07-31,156901,2025073104002097,API,Infinity Securities Limited,Trisul Securities & Invt. Ltd.,50,306.0,15300.0,2025-07-31 11:17:46.500308
2025-07-31,156900,2025073104002098,API,Citizens Share Broker Limited,Trisul Securities & Invt. Ltd.,150,306.0,45900.0,2025-07-31 11:17:46.500380
2025-07-31,156899,2025073104002099,API,Infinity Securities Limited,Trisul Securities & Invt. Ltd.,50,306.0,15300.0,2025-07-31 11:17:46.500443
2025-07-31,156857,2025073104002122,API,NIMB Stock Markets Limited,Deevyaa Securities & Stock House Pvt. Ltd,812,308.0,250096.0,2025-07-31 11:17:49.190666
2025-07-31,156856,2025073104002123,API,NIMB Stock Markets Limited,Deevyaa Securities & Stock House Pvt. Ltd,1000,308.0,308000.0,2025-07-31 11:17:49.191020
2025-07-31,156855,2025073104002124,API,NIMB Stock Markets Limited,Linch Stock Market Ltd.,25,308.0,7700.0,2025-07-31 11:17:49.191212
2025-07-31,156854,2025073104002125,API,NIMB Stock Markets Limited,Premier Securities Company Ltd.,134,308.0,41272.0,2025-07-31 11:17:49.191434
2025-07-31,156853,2025073104002126,API,NIMB Stock Markets Limited,ABC Securities Private Limited,490,309.0,151410.0,2025-07-31 11:17:49.191625
2025-07-31,156852,2025073104002127,API,NIMB Stock Markets Limited,Trishakti Securities Public Limited,127,309.0,39243.0,2025-07-31 11:17:49.191841
2025-07-31,156851,2025073104002128,API,NIMB Stock Markets Limited,Deevyaa Securities & Stock House Pvt. Ltd,1000,309.0,309000.0,2025-07-31 11:17:49.192018
2025-07-31,156850,2025073104002129,API,NIMB Stock Markets Limited,Deevyaa Securities & Stock House Pvt. Ltd,1000,309.0,309000.0,2025-07-31 11:17:49.192199
2025-07-31,156849,2025073104002130,API,NIMB Stock Markets Limited,Siprabi Securities Pvt. Ltd.,30,309.0,9270.0,2025-07-31 11:17:49.192455
2025-07-31,156832,2025073104002132,API,NIMB Stock Markets Limited,Primo Securities (PVT) Ltd.,250,309.0,77250.0,2025-07-31 11:17:50.602386
2025-07-31,156463,2025073104002186,API,NIMB Stock Markets Limited,Imperial Securities Company Pvt. Ltd.,132,309.0,40788.0,2025-07-31 11:18:16.793573
2025-07-31,156452,2025073104002189,API,Naasa Securities Co. Ltd.,Imperial Securities Company Pvt. Ltd.,118,309.0,36462.0,2025-07-31 11:18:17.417477
2025-07-31,156202,2025073104002234,API,Kalika Securities Pvt. Ltd.,Opal Securities Investment (PVT) Ltd.,100,310.0,31000.0,2025-07-31 11:18:36.751614
2025-07-31,156059,2025073104002257,API,Imperial Securities Company Pvt. Ltd.,Opal Securities Investment (PVT) Ltd.,500,310.0,155000.0,2025-07-31 11:18:49.178412
2025-07-31,155804,2025073104002305,API,Naasa Securities Co. Ltd.,Trisul Securities & Invt. Ltd.,82,309.1,25346.2,2025-07-31 11:19:06.963062
2025-07-31,155803,2025073104002306,API,Cristal Kanchanjanga Securites Pvt. Ltd.,Trisul Securities & Invt. Ltd.,918,309.0,283662.0,2025-07-31 11:19:06.963276
2025-07-31,155796,2025073104002312,API,Kalika Securities Pvt. Ltd.,Agrawal Securities (PVT) Ltd.,40,309.5,12380.0,2025-07-31 11:19:07.264037
2025-07-31,155795,2025073104002313,API,Kalika Securities Pvt. Ltd.,Opal Securities Investment (PVT) Ltd.,460,310.0,142600.0,2025-07-31 11:19:07.264203
2025-07-31,155725,2025073104002324,API,Trishakti Securities Public Limited,Dynamic Money Managers Securities Pvt. Ltd.,40,309.1,12364.0,2025-07-31 11:19:13.072363
2025-07-31,155079,2025073104002441,API,Online Securities Pvt. Ltd.,Siprabi Securities Pvt. Ltd.,10,309.9,3099.0,2025-07-31 11:20:01.730849
2025-07-31,155078,2025073104002442,API,Online Securities Pvt. Ltd.,Opal Securities Investment (PVT) Ltd.,2490,310.0,771900.0,2025-07-31 11:20:01.731027
2025-07-31,154932,2025073104002465,API,Sri Hari Securities Pvt. Ltd.,Opal Securities Investment (PVT) Ltd.,400,310.0,124000.0,2025-07-31 11:20:13.332744
2025-07-31,154848,2025073104002475,API,Trishakti Securities Public Limited,Naasa Securities Co. Ltd.,105,309.1,32455.5,2025-07-31 11:20:19.347017
2025-07-31,154831,2025073104002478,API,Trishakti Securities Public Limited,J.F. Securites (PVT) Ltd.,155,309.1,47910.5,2025-07-31 11:20:20.253254
2025-07-31,154604,2025073104002504,API,Cristal Kanchanjanga Securites Pvt. Ltd.,Trisul Securities & Invt. Ltd.,82,309.0,25338.0,2025-07-31 11:20:35.542884
2025-07-31,154603,2025073104002505,API,Sundhara Securities Limited,Trisul Securities & Invt. Ltd.,500,309.0,154500.0,2025-07-31 11:20:35.543082
2025-07-31,154602,2025073104002506,API,Sundhara Securities Limited,Trisul Securities & Invt. Ltd.,200,309.0,61800.0,2025-07-31 11:20:35.543153
2025-07-31,154570,2025073104002513,API,Trademow Securities Private Limited,Trisul Securities & Invt. Ltd.,218,309.0,67362.0,2025-07-31 11:20:40.095558
2025-07-31,154569,2025073104002514,API,Trademow Securities Private Limited,J.F. Securites (PVT) Ltd.,105,309.1,32455.5,2025-07-31 11:20:40.095761
2025-07-31,154412,2025073104002529,API,Dipshikha Dhitopatra Karobar Co. Pvt Ltd.,Opal Securities Investment (PVT) Ltd.,100,310.0,31000.0,2025-07-31 11:20:52.418333
2025-07-31,154257,2025073104002545,API,ABC Securities Private Limited,Opal Securities Investment (PVT) Ltd.,970,310.0,300700.0,2025-07-31 11:21:05.617508
2025-07-31,154256,2025073104002546,API,ABC Securities Private Limited,Asian Securities Private Ltd.,50,310.0,15500.0,2025-07-31 11:21:05.617575
2025-07-31,154255,2025073104002547,API,ABC Securities Private Limited,Vision Securities Pvt. Ltd,52,310.0,16120.0,2025-07-31 11:21:05.617602
2025-07-31,154254,2025073104002548,API,ABC Securities Private Limited,Nepal Investment And Securities Trading Private Limited,53,310.0,16430.0,2025-07-31 11:21:05.617630
2025-07-31,154253,2025073104002549,API,ABC Securities Private Limited,Primo Securities (PVT) Ltd.,24,310.0,7440.0,2025-07-31 11:21:05.617653
2025-07-31,154252,2025073104002550,API,ABC Securities Private Limited,Online Securities Pvt. Ltd.,100,310.0,31000.0,2025-07-31 11:21:05.617674
2025-07-31,154251,2025073104002551,API,ABC Securities Private Limited,KALASH STOCK MARKET PVT. LTD.,10,310.3,3103.0,2025-07-31 11:21:05.617697
2025-07-31,154250,2025073104002552,API,ABC Securities Private Limited,South Asian Bulls Pvt. Ltd.,89,312.0,27768.0,2025-07-31 11:21:05.617724
2025-07-31,154249,2025073104002553,API,ABC Securities Private Limited,Vision Securities Pvt. Ltd,500,312.0,156000.0,2025-07-31 11:21:05.617746
2025-07-31,154248,2025073104002554,API,ABC Securities Private Limited,Naasa Securities Co. Ltd.,17,312.0,5304.0,2025-07-31 11:21:05.617769
2025-07-31,154247,2025073104002555,API,ABC Securities Private Limited,Secured Securities Ltd.,135,312.0,42120.0,2025-07-31 11:21:05.617796
2025-07-31,152268,2025073104002827,API,South Asian Bulls Pvt. Ltd.,Trisul Securities & Invt. Ltd.,300,311.0,93300.0,2025-07-31 11:23:51.653675
2025-07-31,151999,2025073104002862,API,Aryatara Investment & Securities,Trisul Securities & Invt. Ltd.,500,310.5,155250.0,2025-07-31 11:24:15.759015
2025-07-31,151481,2025073104002959,API,Online Securities Pvt. Ltd.,J.F. Securites (PVT) Ltd.,300,310.4,93120.0,2025-07-31 11:25:09.025010
2025-07-31,151385,2025073104002971,API,Midas Stock Broking Company Private Limited,Linch Stock Market Ltd.,25,310.0,7750.0,2025-07-31 11:25:17.739953
2025-07-31,151196,2025073104003013,API,Dynamic Money Managers Securities Pvt. Ltd.,Linch Stock Market Ltd.,100,310.1,31010.0,2025-07-31 11:25:39.982146
2025-07-31,151073,2025073104003029,API,Midas Stock Broking Company Private Limited,Miyo Securities Pvt Ltd,75,310.0,23250.0,2025-07-31 11:25:50.852759
2025-07-31,151072,2025073104003030,API,Kalika Securities Pvt. Ltd.,Miyo Securities Pvt Ltd,100,310.0,31000.0,2025-07-31 11:25:50.852990
2025-07-31,150636,2025073104003085,API,Sundhara Securities Limited,J.F. Securites (PVT) Ltd.,27,309.3,8351.1,2025-07-31 11:26:13.827442
2025-07-31,150631,2025073104003086,API,Sani Securities Company Ltd.,Miyo Securities Pvt Ltd,225,310.0,69750.0,2025-07-31 11:26:14.140342
2025-07-31,150311,2025073104003111,API,Sani Securities Company Ltd.,Asian Securities Private Ltd.,14,310.2,4342.8,2025-07-31 11:26:33.157901
2025-07-31,150229,2025073104003117,API,Sani Securities Company Ltd.,Primo Securities (PVT) Ltd.,761,310.2,236062.2,2025-07-31 11:26:38.433701
2025-07-31,150228,2025073104003118,API,Shree Krishna Securities Ltd.,Primo Securities (PVT) Ltd.,10,310.0,3100.0,2025-07-31 11:26:38.433943
2025-07-31,150132,2025073104003129,API,Linch Stock Market Ltd.,Primo Securities (PVT) Ltd.,824,310.0,255440.0,2025-07-31 11:26:44.326465
2025-07-31,149902,2025073104003155,API,Midas Stock Broking Company Private Limited,Malla & Malla Stock Broking Company Pvt. Limited,500,310.2,155100.0,2025-07-31 11:26:54.024148
2025-07-31,149901,2025073104003156,API,Midas Stock Broking Company Private Limited,J.F. Securites (PVT) Ltd.,700,310.4,217280.0,2025-07-31 11:26:54.024359
2025-07-31,149900,2025073104003157,API,Midas Stock Broking Company Private Limited,Trisul Securities & Invt. Ltd.,313,310.5,97186.5,2025-07-31 11:26:54.024461
2025-07-31,149899,2025073104003158,API,Midas Stock Broking Company Private Limited,Trisul Securities & Invt. Ltd.,700,311.0,217700.0,2025-07-31 11:26:54.024550
2025-07-31,149898,2025073104003159,API,Midas Stock Broking Company Private Limited,Secured Securities Ltd.,15,312.0,4680.0,2025-07-31 11:26:54.024635
2025-07-31,149870,2025073104003168,API,Midas Stock Broking Company Private Limited,Dipshikha Dhitopatra Karobar Co. Pvt Ltd.,153,312.0,47736.0,2025-07-31 11:26:56.226043
2025-07-31,149696,2025073104003211,API,Midas Stock Broking Company Private Limited,Aakashbhairab Securities Ltd.,619,312.0,193128.0,2025-07-31 11:27:05.907794
2025-07-31,149691,2025073104003213,API,Linch Stock Market Ltd.,ABC Securities Private Limited,500,310.0,155000.0,2025-07-31 11:27:06.168037
2025-07-31,149589,2025073104003239,API,Linch Stock Market Ltd.,Linch Stock Market Ltd.,200,310.0,62000.0,2025-07-31 11:27:12.559039
2025-07-31,148961,2025073104003373,API,Linch Stock Market Ltd.,Secured Securities Ltd.,63,310.0,19530.0,2025-07-31 11:27:50.044443
2025-07-31,148960,2025073104003374,API,Ashutosh Brokerage & Securities (PVT) Ltd.,Secured Securities Ltd.,300,309.1,92730.0,2025-07-31 11:27:50.044642
2025-07-31,148959,2025073104003375,API,Trademow Securities Private Limited,Secured Securities Ltd.,637,309.1,196896.7,2025-07-31 11:27:50.044723
2025-07-31,148592,2025073104003419,API,Online Securities Pvt. Ltd.,Himalayan Securities Limited,50,310.1,15505.0,2025-07-31 11:28:15.942614
2025-07-31,147813,2025073104003539,API,Sani Securities Company Ltd.,Himalayan Securities Limited,50,310.0,15500.0,2025-07-31 11:29:04.545543
2025-07-31,147771,2025073104003540,API,Sani Securities Company Ltd.,Dipshikha Dhitopatra Karobar Co. Pvt Ltd.,100,310.0,31000.0,2025-07-31 11:29:07.358102
2025-07-31,147231,2025073104003654,API,Sundhara Securities Limited,Midas Stock Broking Company Private Limited,3,309.3,927.9,2025-07-31 11:29:44.975310
2025-07-31,147199,2025073104003656,API,Opal Securities Investment (PVT) Ltd.,Vision Securities Pvt. Ltd,600,310.9,186540.0,2025-07-31 11:29:47.367956
2025-07-31,147198,2025073104003657,API,Opal Securities Investment (PVT) Ltd.,ABC Securities Private Limited,400,310.9,124360.0,2025-07-31 11:29:47.368003
2025-07-31,147064,2025073104003696,API,Sani Securities Company Ltd.,Imperial Securities Company Pvt. Ltd.,814,310.1,252421.4,2025-07-31 11:29:58.743867
2025-07-31,146987,2025073104003701,API,Sani Securities Company Ltd.,Garima Securities Limited,36,310.1,11163.6,2025-07-31 11:30:04.992504
2025-07-31,146984,2025073104003703,API,Opal Securities Investment (PVT) Ltd.,Garima Securities Limited,264,310.1,81866.4,2025-07-31 11:30:05.443699
2025-07-31,146983,2025073104003704,API,Opal Securities Investment (PVT) Ltd.,ABC Securities Private Limited,100,310.9,31090.0,2025-07-31 11:30:05.443732
2025-07-31,146982,2025073104003705,API,Opal Securities Investment (PVT) Ltd.,Siprabi Securities Pvt. Ltd.,200,311.0,62200.0,2025-07-31 11:30:05.443755
2025-07-31,146981,2025073104003706,API,Opal Securities Investment (PVT) Ltd.,Premier Securities Company Ltd.,100,311.0,31100.0,2025-07-31 11:30:05.443776
2025-07-31,146980,2025073104003707,API,Opal Securities Investment (PVT) Ltd.,Aakashbhairab Securities Ltd.,336,312.0,104832.0,2025-07-31 11:30:05.443800
2025-07-31,146432,2025073104003772,API,Dynamic Money Managers Securities Pvt. Ltd.,Aakashbhairab Securities Ltd.,170,312.0,53040.0,2025-07-31 11:30:46.595489
2025-07-31,146431,2025073104003773,API,Dynamic Money Managers Securities Pvt. Ltd.,Kohinoor Investment & Securities Pvt. Ltd.,205,312.0,63960.0,2025-07-31 11:30:46.595730
2025-07-31,146430,2025073104003774,API,Dynamic Money Managers Securities Pvt. Ltd.,Neev Securities Pvt. Ltd.,40,312.0,12480.0,2025-07-31 11:30:46.595818
2025-07-31,146429,2025073104003775,API,Dynamic Money Managers Securities Pvt. Ltd.,Neev Securities Pvt. Ltd.,85,312.0,26520.0,2025-07-31 11:30:46.595905
2025-07-31,145874,2025073104003870,API,Dynamic Money Managers Securities Pvt. Ltd.,Online Securities Pvt. Ltd.,20,309.3,6186.0,2025-07-31 11:31:26.163924
2025-07-31,145036,2025073104004052,API,Asian Securities Private Ltd.,Siprabi Securities Pvt. Ltd.,250,310.0,77500.0,2025-07-31 11:32:22.474069
2025-07-31,145035,2025073104004053,API,Aryatara Investment & Securities,Siprabi Securities Pvt. Ltd.,23,310.0,7130.0,2025-07-31 11:32:22.474296
2025-07-31,145034,2025073104004054,API,Oxford Securities Pvt. Ltd.,Siprabi Securities Pvt. Ltd.,75,310.0,23250.0,2025-07-31 11:32:22.474402
2025-07-31,144602,2025073104004146,API,Oxford Securities Pvt. Ltd.,Neev Securities Pvt. Ltd.,25,312.0,7800.0,2025-07-31 11:32:49.459029
2025-07-31,144109,2025073104004206,API,Asian Securities Private Ltd.,Deevyaa Securities & Stock House Pvt. Ltd,250,310.0,77500.0,2025-07-31 11:33:18.208485
2025-07-31,143263,2025073104004324,API,Asian Securities Private Ltd.,Naasa Securities Co. Ltd.,1760,310.0,545600.0,2025-07-31 11:34:24.789149
2025-07-31,143262,2025073104004325,API,Asian Securities Private Ltd.,Kohinoor Investment & Securities Pvt. Ltd.,500,310.0,155000.0,2025-07-31 11:34:24.789426
2025-07-31,143261,2025073104004326,API,Asian Securities Private Ltd.,Trisul Securities & Invt. Ltd.,100,310.0,31000.0,2025-07-31 11:34:24.789523
2025-07-31,143027,2025073104004359,API,Asian Securities Private Ltd.,Deevyaa Securities & Stock House Pvt. Ltd,640,310.0,198400.0,2025-07-31 11:34:40.748191
2025-07-31,142944,2025073104004370,API,Dynamic Money Managers Securities Pvt. Ltd.,ABC Securities Private Limited,80,309.3,24744.0,2025-07-31 11:34:48.151884
2025-07-31,142943,2025073104004371,API,Trademow Securities Private Limited,ABC Securities Private Limited,420,309.1,129822.0,2025-07-31 11:34:48.151946
2025-07-31,142694,2025073104004417,API,SHUBHAKAMANA SECURITIES PVT. LTD,J.F. Securites (PVT) Ltd.,59,310.0,18290.0,2025-07-31 11:35:02.476854
2025-07-31,142693,2025073104004418,API,SHUBHAKAMANA SECURITIES PVT. LTD,Naasa Securities Co. Ltd.,141,311.0,43851.0,2025-07-31 11:35:02.477186
2025-07-31,142362,2025073104004468,API,SHUBHAKAMANA SECURITIES PVT. LTD,Naasa Securities Co. Ltd.,109,311.0,33899.0,2025-07-31 11:35:24.514522
2025-07-31,142361,2025073104004469,API,SHUBHAKAMANA SECURITIES PVT. LTD,Linch Stock Market Ltd.,100,311.0,31100.0,2025-07-31 11:35:24.514577
2025-07-31,142360,2025073104004470,API,SHUBHAKAMANA SECURITIES PVT. LTD,Neev Securities Pvt. Ltd.,190,312.0,59280.0,2025-07-31 11:35:24.514611
2025-07-31,142359,2025073104004471,API,SHUBHAKAMANA SECURITIES PVT. LTD,ABC Securities Private Limited,101,312.0,31512.0,2025-07-31 11:35:24.514648
2025-07-31,142164,2025073104004488,API,SHUBHAKAMANA SECURITIES PVT. LTD,ABC Securities Private Limited,149,312.0,46488.0,2025-07-31 11:35:36.547717
2025-07-31,142163,2025073104004489,API,SHUBHAKAMANA SECURITIES PVT. LTD,Secured Securities Ltd.,351,312.0,109512.0,2025-07-31 11:35:36.547762
2025-07-31,141927,2025073104004522,API,Trishakti Securities Public Limited,Trisul Securities & Invt. Ltd.,20,311.0,6220.0,2025-07-31 11:35:48.022301
2025-07-31,141385,2025073104004573,API,Aakashbhairab Securities Ltd.,Trisul Securities & Invt. Ltd.,10,310.0,3100.0,2025-07-31 11:36:29.052037
2025-07-31,140812,2025073104004635,API,Aakashbhairab Securities Ltd.,Deevyaa Securities & Stock House Pvt. Ltd,30,309.9,9297.0,2025-07-31 11:37:13.154593
2025-07-31,140011,2025073104004718,API,Kalika Securities Pvt. Ltd.,Deevyaa Securities & Stock House Pvt. Ltd,100,309.9,30990.0,2025-07-31 11:38:10.604074
2025-07-31,139540,2025073104004760,API,Opal Securities Investment (PVT) Ltd.,Naasa Securities Co. Ltd.,10,309.2,3092.0,2025-07-31 11:38:41.684328
2025-07-31,139539,2025073104004761,API,Dynamic Money Managers Securities Pvt. Ltd.,Naasa Securities Co. Ltd.,27,309.2,8348.4,2025-07-31 11:38:41.684582
2025-07-31,137916,2025073104004948,API,Sani Securities Company Ltd.,Deevyaa Securities & Stock House Pvt. Ltd,100,309.9,30990.0,2025-07-31 11:40:29.372477
2025-07-31,137581,2025073104004979,API,Naasa Securities Co. Ltd.,Naasa Securities Co. Ltd.,140,309.3,43302.0,2025-07-31 11:40:52.018617
2025-07-31,137415,2025073104004987,API,Sani Securities Company Ltd.,Deevyaa Securities & Stock House Pvt. Ltd,100,309.9,30990.0,2025-07-31 11:41:02.029845
2025-07-31,137193,2025073104005023,API,Sani Securities Company Ltd.,Imperial Securities Company Pvt. Ltd.,100,309.8,30980.0,2025-07-31 11:41:20.536651
2025-07-31,136896,2025073104005080,API,Naasa Securities Co. Ltd.,Sani Securities Company Ltd.,100,309.3,30930.0,2025-07-31 11:41:48.962232
2025-07-31,136214,2025073104005188,API,Sani Securities Company Ltd.,Imperial Securities Company Pvt. Ltd.,50,309.8,15490.0,2025-07-31 11:42:39.804997
2025-07-31,136159,2025073104005193,API,Naasa Securities Co. Ltd.,Sumeru Securities Pvt. Ltd.,93,309.3,28764.9,2025-07-31 11:42:42.893751
2025-07-31,136158,2025073104005194,API,Dynamic Money Managers Securities Pvt. Ltd.,Sumeru Securities Pvt. Ltd.,23,309.2,7111.6,2025-07-31 11:42:42.894027
2025-07-31,136157,2025073104005195,API,Dynamic Money Managers Securities Pvt. Ltd.,Sumeru Securities Pvt. Ltd.,100,309.2,30920.0,2025-07-31 11:42:42.894131
2025-07-31,136156,2025073104005196,API,Asian Securities Private Ltd.,Sumeru Securities Pvt. Ltd.,284,309.1,87784.4,2025-07-31 11:42:42.894231
2025-07-31,136095,2025073104005207,API,Asian Securities Private Ltd.,Deevyaa Securities & Stock House Pvt. Ltd,16,309.1,4945.6,2025-07-31 11:42:46.908299
2025-07-31,136094,2025073104005208,API,Opal Securities Investment (PVT) Ltd.,Deevyaa Securities & Stock House Pvt. Ltd,200,309.0,61800.0,2025-07-31 11:42:46.908353
2025-07-31,136093,2025073104005209,API,Online Securities Pvt. Ltd.,Deevyaa Securities & Stock House Pvt. Ltd,500,309.0,154500.0,2025-07-31 11:42:46.908385
2025-07-31,136092,2025073104005210,API,Midas Stock Broking Company Private Limited,Deevyaa Securities & Stock House Pvt. Ltd,64,309.0,19776.0,2025-07-31 11:42:46.908425
2025-07-31,135654,2025073104005289,API,Sani Securities Company Ltd.,Imperial Securities Company Pvt. Ltd.,50,309.8,15490.0,2025-07-31 11:43:18.340370
2025-07-31,134609,2025073104005424,API,Midas Stock Broking Company Private Limited,Aryatara Investment & Securities,300,309.0,92700.0,2025-07-31 11:44:45.487617
2025-07-31,134326,2025073104005476,API,Siprabi Securities Pvt. Ltd.,Imperial Securities Company Pvt. Ltd.,30,309.8,9294.0,2025-07-31 11:45:06.002845
2025-07-31,132888,2025073104005775,API,Midas Stock Broking Company Private Limited,Dipshikha Dhitopatra Karobar Co. Pvt Ltd.,87,309.0,26883.0,2025-07-31 11:46:35.761484
2025-07-31,132775,2025073104005793,API,Midas Stock Broking Company Private Limited,Pragyan Securities (PVT) Ltd.,1016,309.0,313944.0,2025-07-31 11:46:46.108868
2025-07-31,132177,2025073104005863,API,Midas Stock Broking Company Private Limited,Dynamic Money Managers Securities Pvt. Ltd.,533,309.0,164697.0,2025-07-31 11:47:21.066124
2025-07-31,132176,2025073104005864,API,Dakshinkali Investment & Securities Pvt. Ltd.,Dynamic Money Managers Securities Pvt. Ltd.,50,309.0,15450.0,2025-07-31 11:47:21.066382
2025-07-31,132175,2025073104005865,API,MILKY WAY SHARE BROKER COMPANY LTD ,Dynamic Money Managers Securities Pvt. Ltd.,50,309.0,15450.0,2025-07-31 11:47:21.066490
2025-07-31,132174,2025073104005866,API,Kalika Securities Pvt. Ltd.,Dynamic Money Managers Securities Pvt. Ltd.,53,308.9,16371.7,2025-07-31 11:47:21.066596
2025-07-31,130819,2025073104006078,API,Kalika Securities Pvt. Ltd.,Sundhara Securities Limited,109,308.9,33670.1,2025-07-31 11:48:52.569857
2025-07-31,130619,2025073104006098,API,Sipla Securities Private Limited,Sani Securities Company Ltd.,33,308.3,10173.9,2025-07-31 11:49:07.099292
2025-07-31,130473,2025073104006122,API,Sipla Securities Private Limited,Sundhara Securities Limited,67,308.3,20656.1,2025-07-31 11:49:18.685541
2025-07-31,130472,2025073104006123,API,Naasa Securities Co. Ltd.,Sundhara Securities Limited,300,308.3,92490.0,2025-07-31 11:49:18.685788
2025-07-31,130165,2025073104006165,API,Himalayan Securities Limited,Sundhara Securities Limited,1000,308.2,308200.0,2025-07-31 11:49:40.788433
2025-07-31,130069,2025073104006179,API,Vision Securities Pvt. Ltd,Aryatara Investment & Securities,10,308.0,3080.0,2025-07-31 11:49:49.353328
2025-07-31,130068,2025073104006180,API,Arun Securities (PVT) Ltd.,Aryatara Investment & Securities,150,308.0,46200.0,2025-07-31 11:49:49.353588
2025-07-31,130067,2025073104006181,API,Dakshinkali Investment & Securities Pvt. Ltd.,Aryatara Investment & Securities,27,308.0,8316.0,2025-07-31 11:49:49.353701
2025-07-31,129938,2025073104006201,API,Dakshinkali Investment & Securities Pvt. Ltd.,Sundhara Securities Limited,24,308.0,7392.0,2025-07-31 11:50:00.886460
2025-07-31,129586,2025073104006246,API,Dakshinkali Investment & Securities Pvt. Ltd.,Naasa Securities Co. Ltd.,249,308.0,76692.0,2025-07-31 11:50:23.326464
2025-07-31,129585,2025073104006247,API,Trisul Securities & Invt. Ltd.,Naasa Securities Co. Ltd.,1000,308.0,308000.0,2025-07-31 11:50:23.326751
2025-07-31,129584,2025073104006248,API,Secured Securities Ltd.,Naasa Securities Co. Ltd.,80,308.0,24640.0,2025-07-31 11:50:23.326866
2025-07-31,129583,2025073104006249,API,Oxford Securities Pvt. Ltd.,Naasa Securities Co. Ltd.,200,308.0,61600.0,2025-07-31 11:50:23.326995
2025-07-31,129582,2025073104006250,API,Miyo Securities Pvt Ltd,Naasa Securities Co. Ltd.,111,308.0,34188.0,2025-07-31 11:50:23.327117
2025-07-31,129434,2025073104006286,API,Kohinoor Investment & Securities Pvt. Ltd.,Vision Securities Pvt. Ltd,500,308.2,154100.0,2025-07-31 11:50:33.777170
2025-07-31,128771,2025073104006361,API,Kohinoor Investment & Securities Pvt. Ltd.,Sani Securities Company Ltd.,20,308.2,6164.0,2025-07-31 11:51:18.151904
2025-07-31,128657,2025073104006384,API,Midas Stock Broking Company Private Limited,Kohinoor Investment & Securities Pvt. Ltd.,100,308.1,30810.0,2025-07-31 11:51:28.193637
2025-07-31,128532,2025073104006402,API,Midas Stock Broking Company Private Limited,Sundhara Securities Limited,12,308.1,3697.2,2025-07-31 11:51:37.397260
2025-07-31,128063,2025073104006463,API,Vision Securities Pvt. Ltd,Sani Securities Company Ltd.,100,308.2,30820.0,2025-07-31 11:52:03.633383
2025-07-31,128039,2025073104006466,API,Midas Stock Broking Company Private Limited,Sagarmatha Securities Private Limited,388,308.1,119542.8,2025-07-31 11:52:05.707107
2025-07-31,128038,2025073104006467,API,Miyo Securities Pvt Ltd,Sagarmatha Securities Private Limited,112,308.0,34496.0,2025-07-31 11:52:05.707156
2025-07-31,127417,2025073104006538,API,Miyo Securities Pvt Ltd,Trisul Securities & Invt. Ltd.,77,308.0,23716.0,2025-07-31 11:52:45.332326
2025-07-31,127416,2025073104006539,API,Online Securities Pvt. Ltd.,Trisul Securities & Invt. Ltd.,32,308.0,9856.0,2025-07-31 11:52:45.332576
2025-07-31,127347,2025073104006550,API,Online Securities Pvt. Ltd.,Trisul Securities & Invt. Ltd.,51,308.0,15708.0,2025-07-31 11:52:51.349964
2025-07-31,127308,2025073104006553,API,Online Securities Pvt. Ltd.,Naasa Securities Co. Ltd.,417,308.0,128436.0,2025-07-31 11:52:54.189936
2025-07-31,127298,2025073104006556,API,Sumeru Securities Pvt. Ltd.,Naasa Securities Co. Ltd.,1893,308.0,583044.0,2025-07-31 11:52:55.431134
2025-07-31,127297,2025073104006557,API,Sumeru Securities Pvt. Ltd.,Sani Securities Company Ltd.,880,308.2,271216.0,2025-07-31 11:52:55.431650
2025-07-31,127296,2025073104006558,API,Sumeru Securities Pvt. Ltd.,Online Securities Pvt. Ltd.,150,308.2,46230.0,2025-07-31 11:52:55.431986
2025-07-31,126467,2025073104006686,API,Kohinoor Investment & Securities Pvt. Ltd.,Sri Hari Securities Pvt. Ltd.,30,308.0,9240.0,2025-07-31 11:54:03.441363
2025-07-31,126006,2025073104006755,API,Sumeru Securities Pvt. Ltd.,Sri Hari Securities Pvt. Ltd.,20,308.0,6160.0,2025-07-31 11:54:39.876155
2025-07-31,126005,2025073104006756,API,Sumeru Securities Pvt. Ltd.,ABC Securities Private Limited,500,308.2,154100.0,2025-07-31 11:54:39.876459
2025-07-31,125986,2025073104006758,API,Sumeru Securities Pvt. Ltd.,Kalika Securities Pvt. Ltd.,31,308.2,9554.2,2025-07-31 11:54:41.121400
2025-07-31,125307,2025073104006878,API,Aryatara Investment & Securities,Oxford Securities Pvt. Ltd.,14,308.0,4312.0,2025-07-31 11:55:28.261437
2025-07-31,124781,2025073104006969,API,Premier Securities Company Ltd.,Thrive Brokerage House Pvt. Ltd,20,309.0,6180.0,2025-07-31 11:56:19.011218
2025-07-31,124780,2025073104006970,API,Premier Securities Company Ltd.,KALASH STOCK MARKET PVT. LTD.,80,309.0,24720.0,2025-07-31 11:56:19.011529
2025-07-31,124071,2025073104007040,API,Aryatara Investment & Securities,Opal Securities Investment (PVT) Ltd.,286,308.0,88088.0,2025-07-31 11:57:18.013582
2025-07-31,124070,2025073104007041,API,Cristal Kanchanjanga Securites Pvt. Ltd.,Opal Securities Investment (PVT) Ltd.,65,307.6,19994.0,2025-07-31 11:57:18.013691
2025-07-31,123125,2025073104007208,API,Primo Securities (PVT) Ltd.,Sani Securities Company Ltd.,100,307.9,30790.0,2025-07-31 11:58:47.187080
2025-07-31,123124,2025073104007209,API,Premier Securities Company Ltd.,Sani Securities Company Ltd.,100,307.8,30780.0,2025-07-31 11:58:47.187406
2025-07-31,123123,2025073104007210,API,Opal Securities Investment (PVT) Ltd.,Sani Securities Company Ltd.,10,307.7,3077.0,2025-07-31 11:58:47.187533
2025-07-31,123122,2025073104007211,API,Cristal Kanchanjanga Securites Pvt. Ltd.,Sani Securities Company Ltd.,95,307.6,29222.0,2025-07-31 11:58:47.187696
2025-07-31,123121,2025073104007212,API,Imperial Securities Company Pvt. Ltd.,Sani Securities Company Ltd.,20,307.6,6152.0,2025-07-31 11:58:47.187825
2025-07-31,123120,2025073104007213,API,Dakshinkali Investment & Securities Pvt. Ltd.,Sani Securities Company Ltd.,125,307.5,38437.5,2025-07-31 11:58:47.187965
2025-07-31,123119,2025073104007214,API,Opal Securities Investment (PVT) Ltd.,Sani Securities Company Ltd.,50,307.5,15375.0,2025-07-31 11:58:47.188100
2025-07-31,123118,2025073104007215,API,Dynamic Money Managers Securities Pvt. Ltd.,Sani Securities Company Ltd.,100,307.2,30720.0,2025-07-31 11:58:47.188239
2025-07-31,123117,2025073104007216,API,Dynamic Money Managers Securities Pvt. Ltd.,Sani Securities Company Ltd.,200,307.1,61420.0,2025-07-31 11:58:47.188375
2025-07-31,123116,2025073104007217,API,Imperial Securities Company Pvt. Ltd.,Sani Securities Company Ltd.,100,307.0,30700.0,2025-07-31 11:58:47.188506
2025-07-31,123115,2025073104007218,API,Agrawal Securities (PVT) Ltd.,Sani Securities Company Ltd.,100,307.0,30700.0,2025-07-31 11:58:47.188645
2025-07-31,123114,2025073104007219,API,Sundhara Securities Limited,Sani Securities Company Ltd.,586,307.0,179902.0,2025-07-31 11:58:47.188787
2025-07-31,123113,2025073104007220,API,Vision Securities Pvt. Ltd,Sani Securities Company Ltd.,500,307.0,153500.0,2025-07-31 11:58:47.188909
2025-07-31,123112,2025073104007221,API,Asian Securities Private Ltd.,Sani Securities Company Ltd.,230,307.0,70610.0,2025-07-31 11:58:47.189143
2025-07-31,123013,2025073104007239,API,Opal Securities Investment (PVT) Ltd.,Imperial Securities Company Pvt. Ltd.,3,303.7,911.1,2025-07-31 11:58:56.536500
2025-07-31,121997,2025073104007385,API,Asian Securities Private Ltd.,Vision Securities Pvt. Ltd,211,307.0,64777.0,2025-07-31 12:00:13.637957
2025-07-31,121434,2025073104007456,API,Kohinoor Investment & Securities Pvt. Ltd.,Online Securities Pvt. Ltd.,40,308.0,12320.0,2025-07-31 12:00:58.039804
2025-07-31,121201,2025073104007494,API,J.F. Securites (PVT) Ltd.,Online Securities Pvt. Ltd.,60,308.0,18480.0,2025-07-31 12:01:20.217803
2025-07-31,121200,2025073104007495,API,J.F. Securites (PVT) Ltd.,Bhrikuti Stock Broking Co. Pvt. Ltd.,290,308.0,89320.0,2025-07-31 12:01:20.218118
2025-07-31,120750,2025073104007557,API,Premier Securities Company Ltd.,Bhrikuti Stock Broking Co. Pvt. Ltd.,10,308.0,3080.0,2025-07-31 12:01:54.963205
2025-07-31,120668,2025073104007572,API,Opal Securities Investment (PVT) Ltd.,Bhrikuti Stock Broking Co. Pvt. Ltd.,116,308.0,35728.0,2025-07-31 12:02:01.584892
2025-07-31,120667,2025073104007573,API,Opal Securities Investment (PVT) Ltd.,Neev Securities Pvt. Ltd.,200,308.0,61600.0,2025-07-31 12:02:01.585486
2025-07-31,120409,2025073104007607,API,Opal Securities Investment (PVT) Ltd.,KALASH STOCK MARKET PVT. LTD.,184,308.0,56672.0,2025-07-31 12:02:22.823132
2025-07-31,119239,2025073104007847,API,Trishakti Securities Public Limited,KALASH STOCK MARKET PVT. LTD.,175,307.1,53742.5,2025-07-31 12:03:59.649179
2025-07-31,119238,2025073104007848,API,Dynamic Money Managers Securities Pvt. Ltd.,KALASH STOCK MARKET PVT. LTD.,61,307.1,18733.1,2025-07-31 12:03:59.649504
2025-07-31,119205,2025073104007855,API,Dipshikha Dhitopatra Karobar Co. Pvt Ltd.,Naasa Securities Co. Ltd.,20,308.0,6160.0,2025-07-31 12:04:05.543963
2025-07-31,118948,2025073104007882,API,Dynamic Money Managers Securities Pvt. Ltd.,Imperial Securities Company Pvt. Ltd.,39,307.1,11976.9,2025-07-31 12:04:29.219979
2025-07-31,118947,2025073104007883,API,Asian Securities Private Ltd.,Imperial Securities Company Pvt. Ltd.,559,307.0,171613.0,2025-07-31 12:04:29.220610
2025-07-31,118946,2025073104007884,API,Nepal Investment And Securities Trading Private Limited,Imperial Securities Company Pvt. Ltd.,100,307.0,30700.0,2025-07-31 12:04:29.221045
2025-07-31,118945,2025073104007885,API,Online Securities Pvt. Ltd.,Imperial Securities Company Pvt. Ltd.,302,307.0,92714.0,2025-07-31 12:04:29.221439
2025-07-31,118389,2025073104007949,API,Kumari Securities Private Limited,Premier Securities Company Ltd.,38,307.1,11669.8,2025-07-31 12:05:13.976196
2025-07-31,117472,2025073104008120,API,Shree Krishna Securities Ltd.,Linch Stock Market Ltd.,13,307.2,3993.6,2025-07-31 12:06:41.239343
2025-07-31,116708,2025073104008273,API,Shree Krishna Securities Ltd.,Linch Stock Market Ltd.,362,307.2,111206.4,2025-07-31 12:07:51.770390
2025-07-31,116583,2025073104008309,API,Himalayan Brokerage Company Limited,Online Securities Pvt. Ltd.,10,307.3,3073.0,2025-07-31 12:08:04.249730
2025-07-31,116469,2025073104008328,API,Himalayan Brokerage Company Limited,KALASH STOCK MARKET PVT. LTD.,590,307.3,181307.0,2025-07-31 12:08:16.104988
2025-07-31,116468,2025073104008329,API,Shree Krishna Securities Ltd.,KALASH STOCK MARKET PVT. LTD.,710,307.2,218112.0,2025-07-31 12:08:16.105365
2025-07-31,116258,2025073104008359,API,Shree Krishna Securities Ltd.,Opal Securities Investment (PVT) Ltd.,715,307.2,219648.0,2025-07-31 12:08:31.462843
2025-07-31,116257,2025073104008360,API,Vision Securities Pvt. Ltd,Opal Securities Investment (PVT) Ltd.,31,307.2,9523.2,2025-07-31 12:08:31.462929
2025-07-31,116053,2025073104008422,API,Vision Securities Pvt. Ltd,Sharepro Securities Private Limited,269,307.2,82636.8,2025-07-31 12:08:49.560244
2025-07-31,116052,2025073104008423,API,Naasa Securities Co. Ltd.,Sharepro Securities Private Limited,1028,307.2,315801.6,2025-07-31 12:08:49.560328
2025-07-31,114212,2025073104008826,API,Naasa Securities Co. Ltd.,ABC Securities Private Limited,53,307.2,16281.6,2025-07-31 12:11:31.926619
2025-07-31,114125,2025073104008846,API,Naasa Securities Co. Ltd.,ABC Securities Private Limited,10,307.2,3072.0,2025-07-31 12:11:39.970746
2025-07-31,114119,2025073104008847,API,Kumari Securities Private Limited,Trisul Securities & Invt. Ltd.,162,307.1,49750.2,2025-07-31 12:11:40.758373
2025-07-31,114118,2025073104008848,API,ABC Securities Private Limited,Trisul Securities & Invt. Ltd.,100,307.1,30710.0,2025-07-31 12:11:40.758702
2025-07-31,114117,2025073104008849,API,Siprabi Securities Pvt. Ltd.,Trisul Securities & Invt. Ltd.,100,307.1,30710.0,2025-07-31 12:11:40.758847
2025-07-31,114116,2025073104008850,API,Online Securities Pvt. Ltd.,Trisul Securities & Invt. Ltd.,98,307.0,30086.0,2025-07-31 12:11:40.758983
2025-07-31,114115,2025073104008851,API,Sewa Securities Pvt. Ltd.,Trisul Securities & Invt. Ltd.,30,307.0,9210.0,2025-07-31 12:11:40.759110
2025-07-31,114114,2025073104008852,API,Sani Securities Company Ltd.,Trisul Securities & Invt. Ltd.,500,307.0,153500.0,2025-07-31 12:11:40.759239
2025-07-31,114113,2025073104008853,API,Asian Securities Private Ltd.,Trisul Securities & Invt. Ltd.,1000,307.0,307000.0,2025-07-31 12:11:40.759376
2025-07-31,114112,2025073104008854,API,Naasa Securities Co. Ltd.,Trisul Securities & Invt. Ltd.,100,307.0,30700.0,2025-07-31 12:11:40.759521
2025-07-31,114111,2025073104008855,API,Aryatara Investment & Securities,Trisul Securities & Invt. Ltd.,20,307.0,6140.0,2025-07-31 12:11:40.759655
2025-07-31,114110,2025073104008856,API,Siprabi Securities Pvt. Ltd.,Trisul Securities & Invt. Ltd.,107,307.0,32849.0,2025-07-31 12:11:40.759784
2025-07-31,113917,2025073104008903,API,Online Securities Pvt. Ltd.,Online Securities Pvt. Ltd.,10,307.2,3072.0,2025-07-31 12:12:02.829809
2025-07-31,113863,2025073104008918,API,Siprabi Securities Pvt. Ltd.,Sweta Securities Private Limited,543,307.0,166701.0,2025-07-31 12:12:08.308968
2025-07-31,113862,2025073104008919,API,Online Securities Pvt. Ltd.,Sweta Securities Private Limited,157,307.0,48199.0,2025-07-31 12:12:08.309333
2025-07-31,113861,2025073104008920,API,Creative Securities Pvt Ltd,Sweta Securities Private Limited,300,307.0,92100.0,2025-07-31 12:12:08.309463
2025-07-31,113585,2025073104008972,API,Creative Securities Pvt Ltd,Sani Securities Company Ltd.,70,307.0,21490.0,2025-07-31 12:12:37.634752
2025-07-31,113345,2025073104009026,API,Thrive Brokerage House Pvt. Ltd,Online Securities Pvt. Ltd.,40,307.2,12288.0,2025-07-31 12:12:59.718477
2025-07-31,113344,2025073104009027,API,Thrive Brokerage House Pvt. Ltd,Swarna Laxmi Securities Pvt. Ltd.,200,307.5,61500.0,2025-07-31 12:12:59.718879
2025-07-31,113343,2025073104009028,API,Thrive Brokerage House Pvt. Ltd,Agrawal Securities (PVT) Ltd.,25,307.5,7687.5,2025-07-31 12:12:59.719106
2025-07-31,113342,2025073104009029,API,Thrive Brokerage House Pvt. Ltd,Naasa Securities Co. Ltd.,330,308.0,101640.0,2025-07-31 12:12:59.719319
2025-07-31,113341,2025073104009030,API,Thrive Brokerage House Pvt. Ltd,Nepal Stock House (PVT) Ltd.,750,308.0,231000.0,2025-07-31 12:12:59.719519
2025-07-31,113340,2025073104009031,API,Thrive Brokerage House Pvt. Ltd,Opal Securities Investment (PVT) Ltd.,40,308.0,12320.0,2025-07-31 12:12:59.719721
2025-07-31,113339,2025073104009032,API,Thrive Brokerage House Pvt. Ltd,Infinity Securities Limited,100,308.0,30800.0,2025-07-31 12:12:59.719918
2025-07-31,113338,2025073104009033,API,Thrive Brokerage House Pvt. Ltd,Kohinoor Investment & Securities Pvt. Ltd.,344,308.0,105952.0,2025-07-31 12:12:59.720111
2025-07-31,113337,2025073104009034,API,Thrive Brokerage House Pvt. Ltd,Naasa Securities Co. Ltd.,30,308.0,9240.0,2025-07-31 12:12:59.720300
2025-07-31,113336,2025073104009035,API,Thrive Brokerage House Pvt. Ltd,Neev Securities Pvt. Ltd.,141,308.0,43428.0,2025-07-31 12:12:59.720504
2025-07-31,112897,2025073104009122,API,Creative Securities Pvt Ltd,Kohinoor Investment & Securities Pvt. Ltd.,30,307.0,9210.0,2025-07-31 12:13:36.675651
2025-07-31,112896,2025073104009123,API,Oxford Securities Pvt. Ltd.,Kohinoor Investment & Securities Pvt. Ltd.,320,307.0,98240.0,2025-07-31 12:13:36.676278
2025-07-31,112895,2025073104009124,API,Asian Securities Private Ltd.,Kohinoor Investment & Securities Pvt. Ltd.,250,307.0,76750.0,2025-07-31 12:13:36.676698
2025-07-31,112894,2025073104009125,API,Naasa Securities Co. Ltd.,Kohinoor Investment & Securities Pvt. Ltd.,10,307.0,3070.0,2025-07-31 12:13:36.677083
2025-07-31,112893,2025073104009126,API,Oxford Securities Pvt. Ltd.,Kohinoor Investment & Securities Pvt. Ltd.,40,307.0,12280.0,2025-07-31 12:13:36.677481
2025-07-31,112892,2025073104009127,API,Agrawal Securities (PVT) Ltd.,Kohinoor Investment & Securities Pvt. Ltd.,145,307.0,44515.0,2025-07-31 12:13:36.677857
2025-07-31,112891,2025073104009128,API,Kohinoor Investment & Securities Pvt. Ltd.,Kohinoor Investment & Securities Pvt. Ltd.,100,307.0,30700.0,2025-07-31 12:13:36.678292
2025-07-31,112890,2025073104009129,API,Sri Hari Securities Pvt. Ltd.,Kohinoor Investment & Securities Pvt. Ltd.,100,307.0,30700.0,2025-07-31 12:13:36.678678
2025-07-31,112889,2025073104009130,API,Dipshikha Dhitopatra Karobar Co. Pvt Ltd.,Kohinoor Investment & Securities Pvt. Ltd.,30,307.0,9210.0,2025-07-31 12:13:36.679103
2025-07-31,112888,2025073104009131,API,Naasa Securities Co. Ltd.,Kohinoor Investment & Securities Pvt. Ltd.,475,307.0,145825.0,2025-07-31 12:13:36.679499
2025-07-31,112686,2025073104009155,API,Naasa Securities Co. Ltd.,Sweta Securities Private Limited,325,307.0,99775.0,2025-07-31 12:13:54.794989
2025-07-31,112685,2025073104009156,API,Online Securities Pvt. Ltd.,Sweta Securities Private Limited,30,307.0,9210.0,2025-07-31 12:13:54.795392
2025-07-31,112197,2025073104009243,API,Sani Securities Company Ltd.,Miyo Securities Pvt Ltd,70,306.5,21455.0,2025-07-31 12:14:42.401381
2025-07-31,112028,2025073104009276,API,Kumari Securities Private Limited,Aryatara Investment & Securities,557,306.4,170664.8,2025-07-31 12:14:57.721738
2025-07-31,111782,2025073104009321,API,Ashutosh Brokerage & Securities (PVT) Ltd.,Miyo Securities Pvt Ltd,17,306.5,5210.5,2025-07-31 12:15:22.319304
2025-07-31,110624,2025073104009520,API,Dipshikha Dhitopatra Karobar Co. Pvt Ltd.,Online Securities Pvt. Ltd.,200,306.6,61320.0,2025-07-31 12:17:07.922866
2025-07-31,110623,2025073104009521,API,Ashutosh Brokerage & Securities (PVT) Ltd.,Online Securities Pvt. Ltd.,83,306.5,25439.5,2025-07-31 12:17:07.923195
2025-07-31,110622,2025073104009522,API,Aryatara Investment & Securities,Online Securities Pvt. Ltd.,17,306.5,5210.5,2025-07-31 12:17:07.923348
2025-07-31,110253,2025073104009607,API,Aryatara Investment & Securities,ABC Securities Private Limited,183,306.5,56089.5,2025-07-31 12:17:37.819735
2025-07-31,110252,2025073104009608,API,Ashutosh Brokerage & Securities (PVT) Ltd.,ABC Securities Private Limited,200,306.5,61300.0,2025-07-31 12:17:37.820047
2025-07-31,110251,2025073104009609,API,Kumari Securities Private Limited,ABC Securities Private Limited,1517,306.4,464808.8,2025-07-31 12:17:37.820183
2025-07-31,109899,2025073104009688,API,Naasa Securities Co. Ltd.,Oxford Securities Pvt. Ltd.,100,306.6,30660.0,2025-07-31 12:18:11.376254
2025-07-31,109898,2025073104009689,API,Naasa Securities Co. Ltd.,Oxford Securities Pvt. Ltd.,10,306.5,3065.0,2025-07-31 12:18:11.376978
2025-07-31,109752,2025073104009709,API,Trishakti Securities Public Limited,Oxford Securities Pvt. Ltd.,290,306.5,88885.0,2025-07-31 12:18:24.765629
2025-07-31,109330,2025073104009784,API,Trishakti Securities Public Limited,Cristal Kanchanjanga Securites Pvt. Ltd.,2210,306.5,677365.0,2025-07-31 12:19:10.402299
2025-07-31,109329,2025073104009785,API,Vision Securities Pvt. Ltd,Cristal Kanchanjanga Securites Pvt. Ltd.,100,306.5,30650.0,2025-07-31 12:19:10.402676
2025-07-31,109328,2025073104009786,API,Kumari Securities Private Limited,Cristal Kanchanjanga Securites Pvt. Ltd.,926,306.4,283726.4,2025-07-31 12:19:10.402814
2025-07-31,109327,2025073104009787,API,Kalika Securities Pvt. Ltd.,Cristal Kanchanjanga Securites Pvt. Ltd.,350,306.4,107240.0,2025-07-31 12:19:10.402944
2025-07-31,109067,2025073104009827,API,Nepal Stock House (PVT) Ltd.,Dipshikha Dhitopatra Karobar Co. Pvt Ltd.,650,306.1,198965.0,2025-07-31 12:19:38.291855
2025-07-31,108161,2025073104009954,API,Nepal Stock House (PVT) Ltd.,J.F. Securites (PVT) Ltd.,340,306.1,104074.0,2025-07-31 12:21:16.861695
2025-07-31,107984,2025073104009996,API,Nepal Stock House (PVT) Ltd.,Cristal Kanchanjanga Securites Pvt. Ltd.,10,306.1,3061.0,2025-07-31 12:21:38.907169
2025-07-31,107983,2025073104009997,API,Dynamic Money Managers Securities Pvt. Ltd.,Cristal Kanchanjanga Securites Pvt. Ltd.,500,306.1,153050.0,2025-07-31 12:21:38.907845
2025-07-31,107982,2025073104009998,API,Trishakti Securities Public Limited,Cristal Kanchanjanga Securites Pvt. Ltd.,269,306.1,82340.9,2025-07-31 12:21:38.908270
2025-07-31,107968,2025073104010000,API,Online Securities Pvt. Ltd.,Vision Securities Pvt. Ltd,200,306.9,61380.0,2025-07-31 12:21:41.392941
2025-07-31,107897,2025073104010006,API,Trishakti Securities Public Limited,Dipshikha Dhitopatra Karobar Co. Pvt Ltd.,50,306.1,15305.0,2025-07-31 12:21:51.455018
2025-07-31,107382,2025073104010106,API,Linch Stock Market Ltd.,Arun Securities (PVT) Ltd.,50,306.2,15310.0,2025-07-31 12:22:47.793175
2025-07-31,107381,2025073104010107,API,Trishakti Securities Public Limited,Arun Securities (PVT) Ltd.,300,306.1,91830.0,2025-07-31 12:22:47.793547
2025-07-31,107093,2025073104010185,API,Trishakti Securities Public Limited,Neev Securities Pvt. Ltd.,48,306.1,14692.8,2025-07-31 12:23:22.152139
2025-07-31,106778,2025073104010257,API,Trishakti Securities Public Limited,Dipshikha Dhitopatra Karobar Co. Pvt Ltd.,750,306.8,230100.0,2025-07-31 12:23:52.601894
2025-07-31,106777,2025073104010258,API,Trishakti Securities Public Limited,Vision Securities Pvt. Ltd,250,306.9,76725.0,2025-07-31 12:23:52.602283
2025-07-31,106190,2025073104010402,API,Naasa Securities Co. Ltd.,Online Securities Pvt. Ltd.,70,306.9,21483.0,2025-07-31 12:24:45.632969
2025-07-31,105958,2025073104010439,API,Swarna Laxmi Securities Pvt. Ltd.,Online Securities Pvt. Ltd.,430,306.9,131967.0,2025-07-31 12:25:06.061233
2025-07-31,105957,2025073104010440,API,Swarna Laxmi Securities Pvt. Ltd.,Sweta Securities Private Limited,1145,307.0,351515.0,2025-07-31 12:25:06.061943
2025-07-31,105956,2025073104010441,API,Swarna Laxmi Securities Pvt. Ltd.,Sweta Securities Private Limited,600,307.0,184200.0,2025-07-31 12:25:06.062437
2025-07-31,105955,2025073104010442,API,Swarna Laxmi Securities Pvt. Ltd.,Sani Securities Company Ltd.,825,307.0,253275.0,2025-07-31 12:25:06.062898
2025-07-31,105668,2025073104010483,API,Sundhara Securities Limited,Sani Securities Company Ltd.,420,307.0,128940.0,2025-07-31 12:25:24.725258
2025-07-31,105667,2025073104010484,API,Sundhara Securities Limited,Sani Securities Company Ltd.,180,307.0,55260.0,2025-07-31 12:25:24.725606
2025-07-31,105597,2025073104010496,API,Neev Securities Pvt. Ltd.,Secured Securities Ltd.,1,306.0,306.0,2025-07-31 12:25:30.748265
2025-07-31,104620,2025073104010702,API,Pragyan Securities (PVT) Ltd.,Sagarmatha Securities Private Limited,300,306.9,92070.0,2025-07-31 12:27:08.176518
2025-07-31,104268,2025073104010795,API,Pragyan Securities (PVT) Ltd.,Nepal Investment And Securities Trading Private Limited,200,306.9,61380.0,2025-07-31 12:27:41.540005
2025-07-31,103749,2025073104010837,API,Asian Securities Private Ltd.,Nepal Investment And Securities Trading Private Limited,150,306.9,46035.0,2025-07-31 12:28:00.147907
2025-07-31,103558,2025073104010859,API,Trishakti Securities Public Limited,Nepal Investment And Securities Trading Private Limited,225,306.9,69052.5,2025-07-31 12:28:18.608204
2025-07-31,103557,2025073104010860,API,Trishakti Securities Public Limited,Vision Securities Pvt. Ltd,550,306.9,168795.0,2025-07-31 12:28:18.608578
2025-07-31,103556,2025073104010861,API,Trishakti Securities Public Limited,Sani Securities Company Ltd.,1058,307.0,324806.0,2025-07-31 12:28:18.608741
2025-07-31,103284,2025073104010904,API,Sweta Securities Private Limited,Dipshikha Dhitopatra Karobar Co. Pvt Ltd.,17,307.0,5219.0,2025-07-31 12:28:39.104325
2025-07-31,103283,2025073104010905,API,Sweta Securities Private Limited,Kalika Securities Pvt. Ltd.,100,307.0,30700.0,2025-07-31 12:28:39.104719
2025-07-31,103282,2025073104010906,API,Sweta Securities Private Limited,Oxford Securities Pvt. Ltd.,50,307.0,15350.0,2025-07-31 12:28:39.104874
2025-07-31,103281,2025073104010907,API,Sweta Securities Private Limited,Naasa Securities Co. Ltd.,100,307.0,30700.0,2025-07-31 12:28:39.105026
2025-07-31,103280,2025073104010908,API,Sweta Securities Private Limited,Dipshikha Dhitopatra Karobar Co. Pvt Ltd.,233,307.0,71531.0,2025-07-31 12:28:39.105180
2025-07-31,103273,2025073104010909,API,Sundhara Securities Limited,Dipshikha Dhitopatra Karobar Co. Pvt Ltd.,100,307.0,30700.0,2025-07-31 12:28:39.476107
2025-07-31,103118,2025073104010943,API,Sundhara Securities Limited,Kohinoor Investment & Securities Pvt. Ltd.,345,307.0,105915.0,2025-07-31 12:28:57.154067
2025-07-31,102777,2025073104010992,API,Linch Stock Market Ltd.,Kalika Securities Pvt. Ltd.,200,307.1,61420.0,2025-07-31 12:29:29.216134
2025-07-31,102776,2025073104010993,API,Sundhara Securities Limited,Kalika Securities Pvt. Ltd.,555,307.0,170385.0,2025-07-31 12:29:29.216499
2025-07-31,102775,2025073104010994,API,Sagarmatha Securities Private Limited,Kalika Securities Pvt. Ltd.,100,307.0,30700.0,2025-07-31 12:29:29.217041
2025-07-31,102773,2025073104010995,API,S.P.S.A. Securities Limited,Kalika Securities Pvt. Ltd.,231,307.0,70917.0,2025-07-31 12:29:29.217298
2025-07-31,102044,2025073104011129,API,Trishakti Securities Public Limited,Cristal Kanchanjanga Securites Pvt. Ltd.,197,307.1,60498.7,2025-07-31 12:30:34.770158
2025-07-31,101778,2025073104011189,API,Trisul Securities & Invt. Ltd.,Bhrikuti Stock Broking Co. Pvt. Ltd.,600,307.1,184260.0,2025-07-31 12:30:57.999335
2025-07-31,101609,2025073104011207,API,Dynamic Money Managers Securities Pvt. Ltd.,Online Securities Pvt. Ltd.,2,309.9,619.8,2025-07-31 12:31:09.102157
2025-07-31,101436,2025073104011249,API,South Asian Bulls Pvt. Ltd.,Secured Securities Ltd.,202,307.2,62054.4,2025-07-31 12:31:26.231074
2025-07-31,101406,2025073104011257,API,Naasa Securities Co. Ltd.,Nepal Investment And Securities Trading Private Limited,75,307.5,23062.5,2025-07-31 12:31:30.206627
2025-07-31,101330,2025073104011283,API,Sani Securities Company Ltd.,Nepal Investment And Securities Trading Private Limited,50,307.5,15375.0,2025-07-31 12:31:35.744446
2025-07-31,101083,2025073104011312,API,Aryatara Investment & Securities,Nepal Investment And Securities Trading Private Limited,650,307.5,199875.0,2025-07-31 12:31:53.629184
2025-07-31,100960,2025073104011331,API,Sani Securities Company Ltd.,Nepal Investment And Securities Trading Private Limited,225,307.5,69187.5,2025-07-31 12:32:00.187823
2025-07-31,100799,2025073104011353,API,Sundhara Securities Limited,Sagarmatha Securities Private Limited,200,308.0,61600.0,2025-07-31 12:32:16.403717
2025-07-31,100755,2025073104011364,API,Sani Securities Company Ltd.,Dipshikha Dhitopatra Karobar Co. Pvt Ltd.,250,307.5,76875.0,2025-07-31 12:32:23.229799
2025-07-31,100521,2025073104011418,API,Online Securities Pvt. Ltd.,Sagarmatha Securities Private Limited,100,308.0,30800.0,2025-07-31 12:32:42.799325
2025-07-31,100126,2025073104011516,API,Opal Securities Investment (PVT) Ltd.,Market Securities & Exchange (PVT) Ltd.,100,309.0,30900.0,2025-07-31 12:33:21.153885
2025-07-31,99975,2025073104011544,API,ABC Securities Private Limited,Market Securities & Exchange (PVT) Ltd.,1000,309.0,309000.0,2025-07-31 12:33:34.148421
2025-07-31,99974,2025073104011545,API,ABC Securities Private Limited,Sri Hari Securities Pvt. Ltd.,100,309.0,30900.0,2025-07-31 12:33:34.148777
2025-07-31,99973,2025073104011546,API,ABC Securities Private Limited,Aryatara Investment & Securities,506,309.0,156354.0,2025-07-31 12:33:34.148939
2025-07-31,99347,2025073104011641,API,Online Securities Pvt. Ltd.,Vision Securities Pvt. Ltd,250,309.7,77425.0,2025-07-31 12:34:24.901281
2025-07-31,99346,2025073104011642,API,Online Securities Pvt. Ltd.,Asian Securities Private Ltd.,1100,309.7,340670.0,2025-07-31 12:34:24.902093
2025-07-31,99345,2025073104011643,API,Online Securities Pvt. Ltd.,Imperial Securities Company Pvt. Ltd.,270,309.8,83646.0,2025-07-31 12:34:24.902621
2025-07-31,99344,2025073104011644,API,Online Securities Pvt. Ltd.,Sagarmatha Securities Private Limited,200,309.9,61980.0,2025-07-31 12:34:24.903245
2025-07-31,99343,2025073104011645,API,Online Securities Pvt. Ltd.,Trisul Securities & Invt. Ltd.,2430,310.0,753300.0,2025-07-31 12:34:24.903807
2025-07-31,99000,2025073104011711,API,Sani Securities Company Ltd.,Sweta Securities Private Limited,170,308.1,52377.0,2025-07-31 12:34:55.119222
2025-07-31,98936,2025073104011732,API,Naasa Securities Co. Ltd.,Sweta Securities Private Limited,4,312.5,1250.0,2025-07-31 12:34:59.136168
2025-07-31,98072,2025073104011900,API,Naasa Securities Co. Ltd.,SUN SECURITIES PVT LTD,95,309.9,29440.5,2025-07-31 12:36:04.725756
2025-07-31,98030,2025073104011903,API,Asian Securities Private Ltd.,Sani Securities Company Ltd.,20,308.2,6164.0,2025-07-31 12:36:08.118428
2025-07-31,97836,2025073104011932,API,Creative Securities Pvt Ltd,Sani Securities Company Ltd.,980,308.2,302036.0,2025-07-31 12:36:20.816899
2025-07-31,96916,2025073104012076,API,Thrive Brokerage House Pvt. Ltd,Sani Securities Company Ltd.,500,308.3,154150.0,2025-07-31 12:37:21.333070
2025-07-31,96915,2025073104012077,API,Sani Securities Company Ltd.,Sani Securities Company Ltd.,120,308.1,36972.0,2025-07-31 12:37:21.333504
2025-07-31,96914,2025073104012078,API,ABC Securities Private Limited,Sani Securities Company Ltd.,380,308.1,117078.0,2025-07-31 12:37:21.333678
2025-07-31,96391,2025073104012202,API,Sewa Securities Pvt. Ltd.,SUN SECURITIES PVT LTD,200,309.9,61980.0,2025-07-31 12:38:18.536614
2025-07-31,96162,2025073104012232,API,Sani Securities Company Ltd.,Sewa Securities Pvt. Ltd.,315,309.0,97335.0,2025-07-31 12:38:36.594063
2025-07-31,96161,2025073104012233,API,Ashutosh Brokerage & Securities (PVT) Ltd.,Sewa Securities Pvt. Ltd.,30,309.0,9270.0,2025-07-31 12:38:36.594485
2025-07-31,96160,2025073104012234,API,Naasa Securities Co. Ltd.,Sewa Securities Pvt. Ltd.,655,308.5,202067.5,2025-07-31 12:38:36.594659
2025-07-31,95016,2025073104012465,API,Neev Securities Pvt. Ltd.,Aakashbhairab Securities Ltd.,315,309.8,97587.0,2025-07-31 12:40:48.860379
2025-07-31,94569,2025073104012575,API,ABC Securities Private Limited,Vision Securities Pvt. Ltd,200,309.7,61940.0,2025-07-31 12:41:42.160378
2025-07-31,94329,2025073104012616,API,Imperial Securities Company Pvt. Ltd.,Vision Securities Pvt. Ltd,40,309.7,12388.0,2025-07-31 12:42:11.210054
2025-07-31,94328,2025073104012617,API,Imperial Securities Company Pvt. Ltd.,Aakashbhairab Securities Ltd.,960,309.8,297408.0,2025-07-31 12:42:11.210446
2025-07-31,93706,2025073104012738,API,Midas Stock Broking Company Private Limited,Vision Securities Pvt. Ltd,10,309.7,3097.0,2025-07-31 12:43:23.916793
2025-07-31,93705,2025073104012739,API,Midas Stock Broking Company Private Limited,Aakashbhairab Securities Ltd.,50,309.8,15490.0,2025-07-31 12:43:23.917202
2025-07-31,93350,2025073104012807,API,Imperial Securities Company Pvt. Ltd.,Asian Securities Private Ltd.,500,309.0,154500.0,2025-07-31 12:44:07.369452
2025-07-31,93349,2025073104012808,API,Naasa Securities Co. Ltd.,Asian Securities Private Ltd.,28,309.0,8652.0,2025-07-31 12:44:07.370381
2025-07-31,93341,2025073104012810,API,Trisul Securities & Invt. Ltd.,Asian Securities Private Ltd.,200,309.0,61800.0,2025-07-31 12:44:07.681213
2025-07-31,93274,2025073104012814,API,Himalayan Securities Limited,Aakashbhairab Securities Ltd.,1000,308.6,308600.0,2025-07-31 12:44:12.722101
2025-07-31,93273,2025073104012815,API,Naasa Securities Co. Ltd.,Aakashbhairab Securities Ltd.,345,308.5,106432.5,2025-07-31 12:44:12.722511
2025-07-31,93272,2025073104012816,API,ABC Securities Private Limited,Aakashbhairab Securities Ltd.,620,308.1,191022.0,2025-07-31 12:44:12.722690
2025-07-31,93271,2025073104012817,API,Naasa Securities Co. Ltd.,Aakashbhairab Securities Ltd.,500,308.1,154050.0,2025-07-31 12:44:12.722861
2025-07-31,93270,2025073104012818,API,Online Securities Pvt. Ltd.,Aakashbhairab Securities Ltd.,50,308.0,15400.0,2025-07-31 12:44:12.723027
2025-07-31,93269,2025073104012819,API,Online Securities Pvt. Ltd.,Aakashbhairab Securities Ltd.,500,308.0,154000.0,2025-07-31 12:44:12.723196
2025-07-31,93268,2025073104012820,API,Imperial Securities Company Pvt. Ltd.,Aakashbhairab Securities Ltd.,100,308.0,30800.0,2025-07-31 12:44:12.723376
2025-07-31,93267,2025073104012821,API,Sani Securities Company Ltd.,Aakashbhairab Securities Ltd.,200,308.0,61600.0,2025-07-31 12:44:12.723536
2025-07-31,93266,2025073104012822,API,Sharepro Securities Private Limited,Aakashbhairab Securities Ltd.,200,308.0,61600.0,2025-07-31 12:44:12.723711
2025-07-31,93265,2025073104012823,API,Naasa Securities Co. Ltd.,Aakashbhairab Securities Ltd.,1000,308.0,308000.0,2025-07-31 12:44:12.723874
2025-07-31,93264,2025073104012824,API,Bhrikuti Stock Broking Co. Pvt. Ltd.,Aakashbhairab Securities Ltd.,1550,308.0,477400.0,2025-07-31 12:44:12.724031
2025-07-31,93263,2025073104012825,API,Sani Securities Company Ltd.,Aakashbhairab Securities Ltd.,100,308.0,30800.0,2025-07-31 12:44:12.724189
2025-07-31,92997,2025073104012893,API,Opal Securities Investment (PVT) Ltd.,Online Securities Pvt. Ltd.,1,302.0,302.0,2025-07-31 12:44:36.531836
2025-07-31,92733,2025073104012935,API,Opal Securities Investment (PVT) Ltd.,Trishakti Securities Public Limited,1,301.9,301.9,2025-07-31 12:45:10.681696
2025-07-31,92731,2025073104012936,API,Nepal Investment And Securities Trading Private Limited,SUN SECURITIES PVT LTD,100,308.9,30890.0,2025-07-31 12:45:10.954163
2025-07-31,92597,2025073104012955,API,Premier Securities Company Ltd.,Aakashbhairab Securities Ltd.,837,308.6,258298.2,2025-07-31 12:45:22.930011
2025-07-31,92243,2025073104013005,API,Aryatara Investment & Securities,Arun Securities (PVT) Ltd.,10,307.9,3079.0,2025-07-31 12:45:58.974930
2025-07-31,92242,2025073104013006,API,Opal Securities Investment (PVT) Ltd.,Arun Securities (PVT) Ltd.,20,307.8,6156.0,2025-07-31 12:45:58.975354
2025-07-31,92241,2025073104013007,API,Naasa Securities Co. Ltd.,Arun Securities (PVT) Ltd.,110,307.6,33836.0,2025-07-31 12:45:58.975529
2025-07-31,92240,2025073104013008,API,Sumeru Securities Pvt. Ltd.,Arun Securities (PVT) Ltd.,30,307.6,9228.0,2025-07-31 12:45:58.975700
2025-07-31,92239,2025073104013009,API,Sani Securities Company Ltd.,Arun Securities (PVT) Ltd.,50,307.6,15380.0,2025-07-31 12:45:58.975877
2025-07-31,92238,2025073104013010,API,Sani Securities Company Ltd.,Arun Securities (PVT) Ltd.,25,307.5,7687.5,2025-07-31 12:45:58.976053
2025-07-31,92237,2025073104013011,API,Sani Securities Company Ltd.,Arun Securities (PVT) Ltd.,203,307.3,62381.9,2025-07-31 12:45:58.976230
2025-07-31,92236,2025073104013012,API,South Asian Bulls Pvt. Ltd.,Arun Securities (PVT) Ltd.,52,307.2,15974.4,2025-07-31 12:45:58.976437
2025-07-31,91724,2025073104013129,API,Sundhara Securities Limited,SUN SECURITIES PVT LTD,500,308.0,154000.0,2025-07-31 12:46:48.110461
2025-07-31,91217,2025073104013233,API,Dynamic Money Managers Securities Pvt. Ltd.,KALASH STOCK MARKET PVT. LTD.,70,307.5,21525.0,2025-07-31 12:47:39.083777
2025-07-31,91216,2025073104013234,API,Thrive Brokerage House Pvt. Ltd,KALASH STOCK MARKET PVT. LTD.,100,307.5,30750.0,2025-07-31 12:47:39.084171
2025-07-31,91215,2025073104013235,API,Naasa Securities Co. Ltd.,KALASH STOCK MARKET PVT. LTD.,94,307.5,28905.0,2025-07-31 12:47:39.084357
2025-07-31,91214,2025073104013236,API,South Asian Bulls Pvt. Ltd.,KALASH STOCK MARKET PVT. LTD.,36,307.2,11059.2,2025-07-31 12:47:39.084523
2025-07-31,91197,2025073104013239,API,South Asian Bulls Pvt. Ltd.,Aakashbhairab Securities Ltd.,210,307.2,64512.0,2025-07-31 12:47:41.068851
2025-07-31,91196,2025073104013240,API,Opal Securities Investment (PVT) Ltd.,Aakashbhairab Securities Ltd.,50,307.1,15355.0,2025-07-31 12:47:41.069273
2025-07-31,91195,2025073104013241,API,Dipshikha Dhitopatra Karobar Co. Pvt Ltd.,Aakashbhairab Securities Ltd.,100,307.1,30710.0,2025-07-31 12:47:41.069456
2025-07-31,91194,2025073104013242,API,Oxford Securities Pvt. Ltd.,Aakashbhairab Securities Ltd.,350,307.1,107485.0,2025-07-31 12:47:41.069624
2025-07-31,91193,2025073104013243,API,S.P.S.A. Securities Limited,Aakashbhairab Securities Ltd.,2288,307.0,702416.0,2025-07-31 12:47:41.069805
2025-07-31,90933,2025073104013290,API,Midas Stock Broking Company Private Limited,Premier Securities Company Ltd.,1,301.0,301.0,2025-07-31 12:48:10.169196
2025-07-31,90810,2025073104013317,API,S.P.S.A. Securities Limited,Aakashbhairab Securities Ltd.,1434,307.0,440238.0,2025-07-31 12:48:19.139934
2025-07-31,90726,2025073104013324,API,Imperial Securities Company Pvt. Ltd.,SUN SECURITIES PVT LTD,171,308.0,52668.0,2025-07-31 12:48:28.421192
2025-07-31,90725,2025073104013325,API,Imperial Securities Company Pvt. Ltd.,Imperial Securities Company Pvt. Ltd.,129,308.0,39732.0,2025-07-31 12:48:28.421945
2025-07-31,90609,2025073104013355,API,Siprabi Securities Pvt. Ltd.,Imperial Securities Company Pvt. Ltd.,14,308.0,4312.0,2025-07-31 12:48:44.685467
2025-07-31,90236,2025073104013433,API,S.P.S.A. Securities Limited,Linch Stock Market Ltd.,35,307.0,10745.0,2025-07-31 12:49:23.842019
2025-07-31,89275,2025073104013565,API,Naasa Securities Co. Ltd.,Dynamic Money Managers Securities Pvt. Ltd.,36,307.1,11055.6,2025-07-31 12:51:09.920595
2025-07-31,89100,2025073104013613,API,Naasa Securities Co. Ltd.,Sri Hari Securities Pvt. Ltd.,175,307.1,53742.5,2025-07-31 12:51:27.352644
2025-07-31,88728,2025073104013677,API,Capital Max Securities Ltd,Sani Securities Company Ltd.,100,307.2,30720.0,2025-07-31 12:52:10.311196
2025-07-31,88727,2025073104013678,API,Naasa Securities Co. Ltd.,Sani Securities Company Ltd.,54,307.1,16583.4,2025-07-31 12:52:10.311305
2025-07-31,88067,2025073104013818,API,Naasa Securities Co. Ltd.,Sweta Securities Private Limited,487,307.1,149557.7,2025-07-31 12:53:37.246746
2025-07-31,87469,2025073104013904,API,ABC Securities Private Limited,Primo Securities (PVT) Ltd.,143,307.2,43929.6,2025-07-31 12:55:10.573870
2025-07-31,87213,2025073104013959,API,ABC Securities Private Limited,Online Securities Pvt. Ltd.,357,307.2,109670.4,2025-07-31 12:55:32.961153
2025-07-31,87212,2025073104013960,API,Naasa Securities Co. Ltd.,Online Securities Pvt. Ltd.,398,307.1,122225.8,2025-07-31 12:55:32.961642
2025-07-31,87211,2025073104013961,API,Sewa Securities Pvt. Ltd.,Online Securities Pvt. Ltd.,50,307.1,15355.0,2025-07-31 12:55:32.961829
2025-07-31,87210,2025073104013962,API,Nepal Stock House (PVT) Ltd.,Online Securities Pvt. Ltd.,695,307.1,213434.5,2025-07-31 12:55:32.962045
2025-07-31,87200,2025073104013965,API,Primo Securities (PVT) Ltd.,Sajilo Broker Limited,70,307.5,21525.0,2025-07-31 12:55:34.661440
2025-07-31,87199,2025073104013966,API,Primo Securities (PVT) Ltd.,Capital Max Securities Ltd,10,307.5,3075.0,2025-07-31 12:55:34.661889
2025-07-31,86706,2025073104014034,API,Dipshikha Dhitopatra Karobar Co. Pvt Ltd.,Kumari Securities Private Limited,28,307.1,8598.8,2025-07-31 12:56:42.436694
2025-07-31,86684,2025073104014038,API,Nepal Stock House (PVT) Ltd.,Capital Max Securities Ltd,25,307.1,7677.5,2025-07-31 12:56:48.201377
2025-07-31,85677,2025073104014214,API,Trishakti Securities Public Limited,Aryatara Investment & Securities,46,307.1,14126.6,2025-07-31 12:59:15.902272
2025-07-31,85403,2025073104014267,API,Trishakti Securities Public Limited,Naasa Securities Co. Ltd.,100,307.1,30710.0,2025-07-31 12:59:53.313001
2025-07-31,85029,2025073104014337,API,Arun Securities (PVT) Ltd.,Investment Management Nepal Pvt. Ltd.,200,307.2,61440.0,2025-07-31 13:00:43.689053
2025-07-31,85028,2025073104014338,API,Online Securities Pvt. Ltd.,Investment Management Nepal Pvt. Ltd.,30,307.2,9216.0,2025-07-31 13:00:43.689535
2025-07-31,85027,2025073104014339,API,Trishakti Securities Public Limited,Investment Management Nepal Pvt. Ltd.,54,307.1,16583.4,2025-07-31 13:00:43.689748
2025-07-31,85026,2025073104014340,API,Nepal Stock House (PVT) Ltd.,Investment Management Nepal Pvt. Ltd.,700,307.1,214970.0,2025-07-31 13:00:43.689926
2025-07-31,85025,2025073104014341,API,Linch Stock Market Ltd.,Investment Management Nepal Pvt. Ltd.,100,307.1,30710.0,2025-07-31 13:00:43.690108
2025-07-31,85024,2025073104014342,API,Vision Securities Pvt. Ltd,Investment Management Nepal Pvt. Ltd.,300,307.0,92100.0,2025-07-31 13:00:43.690288
2025-07-31,85023,2025073104014343,API,Naasa Securities Co. Ltd.,Investment Management Nepal Pvt. Ltd.,72,307.0,22104.0,2025-07-31 13:00:43.690473
2025-07-31,85022,2025073104014344,API,Bhrikuti Stock Broking Co. Pvt. Ltd.,Investment Management Nepal Pvt. Ltd.,1544,307.0,474008.0,2025-07-31 13:00:43.690654
2025-07-31,84651,2025073104014417,API,Cristal Kanchanjanga Securites Pvt. Ltd.,Naasa Securities Co. Ltd.,24,307.2,7372.8,2025-07-31 13:01:33.822347
2025-07-31,84064,2025073104014520,API,Cristal Kanchanjanga Securites Pvt. Ltd.,Cristal Kanchanjanga Securites Pvt. Ltd.,10,307.2,3072.0,2025-07-31 13:03:03.559667
2025-07-31,83761,2025073104014570,API,Cristal Kanchanjanga Securites Pvt. Ltd.,Capital Max Securities Ltd,300,307.2,92160.0,2025-07-31 13:03:54.457471
2025-07-31,83696,2025073104014590,API,ABC Securities Private Limited,Aakashbhairab Securities Ltd.,10,307.9,3079.0,2025-07-31 13:04:05.251616
2025-07-31,82417,2025073104014808,API,Sumeru Securities Pvt. Ltd.,Aakashbhairab Securities Ltd.,665,307.9,204753.5,2025-07-31 13:07:15.148953
2025-07-31,82416,2025073104014809,API,Sumeru Securities Pvt. Ltd.,Naasa Securities Co. Ltd.,600,307.9,184740.0,2025-07-31 13:07:15.149485
2025-07-31,82415,2025073104014810,API,Sumeru Securities Pvt. Ltd.,Imperial Securities Company Pvt. Ltd.,1357,308.0,417956.0,2025-07-31 13:07:15.149759
2025-07-31,82414,2025073104014811,API,Sumeru Securities Pvt. Ltd.,Premier Securities Company Ltd.,157,308.0,48356.0,2025-07-31 13:07:15.149980
2025-07-31,82413,2025073104014812,API,Sumeru Securities Pvt. Ltd.,Sagarmatha Securities Private Limited,243,308.0,74844.0,2025-07-31 13:07:15.150198
2025-07-31,82412,2025073104014813,API,Sumeru Securities Pvt. Ltd.,Sani Securities Company Ltd.,40,308.0,12320.0,2025-07-31 13:07:15.150433
2025-07-31,82411,2025073104014814,API,Sumeru Securities Pvt. Ltd.,Kalika Securities Pvt. Ltd.,70,308.0,21560.0,2025-07-31 13:07:15.150657
2025-07-31,82301,2025073104014828,API,Bhrikuti Stock Broking Co. Pvt. Ltd.,Dynamic Money Managers Securities Pvt. Ltd.,23,308.5,7095.5,2025-07-31 13:07:29.365349
2025-07-31,81886,2025073104014913,API,Sani Securities Company Ltd.,Linch Stock Market Ltd.,163,308.1,50220.3,2025-07-31 13:08:31.613842
2025-07-31,81760,2025073104014929,API,Naasa Securities Co. Ltd.,Linch Stock Market Ltd.,37,308.1,11399.7,2025-07-31 13:08:49.255982
2025-07-31,81488,2025073104014974,API,Naasa Securities Co. Ltd.,J.F. Securites (PVT) Ltd.,32,308.1,9859.2,2025-07-31 13:09:30.344606
2025-07-31,81240,2025073104015011,API,Dipshikha Dhitopatra Karobar Co. Pvt Ltd.,Sweta Securities Private Limited,100,308.3,30830.0,2025-07-31 13:10:02.922967
2025-07-31,80090,2025073104015186,API,Naasa Securities Co. Ltd.,Dynamic Money Managers Securities Pvt. Ltd.,133,308.5,41030.5,2025-07-31 13:12:51.404200
2025-07-31,79838,2025073104015247,API,Aryatara Investment & Securities,Sundhara Securities Limited,1000,309.0,309000.0,2025-07-31 13:13:27.972390
2025-07-31,79837,2025073104015248,API,Aryatara Investment & Securities,Agrawal Securities (PVT) Ltd.,840,309.0,259560.0,2025-07-31 13:13:27.973242
2025-07-31,79642,2025073104015273,API,Naasa Securities Co. Ltd.,Oxford Securities Pvt. Ltd.,30,309.0,9270.0,2025-07-31 13:13:54.125689
2025-07-31,79038,2025073104015403,API,Naasa Securities Co. Ltd.,Bhrikuti Stock Broking Co. Pvt. Ltd.,70,309.0,21630.0,2025-07-31 13:14:59.815241
2025-07-31,77982,2025073104015607,API,Naasa Securities Co. Ltd.,J.F. Securites (PVT) Ltd.,27,309.0,8343.0,2025-07-31 13:17:07.977187
2025-07-31,76785,2025073104015838,API,Dipshikha Dhitopatra Karobar Co. Pvt Ltd.,Naasa Securities Co. Ltd.,150,309.1,46365.0,2025-07-31 13:19:27.560617
2025-07-31,76516,2025073104015882,API,Dipshikha Dhitopatra Karobar Co. Pvt Ltd.,Secured Securities Ltd.,12,309.1,3709.2,2025-07-31 13:20:01.613675
2025-07-31,76343,2025073104015908,API,Dipshikha Dhitopatra Karobar Co. Pvt Ltd.,Siprabi Securities Pvt. Ltd.,30,309.1,9273.0,2025-07-31 13:20:26.011796
2025-07-31,75876,2025073104015971,API,Dipshikha Dhitopatra Karobar Co. Pvt Ltd.,Sundhara Securities Limited,1000,309.1,309100.0,2025-07-31 13:21:06.970200
2025-07-31,75735,2025073104015985,API,Dipshikha Dhitopatra Karobar Co. Pvt Ltd.,Nepal Stock House (PVT) Ltd.,70,309.1,21637.0,2025-07-31 13:21:22.709862
2025-07-31,75376,2025073104016027,API,Thrive Brokerage House Pvt. Ltd,Vision Securities Pvt. Ltd,1000,309.9,309900.0,2025-07-31 13:21:54.052428
2025-07-31,75068,2025073104016108,API,Prabhu Stock Market Limited,Dipshikha Dhitopatra Karobar Co. Pvt Ltd.,250,309.2,77300.0,2025-07-31 13:22:32.735992
2025-07-31,74577,2025073104016194,API,Prabhu Stock Market Limited,Sundhara Securities Limited,1000,309.2,309200.0,2025-07-31 13:23:23.438202
2025-07-31,74501,2025073104016205,API,Sewa Securities Pvt. Ltd.,Bhrikuti Stock Broking Co. Pvt. Ltd.,49,309.5,15165.5,2025-07-31 13:23:35.004909
2025-07-31,74485,2025073104016209,API,Prabhu Stock Market Limited,Nepal Stock House (PVT) Ltd.,50,309.2,15460.0,2025-07-31 13:23:36.162292
2025-07-31,74179,2025073104016248,API,Market Securities & Exchange (PVT) Ltd.,Bhrikuti Stock Broking Co. Pvt. Ltd.,20,309.5,6190.0,2025-07-31 13:24:07.146294
2025-07-31,73551,2025073104016391,API,Prabhu Stock Market Limited,Bhrikuti Stock Broking Co. Pvt. Ltd.,31,309.5,9594.5,2025-07-31 13:25:24.902027
2025-07-31,73550,2025073104016392,API,Prabhu Stock Market Limited,Nepal Stock House (PVT) Ltd.,20,309.5,6190.0,2025-07-31 13:25:24.902518
2025-07-31,73523,2025073104016396,API,Prabhu Stock Market Limited,Dakshinkali Investment & Securities Pvt. Ltd.,281,309.5,86969.5,2025-07-31 13:25:28.261439
2025-07-31,73243,2025073104016435,API,Opal Securities Investment (PVT) Ltd.,Naasa Securities Co. Ltd.,2,305.0,610.0,2025-07-31 13:26:00.240080
2025-07-31,73241,2025073104016436,API,Prabhu Stock Market Limited,Online Securities Pvt. Ltd.,268,309.5,82946.0,2025-07-31 13:26:00.701512
2025-07-31,73240,2025073104016437,API,Sweta Securities Private Limited,Online Securities Pvt. Ltd.,210,309.2,64932.0,2025-07-31 13:26:00.701981
2025-07-31,72785,2025073104016504,API,Sweta Securities Private Limited,Sewa Securities Pvt. Ltd.,290,309.2,89668.0,2025-07-31 13:26:39.997869
2025-07-31,72784,2025073104016505,API,Asian Securities Private Ltd.,Sewa Securities Pvt. Ltd.,210,309.2,64932.0,2025-07-31 13:26:39.998304
2025-07-31,72643,2025073104016516,API,Opal Securities Investment (PVT) Ltd.,Naasa Securities Co. Ltd.,3,305.0,915.0,2025-07-31 13:26:52.396534
2025-07-31,72581,2025073104016533,API,Naasa Securities Co. Ltd.,Online Securities Pvt. Ltd.,134,309.9,41526.6,2025-07-31 13:26:59.581039
2025-07-31,72580,2025073104016534,API,Naasa Securities Co. Ltd.,Sagarmatha Securities Private Limited,200,309.9,61980.0,2025-07-31 13:26:59.581463
2025-07-31,72579,2025073104016535,API,Naasa Securities Co. Ltd.,Asian Securities Private Ltd.,76,309.9,23552.4,2025-07-31 13:26:59.581702
2025-07-31,72301,2025073104016589,API,South Asian Bulls Pvt. Ltd.,Asian Securities Private Ltd.,136,309.9,42146.4,2025-07-31 13:27:25.986021
2025-07-31,72259,2025073104016591,API,Deevyaa Securities & Stock House Pvt. Ltd,Asian Securities Private Ltd.,100,309.9,30990.0,2025-07-31 13:27:30.382168
2025-07-31,72110,2025073104016616,API,Opal Securities Investment (PVT) Ltd.,Siprabi Securities Pvt. Ltd.,2,306.0,612.0,2025-07-31 13:27:42.619613
2025-07-31,71919,2025073104016664,API,Linch Stock Market Ltd.,Nepal Stock House (PVT) Ltd.,10,309.8,3098.0,2025-07-31 13:27:58.791328
2025-07-31,71257,2025073104016805,API,Naasa Securities Co. Ltd.,Asian Securities Private Ltd.,1133,309.9,351116.7,2025-07-31 13:29:01.981605
2025-07-31,70948,2025073104016820,API,Naasa Securities Co. Ltd.,Nepal Stock House (PVT) Ltd.,70,309.9,21693.0,2025-07-31 13:29:20.294164
2025-07-31,70944,2025073104016821,API,Prabhu Stock Market Limited,Trisul Securities & Invt. Ltd.,10,310.0,3100.0,2025-07-31 13:29:21.358818
2025-07-31,70942,2025073104016822,API,Trisul Securities & Invt. Ltd.,Trisul Securities & Invt. Ltd.,28,310.0,8680.0,2025-07-31 13:29:21.532973
2025-07-31,70607,2025073104016850,API,Sani Securities Company Ltd.,Vision Securities Pvt. Ltd,65,310.0,20150.0,2025-07-31 13:29:34.331292
2025-07-31,70578,2025073104016854,API,Opal Securities Investment (PVT) Ltd.,Naasa Securities Co. Ltd.,1,305.0,305.0,2025-07-31 13:29:37.335152
2025-07-31,70147,2025073104016928,API,ABC Securities Private Limited,Vision Securities Pvt. Ltd,135,310.0,41850.0,2025-07-31 13:30:10.777490
2025-07-31,70146,2025073104016929,API,ABC Securities Private Limited,Cristal Kanchanjanga Securites Pvt. Ltd.,300,310.0,93000.0,2025-07-31 13:30:10.778328
2025-07-31,70145,2025073104016930,API,ABC Securities Private Limited,Aryatara Investment & Securities,1000,310.0,310000.0,2025-07-31 13:30:10.778923
2025-07-31,70144,2025073104016931,API,ABC Securities Private Limited,Aryatara Investment & Securities,1000,310.0,310000.0,2025-07-31 13:30:10.779535
2025-07-31,70143,2025073104016932,API,ABC Securities Private Limited,Aryatara Investment & Securities,600,310.0,186000.0,2025-07-31 13:30:10.780121
2025-07-31,70142,2025073104016933,API,ABC Securities Private Limited,Siprabi Securities Pvt. Ltd.,200,310.0,62000.0,2025-07-31 13:30:10.780733
2025-07-31,70141,2025073104016934,API,ABC Securities Private Limited,Imperial Securities Company Pvt. Ltd.,122,310.0,37820.0,2025-07-31 13:30:10.781294
2025-07-31,70140,2025073104016935,API,ABC Securities Private Limited,Market Securities & Exchange (PVT) Ltd.,1000,310.0,310000.0,2025-07-31 13:30:10.781878
2025-07-31,70139,2025073104016936,API,ABC Securities Private Limited,Vision Securities Pvt. Ltd,643,310.0,199330.0,2025-07-31 13:30:10.782464
2025-07-31,70007,2025073104016947,API,Naasa Securities Co. Ltd.,Vision Securities Pvt. Ltd,130,310.0,40300.0,2025-07-31 13:30:19.624448
2025-07-31,69855,2025073104016979,API,Naasa Securities Co. Ltd.,Vision Securities Pvt. Ltd,60,310.0,18600.0,2025-07-31 13:30:32.436585
2025-07-31,69783,2025073104016998,API,Arun Securities (PVT) Ltd.,Vision Securities Pvt. Ltd,200,310.0,62000.0,2025-07-31 13:30:40.845281
2025-07-31,69552,2025073104017044,API,Trisul Securities & Invt. Ltd.,Vision Securities Pvt. Ltd,500,310.0,155000.0,2025-07-31 13:31:00.047854
2025-07-31,69545,2025073104017045,API,Sumeru Securities Pvt. Ltd.,Vision Securities Pvt. Ltd,2467,310.0,764770.0,2025-07-31 13:31:01.097461
2025-07-31,69544,2025073104017046,API,Sumeru Securities Pvt. Ltd.,Naasa Securities Co. Ltd.,208,310.0,64480.0,2025-07-31 13:31:01.097895
2025-07-31,69543,2025073104017047,API,Sumeru Securities Pvt. Ltd.,Siprabi Securities Pvt. Ltd.,10,310.0,3100.0,2025-07-31 13:31:01.098091
2025-07-31,69542,2025073104017048,API,Sumeru Securities Pvt. Ltd.,Neev Securities Pvt. Ltd.,150,310.0,46500.0,2025-07-31 13:31:01.098279
2025-07-31,69541,2025073104017049,API,Sumeru Securities Pvt. Ltd.,Cristal Kanchanjanga Securites Pvt. Ltd.,300,310.0,93000.0,2025-07-31 13:31:01.098479
2025-07-31,69540,2025073104017050,API,Sumeru Securities Pvt. Ltd.,Sundhara Securities Limited,43,310.0,13330.0,2025-07-31 13:31:01.098661
2025-07-31,69539,2025073104017051,API,Sumeru Securities Pvt. Ltd.,Oxford Securities Pvt. Ltd.,100,310.0,31000.0,2025-07-31 13:31:01.098849
2025-07-31,69538,2025073104017052,API,Sumeru Securities Pvt. Ltd.,Online Securities Pvt. Ltd.,100,310.0,31000.0,2025-07-31 13:31:01.099033
2025-07-31,69537,2025073104017053,API,Sumeru Securities Pvt. Ltd.,Vision Securities Pvt. Ltd,10,310.0,3100.0,2025-07-31 13:31:01.099220
2025-07-31,69536,2025073104017054,API,Sumeru Securities Pvt. Ltd.,ABC Securities Private Limited,1000,310.0,310000.0,2025-07-31 13:31:01.099408
2025-07-31,69535,2025073104017055,API,Sumeru Securities Pvt. Ltd.,Malla & Malla Stock Broking Company Pvt. Limited,22,310.0,6820.0,2025-07-31 13:31:01.099597
2025-07-31,69534,2025073104017056,API,Sumeru Securities Pvt. Ltd.,Nepal Stock House (PVT) Ltd.,25,310.0,7750.0,2025-07-31 13:31:01.099780
2025-07-31,69533,2025073104017057,API,Sumeru Securities Pvt. Ltd.,Nepal Stock House (PVT) Ltd.,11,310.0,3410.0,2025-07-31 13:31:01.099961
2025-07-31,69532,2025073104017058,API,Sumeru Securities Pvt. Ltd.,Opal Securities Investment (PVT) Ltd.,2000,310.0,620000.0,2025-07-31 13:31:01.100141
2025-07-31,69531,2025073104017059,API,Sumeru Securities Pvt. Ltd.,Sani Securities Company Ltd.,20,310.0,6200.0,2025-07-31 13:31:01.100332
2025-07-31,69530,2025073104017060,API,Sumeru Securities Pvt. Ltd.,Trishakti Securities Public Limited,1000,310.0,310000.0,2025-07-31 13:31:01.100521
2025-07-31,69529,2025073104017061,API,Sumeru Securities Pvt. Ltd.,Nepal Stock House (PVT) Ltd.,250,310.0,77500.0,2025-07-31 13:31:01.100701
2025-07-31,69528,2025073104017062,API,Sumeru Securities Pvt. Ltd.,Midas Stock Broking Company Private Limited,525,310.0,162750.0,2025-07-31 13:31:01.100882
2025-07-31,69527,2025073104017063,API,Sumeru Securities Pvt. Ltd.,Dipshikha Dhitopatra Karobar Co. Pvt Ltd.,21,310.0,6510.0,2025-07-31 13:31:01.101064
2025-07-31,69526,2025073104017064,API,Sumeru Securities Pvt. Ltd.,Siprabi Securities Pvt. Ltd.,12,310.0,3720.0,2025-07-31 13:31:01.101253
2025-07-31,69471,2025073104017070,API,Opal Securities Investment (PVT) Ltd.,Trisul Securities & Invt. Ltd.,6,306.0,1836.0,2025-07-31 13:31:05.929468
2025-07-31,68568,2025073104017231,API,Sumeru Securities Pvt. Ltd.,Nepal Stock House (PVT) Ltd.,100,310.0,31000.0,2025-07-31 13:32:18.628798
2025-07-31,68522,2025073104017243,API,Sumeru Securities Pvt. Ltd.,Opal Securities Investment (PVT) Ltd.,25,310.0,7750.0,2025-07-31 13:32:24.349429
2025-07-31,68448,2025073104017258,API,Naasa Securities Co. Ltd.,Oxford Securities Pvt. Ltd.,10,310.5,3105.0,2025-07-31 13:32:32.016383
2025-07-31,68432,2025073104017259,API,Sumeru Securities Pvt. Ltd.,Oxford Securities Pvt. Ltd.,90,310.5,27945.0,2025-07-31 13:32:33.672935
2025-07-31,68431,2025073104017260,API,Sumeru Securities Pvt. Ltd.,Property Wiard Limited,310,311.0,96410.0,2025-07-31 13:32:33.673539
2025-07-31,68010,2025073104017363,API,Naasa Securities Co. Ltd.,Vision Securities Pvt. Ltd,36,310.9,11192.4,2025-07-31 13:33:20.803877
2025-07-31,68009,2025073104017364,API,Naasa Securities Co. Ltd.,South Asian Bulls Pvt. Ltd.,64,310.9,19897.6,2025-07-31 13:33:20.804879
2025-07-31,67858,2025073104017386,API,Online Securities Pvt. Ltd.,South Asian Bulls Pvt. Ltd.,436,310.9,135552.4,2025-07-31 13:33:36.190410
2025-07-31,67857,2025073104017387,API,Online Securities Pvt. Ltd.,Property Wiard Limited,564,311.0,175404.0,2025-07-31 13:33:36.190846
2025-07-31,67853,2025073104017388,API,Naasa Securities Co. Ltd.,Opal Securities Investment (PVT) Ltd.,21,310.5,6520.5,2025-07-31 13:33:36.673790
2025-07-31,67852,2025073104017389,API,Bhrikuti Stock Broking Co. Pvt. Ltd.,Opal Securities Investment (PVT) Ltd.,504,310.0,156240.0,2025-07-31 13:33:36.674232
2025-07-31,67748,2025073104017400,API,Bhrikuti Stock Broking Co. Pvt. Ltd.,Naasa Securities Co. Ltd.,12,310.0,3720.0,2025-07-31 13:33:45.322457
2025-07-31,67617,2025073104017482,API,Bhrikuti Stock Broking Co. Pvt. Ltd.,Nepal Stock House (PVT) Ltd.,84,310.0,26040.0,2025-07-31 13:33:57.274092
2025-07-31,67616,2025073104017483,API,Nepal Investment And Securities Trading Private Limited,Nepal Stock House (PVT) Ltd.,66,310.0,20460.0,2025-07-31 13:33:57.274532
2025-07-31,67145,2025073104017581,API,Kumari Securities Private Limited,Bhrikuti Stock Broking Co. Pvt. Ltd.,100,310.5,31050.0,2025-07-31 13:34:48.041792
2025-07-31,67066,2025073104017605,API,Kumari Securities Private Limited,Naasa Securities Co. Ltd.,45,310.5,13972.5,2025-07-31 13:34:57.996946
2025-07-31,66958,2025073104017624,API,Kumari Securities Private Limited,Dipshikha Dhitopatra Karobar Co. Pvt Ltd.,105,310.5,32602.5,2025-07-31 13:35:11.069581
2025-07-31,66957,2025073104017625,API,Nepal Investment And Securities Trading Private Limited,Dipshikha Dhitopatra Karobar Co. Pvt Ltd.,95,310.0,29450.0,2025-07-31 13:35:11.070105
2025-07-31,65995,2025073104017834,API,Aryatara Investment & Securities,Property Wiard Limited,1000,311.0,311000.0,2025-07-31 13:36:53.128715
2025-07-31,65810,2025073104017876,API,Sundhara Securities Limited,Property Wiard Limited,126,311.0,39186.0,2025-07-31 13:37:13.118626
2025-07-31,65809,2025073104017877,API,Sundhara Securities Limited,Online Securities Pvt. Ltd.,10,311.0,3110.0,2025-07-31 13:37:13.119520
2025-07-31,65808,2025073104017878,API,Sundhara Securities Limited,Sagarmatha Securities Private Limited,200,311.0,62200.0,2025-07-31 13:37:13.120086
2025-07-31,65807,2025073104017879,API,Sundhara Securities Limited,Sewa Securities Pvt. Ltd.,10,311.0,3110.0,2025-07-31 13:37:13.120668
2025-07-31,65806,2025073104017880,API,Sundhara Securities Limited,Dipshikha Dhitopatra Karobar Co. Pvt Ltd.,100,311.0,31100.0,2025-07-31 13:37:13.121267
2025-07-31,65626,2025073104017916,API,Sundhara Securities Limited,Thrive Brokerage House Pvt. Ltd,54,311.0,16794.0,2025-07-31 13:37:35.468767
2025-07-31,65625,2025073104017917,API,Primo Securities (PVT) Ltd.,Thrive Brokerage House Pvt. Ltd,200,311.0,62200.0,2025-07-31 13:37:35.469721
2025-07-31,65624,2025073104017918,API,Online Securities Pvt. Ltd.,Thrive Brokerage House Pvt. Ltd,100,311.0,31100.0,2025-07-31 13:37:35.470644
2025-07-31,65368,2025073104017962,API,Asian Securities Private Ltd.,Thrive Brokerage House Pvt. Ltd,100,311.0,31100.0,2025-07-31 13:37:56.369082
2025-07-31,64893,2025073104018081,API,Investment Management Nepal Pvt. Ltd.,Thrive Brokerage House Pvt. Ltd,46,311.0,14306.0,2025-07-31 13:38:51.062240
2025-07-31,64856,2025073104018087,API,Investment Management Nepal Pvt. Ltd.,Bhrikuti Stock Broking Co. Pvt. Ltd.,50,311.0,15550.0,2025-07-31 13:38:55.840357
2025-07-31,64712,2025073104018104,API,Investment Management Nepal Pvt. Ltd.,Midas Stock Broking Company Private Limited,284,311.0,88324.0,2025-07-31 13:39:04.992523
2025-07-31,64503,2025073104018169,API,Vision Securities Pvt. Ltd,Aakashbhairab Securities Ltd.,500,311.1,155550.0,2025-07-31 13:39:31.624071
2025-07-31,64353,2025073104018182,API,Secured Securities Ltd.,Dakshinkali Investment & Securities Pvt. Ltd.,125,311.8,38975.0,2025-07-31 13:39:50.847138
2025-07-31,64352,2025073104018183,API,Secured Securities Ltd.,Secured Securities Ltd.,399,311.8,124408.2,2025-07-31 13:39:50.848056
2025-07-31,64351,2025073104018184,API,Secured Securities Ltd.,Sumeru Securities Pvt. Ltd.,400,311.9,124760.0,2025-07-31 13:39:50.848755
2025-07-31,64350,2025073104018185,API,Secured Securities Ltd.,Aakashbhairab Securities Ltd.,2076,311.9,647504.4,2025-07-31 13:39:50.849381
2025-07-31,63797,2025073104018290,API,Linch Stock Market Ltd.,Imperial Securities Company Pvt. Ltd.,2,307.0,614.0,2025-07-31 13:40:53.445345
2025-07-31,63735,2025073104018296,API,Sewa Securities Pvt. Ltd.,Aakashbhairab Securities Ltd.,50,311.9,15595.0,2025-07-31 13:40:57.018025
2025-07-31,63638,2025073104018321,API,Kohinoor Investment & Securities Pvt. Ltd.,Aakashbhairab Securities Ltd.,50,311.9,15595.0,2025-07-31 13:41:06.944938
2025-07-31,63146,2025073104018420,API,Sani Securities Company Ltd.,Prabhu Stock Market Limited,40,311.5,12460.0,2025-07-31 13:41:48.707731
2025-07-31,63002,2025073104018439,API,Premier Securities Company Ltd.,Vision Securities Pvt. Ltd,319,311.3,99304.7,2025-07-31 13:41:58.799133
2025-07-31,62945,2025073104018451,API,Premier Securities Company Ltd.,Aakashbhairab Securities Ltd.,681,311.3,211995.3,2025-07-31 13:42:01.885688
2025-07-31,62944,2025073104018452,API,Sewa Securities Pvt. Ltd.,Aakashbhairab Securities Ltd.,700,311.2,217840.0,2025-07-31 13:42:01.886150
2025-07-31,62943,2025073104018453,API,Sewa Securities Pvt. Ltd.,Aakashbhairab Securities Ltd.,50,311.1,15555.0,2025-07-31 13:42:01.886374
2025-07-31,62942,2025073104018454,API,Investment Management Nepal Pvt. Ltd.,Aakashbhairab Securities Ltd.,220,311.0,68420.0,2025-07-31 13:42:01.886570
2025-07-31,62941,2025073104018455,API,Online Securities Pvt. Ltd.,Aakashbhairab Securities Ltd.,40,311.0,12440.0,2025-07-31 13:42:01.886755
2025-07-31,62750,2025073104018523,API,Kumari Securities Private Limited,Aakashbhairab Securities Ltd.,50,310.5,15525.0,2025-07-31 13:42:13.906233
2025-07-31,62749,2025073104018524,API,Naasa Securities Co. Ltd.,Aakashbhairab Securities Ltd.,10,310.2,3102.0,2025-07-31 13:42:13.906663
2025-07-31,62748,2025073104018525,API,Sumeru Securities Pvt. Ltd.,Aakashbhairab Securities Ltd.,100,310.1,31010.0,2025-07-31 13:42:13.906846
2025-07-31,62747,2025073104018526,API,Nepal Investment And Securities Trading Private Limited,Aakashbhairab Securities Ltd.,139,310.0,43090.0,2025-07-31 13:42:13.907031
2025-07-31,62746,2025073104018527,API,Nepal Investment And Securities Trading Private Limited,Aakashbhairab Securities Ltd.,10,310.0,3100.0,2025-07-31 13:42:13.907219
2025-07-31,62296,2025073104018636,API,Nepal Investment And Securities Trading Private Limited,Vision Securities Pvt. Ltd,290,310.0,89900.0,2025-07-31 13:42:45.221170
2025-07-31,62295,2025073104018637,API,Linch Stock Market Ltd.,Vision Securities Pvt. Ltd,190,310.0,58900.0,2025-07-31 13:42:45.221635
2025-07-31,62294,2025073104018638,API,Vision Securities Pvt. Ltd,Vision Securities Pvt. Ltd,20,310.0,6200.0,2025-07-31 13:42:45.221830
2025-07-31,62155,2025073104018675,API,Vision Securities Pvt. Ltd,Swarna Laxmi Securities Pvt. Ltd.,154,310.0,47740.0,2025-07-31 13:42:52.881714
2025-07-31,62148,2025073104018677,API,Vision Securities Pvt. Ltd,Kalika Securities Pvt. Ltd.,351,310.0,108810.0,2025-07-31 13:42:53.955258
2025-07-31,62117,2025073104018701,API,Vision Securities Pvt. Ltd,South Asian Bulls Pvt. Ltd.,475,310.0,147250.0,2025-07-31 13:42:54.755788
2025-07-31,62116,2025073104018702,API,Trisul Securities & Invt. Ltd.,South Asian Bulls Pvt. Ltd.,25,310.0,7750.0,2025-07-31 13:42:54.756187
2025-07-31,62022,2025073104018744,API,Trisul Securities & Invt. Ltd.,Naasa Securities Co. Ltd.,275,310.0,85250.0,2025-07-31 13:42:59.715894
2025-07-31,62021,2025073104018745,API,Aryatara Investment & Securities,Naasa Securities Co. Ltd.,225,310.0,69750.0,2025-07-31 13:42:59.716295
2025-07-31,61927,2025073104018763,API,Aryatara Investment & Securities,Cristal Kanchanjanga Securites Pvt. Ltd.,423,310.0,131130.0,2025-07-31 13:43:05.139810
2025-07-31,61727,2025073104018795,API,Aryatara Investment & Securities,Dynamic Money Managers Securities Pvt. Ltd.,352,310.0,109120.0,2025-07-31 13:43:13.761919
2025-07-31,61726,2025073104018796,API,Capital Max Securities Ltd,Dynamic Money Managers Securities Pvt. Ltd.,10,310.0,3100.0,2025-07-31 13:43:13.762403
2025-07-31,61725,2025073104018797,API,ABC Securities Private Limited,Dynamic Money Managers Securities Pvt. Ltd.,1638,310.0,507780.0,2025-07-31 13:43:13.762594
2025-07-31,61609,2025073104018829,API,ABC Securities Private Limited,Sani Securities Company Ltd.,300,310.0,93000.0,2025-07-31 13:43:22.049716
2025-07-31,61494,2025073104018864,API,Kumari Securities Private Limited,Miyo Securities Pvt Ltd,500,311.0,155500.0,2025-07-31 13:43:30.970228
2025-07-31,61468,2025073104018878,API,ABC Securities Private Limited,Dakshinkali Investment & Securities Pvt. Ltd.,62,310.0,19220.0,2025-07-31 13:43:32.366212
2025-07-31,61467,2025073104018879,API,Kohinoor Investment & Securities Pvt. Ltd.,Dakshinkali Investment & Securities Pvt. Ltd.,200,310.0,62000.0,2025-07-31 13:43:32.366667
2025-07-31,61466,2025073104018880,API,Prabhu Stock Market Limited,Dakshinkali Investment & Securities Pvt. Ltd.,30,310.0,9300.0,2025-07-31 13:43:32.366906
2025-07-31,61044,2025073104018997,API,Linch Stock Market Ltd.,Imperial Securities Company Pvt. Ltd.,70,309.8,21686.0,2025-07-31 13:44:03.554792
2025-07-31,61043,2025073104018998,API,Capital Max Securities Ltd,Imperial Securities Company Pvt. Ltd.,43,309.8,13321.4,2025-07-31 13:44:03.554943
2025-07-31,61042,2025073104018999,API,Sumeru Securities Pvt. Ltd.,Imperial Securities Company Pvt. Ltd.,10,309.5,3095.0,2025-07-31 13:44:03.555045
2025-07-31,61041,2025073104019000,API,Miyo Securities Pvt Ltd,Imperial Securities Company Pvt. Ltd.,500,309.5,154750.0,2025-07-31 13:44:03.555152
2025-07-31,61040,2025073104019001,API,Miyo Securities Pvt Ltd,Imperial Securities Company Pvt. Ltd.,577,309.5,178581.5,2025-07-31 13:44:03.555272
2025-07-31,60651,2025073104019138,API,Miyo Securities Pvt Ltd,Dakshinkali Investment & Securities Pvt. Ltd.,423,309.5,130918.5,2025-07-31 13:44:30.944465
2025-07-31,60650,2025073104019139,API,Dakshinkali Investment & Securities Pvt. Ltd.,Dakshinkali Investment & Securities Pvt. Ltd.,285,309.3,88150.5,2025-07-31 13:44:30.944917
2025-07-31,59828,2025073104019369,API,Oxford Securities Pvt. Ltd.,Sani Securities Company Ltd.,200,309.5,61900.0,2025-07-31 13:45:44.772039
2025-07-31,59827,2025073104019370,API,Dakshinkali Investment & Securities Pvt. Ltd.,Kohinoor Investment & Securities Pvt. Ltd.,61,309.3,18867.3,2025-07-31 13:45:44.936985
2025-07-31,59201,2025073104019493,API,Sani Securities Company Ltd.,Aakashbhairab Securities Ltd.,1600,309.9,495840.0,2025-07-31 13:46:39.021358
2025-07-31,59151,2025073104019498,API,Ashutosh Brokerage & Securities (PVT) Ltd.,Aakashbhairab Securities Ltd.,500,309.9,154950.0,2025-07-31 13:46:44.718661
2025-07-31,59087,2025073104019509,API,Vision Securities Pvt. Ltd,Arun Securities (PVT) Ltd.,300,309.5,92850.0,2025-07-31 13:46:53.555581
2025-07-31,59086,2025073104019510,API,Dakshinkali Investment & Securities Pvt. Ltd.,Arun Securities (PVT) Ltd.,375,309.3,115987.5,2025-07-31 13:46:53.556004
2025-07-31,58891,2025073104019537,API,Dakshinkali Investment & Securities Pvt. Ltd.,Imperial Securities Company Pvt. Ltd.,279,309.3,86294.7,2025-07-31 13:47:20.015087
2025-07-31,58890,2025073104019538,API,Naasa Securities Co. Ltd.,Imperial Securities Company Pvt. Ltd.,221,309.3,68355.3,2025-07-31 13:47:20.015944
2025-07-31,58738,2025073104019561,API,Naasa Securities Co. Ltd.,Aakashbhairab Securities Ltd.,279,309.3,86294.7,2025-07-31 13:47:36.497289
2025-07-31,58737,2025073104019562,API,Dipshikha Dhitopatra Karobar Co. Pvt Ltd.,Aakashbhairab Securities Ltd.,945,309.1,292099.5,2025-07-31 13:47:36.498212
2025-07-31,58368,2025073104019646,API,Nepal Investment And Securities Trading Private Limited,Naasa Securities Co. Ltd.,3,308.3,924.9,2025-07-31 13:48:23.665877
2025-07-31,58340,2025073104019656,API,Dipshikha Dhitopatra Karobar Co. Pvt Ltd.,Indira securities pvt. ltd,10,309.1,3091.0,2025-07-31 13:48:27.882238
2025-07-31,58243,2025073104019675,API,Trishakti Securities Public Limited,Naasa Securities Co. Ltd.,3,307.1,921.3,2025-07-31 13:48:40.873981
2025-07-31,57658,2025073104019763,API,Dipshikha Dhitopatra Karobar Co. Pvt Ltd.,Dipshikha Dhitopatra Karobar Co. Pvt Ltd.,150,309.1,46365.0,2025-07-31 13:50:06.186121
2025-07-31,57340,2025073104019816,API,Naasa Securities Co. Ltd.,Cristal Kanchanjanga Securites Pvt. Ltd.,297,309.2,91832.4,2025-07-31 13:50:46.982877
2025-07-31,57339,2025073104019817,API,Sundhara Securities Limited,Cristal Kanchanjanga Securites Pvt. Ltd.,18,309.2,5565.6,2025-07-31 13:50:46.983335
2025-07-31,57207,2025073104019838,API,Nepal Stock House (PVT) Ltd.,Nepal Investment And Securities Trading Private Limited,30,310.0,9300.0,2025-07-31 13:51:05.525407
2025-07-31,57206,2025073104019839,API,Nepal Stock House (PVT) Ltd.,Vision Securities Pvt. Ltd,10,310.0,3100.0,2025-07-31 13:51:05.525902
2025-07-31,57205,2025073104019840,API,Nepal Stock House (PVT) Ltd.,Aryatara Investment & Securities,232,310.0,71920.0,2025-07-31 13:51:05.526098
2025-07-31,57204,2025073104019841,API,Nepal Stock House (PVT) Ltd.,Naasa Securities Co. Ltd.,28,310.0,8680.0,2025-07-31 13:51:05.526291
2025-07-31,56523,2025073104019992,API,Indira securities pvt. ltd,Vision Securities Pvt. Ltd,105,310.0,32550.0,2025-07-31 13:52:26.566771
2025-07-31,55968,2025073104020077,API,Linch Stock Market Ltd.,Naasa Securities Co. Ltd.,55,310.0,17050.0,2025-07-31 13:53:35.413521
2025-07-31,55946,2025073104020080,API,Sundhara Securities Limited,Bhrikuti Stock Broking Co. Pvt. Ltd.,482,309.2,149034.4,2025-07-31 13:53:38.306116
2025-07-31,55945,2025073104020081,API,Asian Securities Private Ltd.,Bhrikuti Stock Broking Co. Pvt. Ltd.,90,309.2,27828.0,2025-07-31 13:53:38.306550
2025-07-31,55760,2025073104020105,API,Dipshikha Dhitopatra Karobar Co. Pvt Ltd.,Dipshikha Dhitopatra Karobar Co. Pvt Ltd.,2633,309.1,813860.3,2025-07-31 13:54:02.051575
2025-07-31,55759,2025073104020106,API,Deevyaa Securities & Stock House Pvt. Ltd,Dipshikha Dhitopatra Karobar Co. Pvt Ltd.,1200,309.0,370800.0,2025-07-31 13:54:02.052106
2025-07-31,55758,2025073104020107,API,Online Securities Pvt. Ltd.,Dipshikha Dhitopatra Karobar Co. Pvt Ltd.,100,309.0,30900.0,2025-07-31 13:54:02.052477
2025-07-31,55757,2025073104020108,API,Bhrikuti Stock Broking Co. Pvt. Ltd.,Dipshikha Dhitopatra Karobar Co. Pvt Ltd.,17,309.0,5253.0,2025-07-31 13:54:02.052780
2025-07-31,55586,2025073104020140,API,Vision Securities Pvt. Ltd,Bhrikuti Stock Broking Co. Pvt. Ltd.,79,309.2,24426.8,2025-07-31 13:54:25.275371
2025-07-31,55569,2025073104020145,API,Bhrikuti Stock Broking Co. Pvt. Ltd.,SUN SECURITIES PVT LTD,1111,309.0,343299.0,2025-07-31 13:54:27.040422
2025-07-31,55555,2025073104020147,API,Bhrikuti Stock Broking Co. Pvt. Ltd.,Market Securities & Exchange (PVT) Ltd.,200,309.0,61800.0,2025-07-31 13:54:29.350127
2025-07-31,55143,2025073104020208,API,Bhrikuti Stock Broking Co. Pvt. Ltd.,Online Securities Pvt. Ltd.,42,309.0,12978.0,2025-07-31 13:55:24.736644
2025-07-31,54684,2025073104020290,API,Imperial Securities Company Pvt. Ltd.,K.B.L. Securities Limited ,50,309.1,15455.0,2025-07-31 13:56:33.934771
2025-07-31,53292,2025073104020507,API,Imperial Securities Company Pvt. Ltd.,Nepal Stock House (PVT) Ltd.,500,309.1,154550.0,2025-07-31 13:59:49.637083
2025-07-31,53132,2025073104020537,API,Imperial Securities Company Pvt. Ltd.,Online Securities Pvt. Ltd.,450,309.1,139095.0,2025-07-31 14:00:08.314421
2025-07-31,53131,2025073104020538,API,Premier Securities Company Ltd.,Online Securities Pvt. Ltd.,300,309.1,92730.0,2025-07-31 14:00:08.314909
2025-07-31,53130,2025073104020539,API,Bhrikuti Stock Broking Co. Pvt. Ltd.,Online Securities Pvt. Ltd.,240,309.0,74160.0,2025-07-31 14:00:08.315228
2025-07-31,53129,2025073104020540,API,Sundhara Securities Limited,Online Securities Pvt. Ltd.,250,309.0,77250.0,2025-07-31 14:00:08.315524
2025-07-31,53128,2025073104020541,API,Imperial Securities Company Pvt. Ltd.,Online Securities Pvt. Ltd.,140,309.0,43260.0,2025-07-31 14:00:08.315819
2025-07-31,52840,2025073104020587,API,Asian Securities Private Ltd.,Bhrikuti Stock Broking Co. Pvt. Ltd.,100,309.2,30920.0,2025-07-31 14:00:46.315043
2025-07-31,52671,2025073104020611,API,Sundhara Securities Limited,Bhrikuti Stock Broking Co. Pvt. Ltd.,16,309.2,4947.2,2025-07-31 14:01:05.242918
2025-07-31,52502,2025073104020638,API,Sundhara Securities Limited,Agrawal Securities (PVT) Ltd.,221,309.2,68333.2,2025-07-31 14:01:23.847560
2025-07-31,51855,2025073104020746,API,Vision Securities Pvt. Ltd,Linch Stock Market Ltd.,400,309.9,123960.0,2025-07-31 14:02:46.178471
2025-07-31,51854,2025073104020747,API,Vision Securities Pvt. Ltd,Dynamic Money Managers Securities Pvt. Ltd.,155,310.0,48050.0,2025-07-31 14:02:46.179367
2025-07-31,51853,2025073104020748,API,Vision Securities Pvt. Ltd,Vision Securities Pvt. Ltd,100,310.0,31000.0,2025-07-31 14:02:46.179995
2025-07-31,51852,2025073104020749,API,Vision Securities Pvt. Ltd,Sweta Securities Private Limited,345,310.0,106950.0,2025-07-31 14:02:46.180669
2025-07-31,51731,2025073104020768,API,Sri Hari Securities Pvt. Ltd.,Midas Stock Broking Company Private Limited,200,309.3,61860.0,2025-07-31 14:03:03.423605
2025-07-31,51712,2025073104020769,API,Vision Securities Pvt. Ltd,Sweta Securities Private Limited,255,310.0,79050.0,2025-07-31 14:03:06.361716
2025-07-31,51711,2025073104020770,API,Vision Securities Pvt. Ltd,Linch Stock Market Ltd.,462,310.0,143220.0,2025-07-31 14:03:06.362226
2025-07-31,51555,2025073104020799,API,Vision Securities Pvt. Ltd,Imperial Securities Company Pvt. Ltd.,283,310.0,87730.0,2025-07-31 14:03:24.673636
2025-07-31,51333,2025073104020880,API,Vision Securities Pvt. Ltd,Imperial Securities Company Pvt. Ltd.,289,310.0,89590.0,2025-07-31 14:03:46.854034
2025-07-31,50684,2025073104021033,API,Vision Securities Pvt. Ltd,Oxford Securities Pvt. Ltd.,29,310.0,8990.0,2025-07-31 14:05:15.882246
2025-07-31,50553,2025073104021055,API,Vision Securities Pvt. Ltd,J.F. Securites (PVT) Ltd.,11,310.0,3410.0,2025-07-31 14:05:30.825190
2025-07-31,50185,2025073104021163,API,Vision Securities Pvt. Ltd,J.F. Securites (PVT) Ltd.,75,310.0,23250.0,2025-07-31 14:06:23.177118
2025-07-31,49903,2025073104021228,API,Shree Krishna Securities Ltd.,Kalika Securities Pvt. Ltd.,8,305.0,2440.0,2025-07-31 14:07:00.084079
2025-07-31,49850,2025073104021237,API,Vision Securities Pvt. Ltd,Nepal Investment And Securities Trading Private Limited,200,310.7,62140.0,2025-07-31 14:07:06.934388
2025-07-31,49849,2025073104021238,API,Vision Securities Pvt. Ltd,Trishakti Securities Public Limited,396,310.7,123037.2,2025-07-31 14:07:06.934839
2025-07-31,49843,2025073104021242,API,Cristal Kanchanjanga Securites Pvt. Ltd.,Trishakti Securities Public Limited,104,310.7,32312.8,2025-07-31 14:07:08.182860
2025-07-31,49842,2025073104021243,API,Cristal Kanchanjanga Securites Pvt. Ltd.,Naasa Securities Co. Ltd.,896,310.8,278476.8,2025-07-31 14:07:08.183672
2025-07-31,49178,2025073104021341,API,J.F. Securites (PVT) Ltd.,Vision Securities Pvt. Ltd,100,310.1,31010.0,2025-07-31 14:08:31.768187
2025-07-31,49177,2025073104021342,API,Aryatara Investment & Securities,Vision Securities Pvt. Ltd,200,310.0,62000.0,2025-07-31 14:08:31.768681
2025-07-31,48948,2025073104021416,API,Nabil Stock Dealer Ltd.,Vision Securities Pvt. Ltd,277,310.0,85870.0,2025-07-31 14:09:09.861049
2025-07-31,48947,2025073104021417,API,Nabil Stock Dealer Ltd.,Naasa Securities Co. Ltd.,723,310.8,224708.4,2025-07-31 14:09:09.862046
2025-07-31,48671,2025073104021474,API,Sumeru Securities Pvt. Ltd.,Naasa Securities Co. Ltd.,381,310.8,118414.8,2025-07-31 14:09:44.056325
2025-07-31,48670,2025073104021475,API,Sumeru Securities Pvt. Ltd.,Naasa Securities Co. Ltd.,63,310.8,19580.4,2025-07-31 14:09:44.056761
2025-07-31,48669,2025073104021476,API,Sumeru Securities Pvt. Ltd.,Miyo Securities Pvt Ltd,1500,310.9,466350.0,2025-07-31 14:09:44.056963
2025-07-31,48668,2025073104021477,API,Sumeru Securities Pvt. Ltd.,Opal Securities Investment (PVT) Ltd.,650,311.0,202150.0,2025-07-31 14:09:44.057176
2025-07-31,48667,2025073104021478,API,Sumeru Securities Pvt. Ltd.,Deevyaa Securities & Stock House Pvt. Ltd,729,311.0,226719.0,2025-07-31 14:09:44.057398
2025-07-31,48666,2025073104021479,API,Sumeru Securities Pvt. Ltd.,Infinity Securities Limited,260,311.0,80860.0,2025-07-31 14:09:44.057626
2025-07-31,48665,2025073104021480,API,Sumeru Securities Pvt. Ltd.,Naasa Securities Co. Ltd.,14,311.0,4354.0,2025-07-31 14:09:44.057820
2025-07-31,48664,2025073104021481,API,Sumeru Securities Pvt. Ltd.,Linch Stock Market Ltd.,21,311.3,6537.3,2025-07-31 14:09:44.058012
2025-07-31,48663,2025073104021482,API,Sumeru Securities Pvt. Ltd.,Malla & Malla Stock Broking Company Pvt. Limited,239,311.5,74448.5,2025-07-31 14:09:44.058252
2025-07-31,48662,2025073104021483,API,Sumeru Securities Pvt. Ltd.,Sewa Securities Pvt. Ltd.,525,311.5,163537.5,2025-07-31 14:09:44.058521
2025-07-31,48661,2025073104021484,API,Sumeru Securities Pvt. Ltd.,Vision Securities Pvt. Ltd,30,312.0,9360.0,2025-07-31 14:09:44.058731
2025-07-31,48660,2025073104021485,API,Sumeru Securities Pvt. Ltd.,Primo Securities (PVT) Ltd.,1000,312.0,312000.0,2025-07-31 14:09:44.058917
2025-07-31,48659,2025073104021486,API,Sumeru Securities Pvt. Ltd.,Deevyaa Securities & Stock House Pvt. Ltd,800,312.0,249600.0,2025-07-31 14:09:44.059130
2025-07-31,48658,2025073104021487,API,Sumeru Securities Pvt. Ltd.,Siprabi Securities Pvt. Ltd.,100,312.0,31200.0,2025-07-31 14:09:44.059418
2025-07-31,48657,2025073104021488,API,Sumeru Securities Pvt. Ltd.,Vision Securities Pvt. Ltd,1000,312.0,312000.0,2025-07-31 14:09:44.059648
2025-07-31,48656,2025073104021489,API,Sumeru Securities Pvt. Ltd.,Kumari Securities Private Limited,149,312.0,46488.0,2025-07-31 14:09:44.059858
2025-07-31,48655,2025073104021490,API,Sumeru Securities Pvt. Ltd.,Thrive Brokerage House Pvt. Ltd,340,312.0,106080.0,2025-07-31 14:09:44.060103
2025-07-31,48654,2025073104021491,API,Sumeru Securities Pvt. Ltd.,Linch Stock Market Ltd.,300,312.0,93600.0,2025-07-31 14:09:44.060299
2025-07-31,48653,2025073104021492,API,Sumeru Securities Pvt. Ltd.,Trishakti Securities Public Limited,1000,312.0,312000.0,2025-07-31 14:09:44.060633
2025-07-31,48652,2025073104021493,API,Sumeru Securities Pvt. Ltd.,Oxford Securities Pvt. Ltd.,183,312.0,57096.0,2025-07-31 14:09:44.060910
2025-07-31,48651,2025073104021494,API,Sumeru Securities Pvt. Ltd.,Vision Securities Pvt. Ltd,40,312.0,12480.0,2025-07-31 14:09:44.061139
2025-07-31,48650,2025073104021495,API,Sumeru Securities Pvt. Ltd.,Nepal Stock House (PVT) Ltd.,317,312.0,98904.0,2025-07-31 14:09:44.061429
2025-07-31,48649,2025073104021496,API,Sumeru Securities Pvt. Ltd.,Trisul Securities & Invt. Ltd.,1000,312.0,312000.0,2025-07-31 14:09:44.061671
2025-07-31,48648,2025073104021497,API,Sumeru Securities Pvt. Ltd.,Primo Securities (PVT) Ltd.,500,312.0,156000.0,2025-07-31 14:09:44.061916
2025-07-31,48647,2025073104021498,API,Sumeru Securities Pvt. Ltd.,Sani Securities Company Ltd.,1000,312.0,312000.0,2025-07-31 14:09:44.062203
2025-07-31,48646,2025073104021499,API,Sumeru Securities Pvt. Ltd.,Imperial Securities Company Pvt. Ltd.,1000,312.0,312000.0,2025-07-31 14:09:44.062472
2025-07-31,48645,2025073104021500,API,Sumeru Securities Pvt. Ltd.,Online Securities Pvt. Ltd.,120,312.0,37440.0,2025-07-31 14:09:44.062697
2025-07-31,48644,2025073104021501,API,Sumeru Securities Pvt. Ltd.,Sagarmatha Securities Private Limited,200,312.0,62400.0,2025-07-31 14:09:44.062996
2025-07-31,48643,2025073104021502,API,Sumeru Securities Pvt. Ltd.,Secured Securities Ltd.,185,312.0,57720.0,2025-07-31 14:09:44.063262
2025-07-31,48285,2025073104021581,API,Aryatara Investment & Securities,Bhrikuti Stock Broking Co. Pvt. Ltd.,50,310.0,15500.0,2025-07-31 14:10:45.277934
2025-07-31,48284,2025073104021582,API,Deevyaa Securities & Stock House Pvt. Ltd,Bhrikuti Stock Broking Co. Pvt. Ltd.,20,310.0,6200.0,2025-07-31 14:10:45.278353
2025-07-31,47588,2025073104021675,API,Vision Securities Pvt. Ltd,K.B.L. Securities Limited ,200,310.0,62000.0,2025-07-31 14:11:41.742024
2025-07-31,47580,2025073104021679,API,Sumeru Securities Pvt. Ltd.,K.B.L. Securities Limited ,800,310.0,248000.0,2025-07-31 14:11:42.514166
2025-07-31,47458,2025073104021701,API,Himalayan Brokerage Company Limited,Naasa Securities Co. Ltd.,8,305.0,2440.0,2025-07-31 14:11:59.895287
2025-07-31,47394,2025073104021727,API,Kalika Securities Pvt. Ltd.,Secured Securities Ltd.,100,310.0,31000.0,2025-07-31 14:12:08.918952
2025-07-31,47354,2025073104021738,API,Vision Securities Pvt. Ltd,Secured Securities Ltd.,100,310.0,31000.0,2025-07-31 14:12:13.998758
2025-07-31,47299,2025073104021750,API,Dakshinkali Investment & Securities Pvt. Ltd.,Imperial Securities Company Pvt. Ltd.,25,309.5,7737.5,2025-07-31 14:12:24.785283
2025-07-31,46789,2025073104021840,API,Sumeru Securities Pvt. Ltd.,Secured Securities Ltd.,1598,310.0,495380.0,2025-07-31 14:13:51.015160
2025-07-31,46788,2025073104021841,API,Sumeru Securities Pvt. Ltd.,Midas Stock Broking Company Private Limited,109,310.0,33790.0,2025-07-31 14:13:51.015619
2025-07-31,46787,2025073104021842,API,Sumeru Securities Pvt. Ltd.,Dakshinkali Investment & Securities Pvt. Ltd.,500,310.0,155000.0,2025-07-31 14:13:51.015817
2025-07-31,46330,2025073104021942,API,Dakshinkali Investment & Securities Pvt. Ltd.,Kalika Securities Pvt. Ltd.,300,309.5,92850.0,2025-07-31 14:14:57.323140
2025-07-31,46133,2025073104021981,API,Bhrikuti Stock Broking Co. Pvt. Ltd.,Dakshinkali Investment & Securities Pvt. Ltd.,56,311.0,17416.0,2025-07-31 14:15:25.362554
2025-07-31,46132,2025073104021982,API,Bhrikuti Stock Broking Co. Pvt. Ltd.,Dipshikha Dhitopatra Karobar Co. Pvt Ltd.,210,311.0,65310.0,2025-07-31 14:15:25.363547
2025-07-31,45998,2025073104022004,API,Bhrikuti Stock Broking Co. Pvt. Ltd.,Naasa Securities Co. Ltd.,600,311.0,186600.0,2025-07-31 14:15:38.775175
2025-07-31,45848,2025073104022038,API,Bhrikuti Stock Broking Co. Pvt. Ltd.,Dynamic Money Managers Securities Pvt. Ltd.,137,311.0,42607.0,2025-07-31 14:15:54.393448
2025-07-31,45597,2025073104022084,API,Opal Securities Investment (PVT) Ltd.,Dynamic Money Managers Securities Pvt. Ltd.,30,311.0,9330.0,2025-07-31 14:16:32.876262
2025-07-31,45595,2025073104022085,API,Deevyaa Securities & Stock House Pvt. Ltd,Linch Stock Market Ltd.,1,306.0,306.0,2025-07-31 14:16:33.193721
2025-07-31,45035,2025073104022219,API,Bhrikuti Stock Broking Co. Pvt. Ltd.,Nepal Stock House (PVT) Ltd.,10,310.8,3108.0,2025-07-31 14:17:21.897186
2025-07-31,44993,2025073104022224,API,Deevyaa Securities & Stock House Pvt. Ltd,Dynamic Money Managers Securities Pvt. Ltd.,330,310.0,102300.0,2025-07-31 14:17:29.325554
2025-07-31,44992,2025073104022225,API,Aakashbhairab Securities Ltd.,Dynamic Money Managers Securities Pvt. Ltd.,97,310.0,30070.0,2025-07-31 14:17:29.326406
2025-07-31,44991,2025073104022226,API,Trishakti Securities Public Limited,Dynamic Money Managers Securities Pvt. Ltd.,63,310.0,19530.0,2025-07-31 14:17:29.327043
2025-07-31,44990,2025073104022227,API,Asian Securities Private Ltd.,Dynamic Money Managers Securities Pvt. Ltd.,13,310.0,4030.0,2025-07-31 14:17:29.327420
2025-07-31,44989,2025073104022228,API,Opal Securities Investment (PVT) Ltd.,Dynamic Money Managers Securities Pvt. Ltd.,23,310.0,7130.0,2025-07-31 14:17:29.327731
2025-07-31,44758,2025073104022259,API,Opal Securities Investment (PVT) Ltd.,Bhrikuti Stock Broking Co. Pvt. Ltd.,80,310.0,24800.0,2025-07-31 14:18:00.501581
2025-07-31,44522,2025073104022307,API,Opal Securities Investment (PVT) Ltd.,Kumari Securities Private Limited,100,310.0,31000.0,2025-07-31 14:18:29.968610
2025-07-31,44317,2025073104022358,API,SHUBHAKAMANA SECURITIES PVT. LTD,Nepal Stock House (PVT) Ltd.,39,310.8,12121.2,2025-07-31 14:18:59.453655
2025-07-31,44316,2025073104022359,API,SHUBHAKAMANA SECURITIES PVT. LTD,Naasa Securities Co. Ltd.,385,312.0,120120.0,2025-07-31 14:18:59.454151
2025-07-31,44315,2025073104022360,API,SHUBHAKAMANA SECURITIES PVT. LTD,ABC Securities Private Limited,300,312.0,93600.0,2025-07-31 14:18:59.454383
2025-07-31,44314,2025073104022361,API,SHUBHAKAMANA SECURITIES PVT. LTD,S.P.S.A. Securities Limited,10,312.0,3120.0,2025-07-31 14:18:59.454657
2025-07-31,44313,2025073104022362,API,SHUBHAKAMANA SECURITIES PVT. LTD,Dynamic Money Managers Securities Pvt. Ltd.,31,312.0,9672.0,2025-07-31 14:18:59.454907
2025-07-31,44312,2025073104022363,API,SHUBHAKAMANA SECURITIES PVT. LTD,Opal Securities Investment (PVT) Ltd.,435,312.0,135720.0,2025-07-31 14:18:59.455196
2025-07-31,43806,2025073104022473,API,Opal Securities Investment (PVT) Ltd.,Dipshikha Dhitopatra Karobar Co. Pvt Ltd.,90,310.0,27900.0,2025-07-31 14:20:03.215224
2025-07-31,43803,2025073104022474,API,Opal Securities Investment (PVT) Ltd.,Naasa Securities Co. Ltd.,57,310.0,17670.0,2025-07-31 14:20:05.360360
2025-07-31,43802,2025073104022475,API,Aakashbhairab Securities Ltd.,Naasa Securities Co. Ltd.,35,310.0,10850.0,2025-07-31 14:20:05.360804
2025-07-31,43801,2025073104022476,API,Linch Stock Market Ltd.,Naasa Securities Co. Ltd.,38,310.0,11780.0,2025-07-31 14:20:05.361009
2025-07-31,43790,2025073104022483,API,Linch Stock Market Ltd.,Nepal Stock House (PVT) Ltd.,50,310.0,15500.0,2025-07-31 14:20:07.304502
2025-07-31,43677,2025073104022521,API,Linch Stock Market Ltd.,Aakashbhairab Securities Ltd.,100,310.0,31000.0,2025-07-31 14:20:22.502601
2025-07-31,42974,2025073104022666,API,Linch Stock Market Ltd.,Dakshinkali Investment & Securities Pvt. Ltd.,312,310.0,96720.0,2025-07-31 14:21:52.386460
2025-07-31,42973,2025073104022667,API,Sani Securities Company Ltd.,Dakshinkali Investment & Securities Pvt. Ltd.,330,310.0,102300.0,2025-07-31 14:21:52.386901
2025-07-31,42602,2025073104022753,API,Sumeru Securities Pvt. Ltd.,Sundhara Securities Limited,50,309.7,15485.0,2025-07-31 14:22:31.603684
2025-07-31,42237,2025073104022806,API,Sumeru Securities Pvt. Ltd.,Ashutosh Brokerage & Securities (PVT) Ltd.,250,309.7,77425.0,2025-07-31 14:23:01.331239
2025-07-31,41922,2025073104022874,API,Imperial Securities Company Pvt. Ltd.,Premier Securities Company Ltd.,30,310.0,9300.0,2025-07-31 14:23:32.988137
2025-07-31,41293,2025073104022980,API,Sumeru Securities Pvt. Ltd.,Creative Securities Pvt Ltd,100,309.7,30970.0,2025-07-31 14:24:22.766875
2025-07-31,41292,2025073104022981,API,J.F. Securites (PVT) Ltd.,Creative Securities Pvt Ltd,100,309.6,30960.0,2025-07-31 14:24:22.767777
2025-07-31,41291,2025073104022982,API,Sani Securities Company Ltd.,Creative Securities Pvt Ltd,80,309.6,24768.0,2025-07-31 14:24:22.768442
2025-07-31,41290,2025073104022983,API,Linch Stock Market Ltd.,Creative Securities Pvt Ltd,132,309.6,40867.2,2025-07-31 14:24:22.769053
2025-07-31,41076,2025073104023028,API,Market Securities & Exchange (PVT) Ltd.,ABC Securities Private Limited,65,310.0,20150.0,2025-07-31 14:24:45.816053
2025-07-31,40846,2025073104023061,API,Shree Krishna Securities Ltd.,Premier Securities Company Ltd.,4,304.0,1216.0,2025-07-31 14:25:07.641168
2025-07-31,39913,2025073104023310,API,ABC Securities Private Limited,ABC Securities Private Limited,35,310.0,10850.0,2025-07-31 14:26:36.729088
2025-07-31,39912,2025073104023311,API,ABC Securities Private Limited,Secured Securities Ltd.,100,310.0,31000.0,2025-07-31 14:26:36.729563
2025-07-31,39911,2025073104023312,API,ABC Securities Private Limited,Opal Securities Investment (PVT) Ltd.,800,310.0,248000.0,2025-07-31 14:26:36.729779
2025-07-31,39910,2025073104023313,API,ABC Securities Private Limited,Cristal Kanchanjanga Securites Pvt. Ltd.,565,310.0,175150.0,2025-07-31 14:26:36.729980
2025-07-31,39662,2025073104023390,API,Linch Stock Market Ltd.,Online Securities Pvt. Ltd.,168,309.6,52012.8,2025-07-31 14:26:59.917304
2025-07-31,39661,2025073104023391,API,Dakshinkali Investment & Securities Pvt. Ltd.,Online Securities Pvt. Ltd.,4675,309.5,1446912.5,2025-07-31 14:26:59.917732
2025-07-31,39660,2025073104023392,API,Sundhara Securities Limited,Online Securities Pvt. Ltd.,113,309.2,34939.6,2025-07-31 14:26:59.917949
2025-07-31,39659,2025073104023393,API,Nepal Investment And Securities Trading Private Limited,Online Securities Pvt. Ltd.,20,309.2,6184.0,2025-07-31 14:26:59.918150
2025-07-31,39657,2025073104023394,API,ABC Securities Private Limited,Online Securities Pvt. Ltd.,300,309.2,92760.0,2025-07-31 14:26:59.918364
2025-07-31,39656,2025073104023395,API,Imperial Securities Company Pvt. Ltd.,Online Securities Pvt. Ltd.,200,309.0,61800.0,2025-07-31 14:26:59.918566
2025-07-31,39655,2025073104023396,API,Premier Securities Company Ltd.,Online Securities Pvt. Ltd.,40,309.0,12360.0,2025-07-31 14:26:59.918774
2025-07-31,39654,2025073104023397,API,Vision Securities Pvt. Ltd,Online Securities Pvt. Ltd.,50,309.0,15450.0,2025-07-31 14:26:59.918979
2025-07-31,39653,2025073104023398,API,Naasa Securities Co. Ltd.,Online Securities Pvt. Ltd.,10,309.0,3090.0,2025-07-31 14:26:59.919184
2025-07-31,39652,2025073104023399,API,Naasa Securities Co. Ltd.,Online Securities Pvt. Ltd.,162,309.0,50058.0,2025-07-31 14:26:59.919551
2025-07-31,39651,2025073104023400,API,ABC Securities Private Limited,Online Securities Pvt. Ltd.,2000,309.0,618000.0,2025-07-31 14:26:59.919759
2025-07-31,39650,2025073104023401,API,Imperial Securities Company Pvt. Ltd.,Online Securities Pvt. Ltd.,80,309.0,24720.0,2025-07-31 14:26:59.919962
2025-07-31,39649,2025073104023402,API,Sewa Securities Pvt. Ltd.,Online Securities Pvt. Ltd.,300,309.0,92700.0,2025-07-31 14:26:59.920169
2025-07-31,39648,2025073104023403,API,Garima Securities Limited,Online Securities Pvt. Ltd.,500,309.0,154500.0,2025-07-31 14:26:59.920375
2025-07-31,39647,2025073104023404,API,Sewa Securities Pvt. Ltd.,Online Securities Pvt. Ltd.,160,309.0,49440.0,2025-07-31 14:26:59.920595
2025-07-31,39646,2025073104023405,API,Kalika Securities Pvt. Ltd.,Online Securities Pvt. Ltd.,500,309.0,154500.0,2025-07-31 14:26:59.920842
2025-07-31,39645,2025073104023406,API,Kumari Securities Private Limited,Online Securities Pvt. Ltd.,100,309.0,30900.0,2025-07-31 14:26:59.921066
2025-07-31,39644,2025073104023407,API,Sundhara Securities Limited,Online Securities Pvt. Ltd.,264,309.0,81576.0,2025-07-31 14:26:59.921284
2025-07-31,39643,2025073104023408,API,KALASH STOCK MARKET PVT. LTD.,Online Securities Pvt. Ltd.,200,309.0,61800.0,2025-07-31 14:26:59.921507
2025-07-31,38858,2025073104023649,API,Dynamic Money Managers Securities Pvt. Ltd.,S.P.S.A. Securities Limited,350,308.8,108080.0,2025-07-31 14:28:07.944641
2025-07-31,38857,2025073104023650,API,J.F. Securites (PVT) Ltd.,S.P.S.A. Securities Limited,200,308.7,61740.0,2025-07-31 14:28:07.944711
2025-07-31,38856,2025073104023651,API,Deevyaa Securities & Stock House Pvt. Ltd,S.P.S.A. Securities Limited,100,308.6,30860.0,2025-07-31 14:28:07.944744
2025-07-31,38855,2025073104023652,API,Siprabi Securities Pvt. Ltd.,S.P.S.A. Securities Limited,50,308.5,15425.0,2025-07-31 14:28:07.944772
2025-07-31,38854,2025073104023653,API,Dakshinkali Investment & Securities Pvt. Ltd.,S.P.S.A. Securities Limited,500,308.5,154250.0,2025-07-31 14:28:07.944799
2025-07-31,38853,2025073104023654,API,Sani Securities Company Ltd.,S.P.S.A. Securities Limited,98,308.0,30184.0,2025-07-31 14:28:07.944826
2025-07-31,38852,2025073104023655,API,Online Securities Pvt. Ltd.,S.P.S.A. Securities Limited,10,308.0,3080.0,2025-07-31 14:28:07.944857
2025-07-31,38851,2025073104023656,API,Naasa Securities Co. Ltd.,S.P.S.A. Securities Limited,75,308.0,23100.0,2025-07-31 14:28:07.944880
2025-07-31,38850,2025073104023657,API,Vision Securities Pvt. Ltd,S.P.S.A. Securities Limited,30,308.0,9240.0,2025-07-31 14:28:07.944907
2025-07-31,38849,2025073104023658,API,Naasa Securities Co. Ltd.,S.P.S.A. Securities Limited,500,308.0,154000.0,2025-07-31 14:28:07.944932
2025-07-31,38848,2025073104023659,API,Aryatara Investment & Securities,S.P.S.A. Securities Limited,200,308.0,61600.0,2025-07-31 14:28:07.944959
2025-07-31,38847,2025073104023660,API,Investment Management Nepal Pvt. Ltd.,S.P.S.A. Securities Limited,200,308.0,61600.0,2025-07-31 14:28:07.944984
2025-07-31,38846,2025073104023661,API,Opal Securities Investment (PVT) Ltd.,S.P.S.A. Securities Limited,687,308.0,211596.0,2025-07-31 14:28:07.945008
2025-07-31,38285,2025073104023839,API,Deevyaa Securities & Stock House Pvt. Ltd,Asian Securities Private Ltd.,100,308.1,30810.0,2025-07-31 14:28:56.074958
2025-07-31,38284,2025073104023840,API,Opal Securities Investment (PVT) Ltd.,Asian Securities Private Ltd.,213,308.0,65604.0,2025-07-31 14:28:56.075497
2025-07-31,38283,2025073104023841,API,Neev Securities Pvt. Ltd.,Asian Securities Private Ltd.,400,308.0,123200.0,2025-07-31 14:28:56.076101
2025-07-31,38282,2025073104023842,API,Sundhara Securities Limited,Asian Securities Private Ltd.,10,308.0,3080.0,2025-07-31 14:28:56.076698
2025-07-31,38072,2025073104023886,API,Magnet Securities and Investment Company Private Limited,Asian Securities Private Ltd.,100,308.0,30800.0,2025-07-31 14:29:16.540339
2025-07-31,37329,2025073104024041,API,Sumeru Securities Pvt. Ltd.,Vision Securities Pvt. Ltd,25,307.9,7697.5,2025-07-31 14:30:25.991636
2025-07-31,37328,2025073104024042,API,Sumeru Securities Pvt. Ltd.,Asian Securities Private Ltd.,1167,308.0,359436.0,2025-07-31 14:30:25.992091
2025-07-31,37251,2025073104024067,API,Sumeru Securities Pvt. Ltd.,Vision Securities Pvt. Ltd,915,308.0,281820.0,2025-07-31 14:30:32.519156
2025-07-31,36263,2025073104024299,API,Dynamic Money Managers Securities Pvt. Ltd.,Siprabi Securities Pvt. Ltd.,17,308.0,5236.0,2025-07-31 14:32:00.897538
2025-07-31,36189,2025073104024318,API,Sani Securities Company Ltd.,Siprabi Securities Pvt. Ltd.,20,308.0,6160.0,2025-07-31 14:32:06.817404
2025-07-31,36040,2025073104024345,API,Sri Hari Securities Pvt. Ltd.,Siprabi Securities Pvt. Ltd.,13,308.0,4004.0,2025-07-31 14:32:18.977560
2025-07-31,36039,2025073104024346,API,Sri Hari Securities Pvt. Ltd.,Sewa Securities Pvt. Ltd.,300,308.0,92400.0,2025-07-31 14:32:18.978043
2025-07-31,36038,2025073104024347,API,Sri Hari Securities Pvt. Ltd.,Nepal Investment And Securities Trading Private Limited,187,308.0,57596.0,2025-07-31 14:32:18.978264
2025-07-31,35929,2025073104024370,API,Bhrikuti Stock Broking Co. Pvt. Ltd.,Linch Stock Market Ltd.,90,307.7,27693.0,2025-07-31 14:32:27.414201
2025-07-31,34945,2025073104024664,API,Bhrikuti Stock Broking Co. Pvt. Ltd.,Capital Max Securities Ltd,100,307.7,30770.0,2025-07-31 14:33:42.292278
2025-07-31,34862,2025073104024675,API,Bhrikuti Stock Broking Co. Pvt. Ltd.,Nepal Investment And Securities Trading Private Limited,200,307.7,61540.0,2025-07-31 14:33:46.223217
2025-07-31,33792,2025073104024928,API,Cristal Kanchanjanga Securites Pvt. Ltd.,Nepal Investment And Securities Trading Private Limited,1000,307.8,307800.0,2025-07-31 14:34:52.609859
2025-07-31,33791,2025073104024929,API,Bhrikuti Stock Broking Co. Pvt. Ltd.,Nepal Investment And Securities Trading Private Limited,610,307.7,187697.0,2025-07-31 14:34:52.610808
2025-07-31,33790,2025073104024930,API,Naasa Securities Co. Ltd.,Nepal Investment And Securities Trading Private Limited,60,307.7,18462.0,2025-07-31 14:34:52.611484
2025-07-31,33789,2025073104024931,API,Imperial Securities Company Pvt. Ltd.,Nepal Investment And Securities Trading Private Limited,203,307.3,62381.9,2025-07-31 14:34:52.612147
2025-07-31,33276,2025073104025094,API,Ashutosh Brokerage & Securities (PVT) Ltd.,Nepal Investment And Securities Trading Private Limited,370,307.7,113849.0,2025-07-31 14:35:29.611185
2025-07-31,33123,2025073104025125,API,Ashutosh Brokerage & Securities (PVT) Ltd.,Siprabi Securities Pvt. Ltd.,215,307.7,66155.5,2025-07-31 14:35:39.131455
2025-07-31,32737,2025073104025259,API,Ashutosh Brokerage & Securities (PVT) Ltd.,Trishakti Securities Public Limited,500,307.7,153850.0,2025-07-31 14:36:10.994270
2025-07-31,32598,2025073104025303,API,Ashutosh Brokerage & Securities (PVT) Ltd.,Sani Securities Company Ltd.,536,307.7,164927.2,2025-07-31 14:36:20.136189
2025-07-31,31953,2025073104025425,API,Imperial Securities Company Pvt. Ltd.,Magnet Securities and Investment Company Private Limited,297,307.3,91268.1,2025-07-31 14:37:07.392482
2025-07-31,31952,2025073104025426,API,Aryatara Investment & Securities,Magnet Securities and Investment Company Private Limited,200,307.3,61460.0,2025-07-31 14:37:07.392935
2025-07-31,31951,2025073104025427,API,Sagarmatha Securities Private Limited,Magnet Securities and Investment Company Private Limited,500,307.3,153650.0,2025-07-31 14:37:07.393217
2025-07-31,31930,2025073104025438,API,Aryatara Investment & Securities,Sani Securities Company Ltd.,10,307.7,3077.0,2025-07-31 14:37:09.411016
2025-07-31,31736,2025073104025478,API,Deevyaa Securities & Stock House Pvt. Ltd,Imperial Securities Company Pvt. Ltd.,1,302.0,302.0,2025-07-31 14:37:21.252386
2025-07-31,31695,2025073104025490,API,Sumeru Securities Pvt. Ltd.,Sani Securities Company Ltd.,454,307.7,139695.8,2025-07-31 14:37:23.804915
2025-07-31,31694,2025073104025491,API,Sumeru Securities Pvt. Ltd.,Nepal Investment And Securities Trading Private Limited,100,307.9,30790.0,2025-07-31 14:37:23.805848
2025-07-31,31580,2025073104025528,API,Sumeru Securities Pvt. Ltd.,Shree Krishna Securities Ltd.,1150,307.9,354085.0,2025-07-31 14:37:32.076540
2025-07-31,31299,2025073104025583,API,Sumeru Securities Pvt. Ltd.,Dakshinkali Investment & Securities Pvt. Ltd.,107,308.0,32956.0,2025-07-31 14:37:51.960892
2025-07-31,30817,2025073104025759,API,Cristal Kanchanjanga Securites Pvt. Ltd.,ABC Securities Private Limited,45,307.2,13824.0,2025-07-31 14:38:27.856374
2025-07-31,30183,2025073104025903,API,Siprabi Securities Pvt. Ltd.,Trishakti Securities Public Limited,15,307.3,4609.5,2025-07-31 14:39:20.560005
2025-07-31,29980,2025073104025952,API,Premier Securities Company Ltd.,K.B.L. Securities Limited ,135,307.4,41499.0,2025-07-31 14:39:39.549022
2025-07-31,29856,2025073104025988,API,Nepal Investment And Securities Trading Private Limited,Dakshinkali Investment & Securities Pvt. Ltd.,17,308.0,5236.0,2025-07-31 14:39:52.132609
2025-07-31,29828,2025073104025998,API,Premier Securities Company Ltd.,Dakshinkali Investment & Securities Pvt. Ltd.,176,308.0,54208.0,2025-07-31 14:39:53.967987
2025-07-31,29827,2025073104025999,API,Premier Securities Company Ltd.,Imperial Securities Company Pvt. Ltd.,123,308.0,37884.0,2025-07-31 14:39:53.968535
2025-07-31,29309,2025073104026127,API,Pragyan Securities (PVT) Ltd.,K.B.L. Securities Limited ,50,307.5,15375.0,2025-07-31 14:40:39.705636
2025-07-31,29308,2025073104026128,API,Naasa Securities Co. Ltd.,K.B.L. Securities Limited ,22,307.5,6765.0,2025-07-31 14:40:39.706132
2025-07-31,28925,2025073104026223,API,Naasa Securities Co. Ltd.,Kohinoor Investment & Securities Pvt. Ltd.,48,307.5,14760.0,2025-07-31 14:41:10.725152
2025-07-31,28924,2025073104026224,API,Premier Securities Company Ltd.,Kohinoor Investment & Securities Pvt. Ltd.,215,307.4,66091.0,2025-07-31 14:41:10.726094
2025-07-31,28923,2025073104026225,API,Siprabi Securities Pvt. Ltd.,Kohinoor Investment & Securities Pvt. Ltd.,115,307.3,35339.5,2025-07-31 14:41:10.726778
2025-07-31,28922,2025073104026226,API,Cristal Kanchanjanga Securites Pvt. Ltd.,Kohinoor Investment & Securities Pvt. Ltd.,145,307.2,44544.0,2025-07-31 14:41:10.727429
2025-07-31,28921,2025073104026227,API,Sharepro Securities Private Limited,Kohinoor Investment & Securities Pvt. Ltd.,130,307.2,39936.0,2025-07-31 14:41:10.728098
2025-07-31,28920,2025073104026228,API,Linch Stock Market Ltd.,Kohinoor Investment & Securities Pvt. Ltd.,100,307.2,30720.0,2025-07-31 14:41:10.729035
2025-07-31,28919,2025073104026229,API,Naasa Securities Co. Ltd.,Kohinoor Investment & Securities Pvt. Ltd.,200,307.2,61440.0,2025-07-31 14:41:10.729776
2025-07-31,28918,2025073104026230,API,Primo Securities (PVT) Ltd.,Kohinoor Investment & Securities Pvt. Ltd.,20,307.1,6142.0,2025-07-31 14:41:10.730450
2025-07-31,28917,2025073104026231,API,Linch Stock Market Ltd.,Kohinoor Investment & Securities Pvt. Ltd.,300,307.1,92130.0,2025-07-31 14:41:10.731076
2025-07-31,28916,2025073104026232,API,Linch Stock Market Ltd.,Kohinoor Investment & Securities Pvt. Ltd.,350,307.1,107485.0,2025-07-31 14:41:10.731751
2025-07-31,28915,2025073104026233,API,Sani Securities Company Ltd.,Kohinoor Investment & Securities Pvt. Ltd.,500,307.1,153550.0,2025-07-31 14:41:10.732338
2025-07-31,28914,2025073104026234,API,Sani Securities Company Ltd.,Kohinoor Investment & Securities Pvt. Ltd.,50,307.1,15355.0,2025-07-31 14:41:10.732552
2025-07-31,28913,2025073104026235,API,Sharepro Securities Private Limited,Kohinoor Investment & Securities Pvt. Ltd.,327,307.1,100421.7,2025-07-31 14:41:10.732758
2025-07-31,28826,2025073104026267,API,Agrawal Securities (PVT) Ltd.,Nepal Investment And Securities Trading Private Limited,75,307.9,23092.5,2025-07-31 14:41:16.559289
2025-07-31,28825,2025073104026268,API,Agrawal Securities (PVT) Ltd.,Imperial Securities Company Pvt. Ltd.,25,308.0,7700.0,2025-07-31 14:41:16.559793
2025-07-31,28812,2025073104026272,API,Investment Management Nepal Pvt. Ltd.,Imperial Securities Company Pvt. Ltd.,1000,308.0,308000.0,2025-07-31 14:41:17.948768
2025-07-31,28329,2025073104026422,API,Sharepro Securities Private Limited,Oxford Securities Pvt. Ltd.,300,307.1,92130.0,2025-07-31 14:41:58.448813
2025-07-31,28278,2025073104026424,API,Sharepro Securities Private Limited,Neev Securities Pvt. Ltd.,373,307.1,114548.3,2025-07-31 14:42:02.435514
2025-07-31,28277,2025073104026425,API,Bhrikuti Stock Broking Co. Pvt. Ltd.,Neev Securities Pvt. Ltd.,56,307.0,17192.0,2025-07-31 14:42:02.435567
2025-07-31,28276,2025073104026426,API,Online Securities Pvt. Ltd.,Neev Securities Pvt. Ltd.,200,307.0,61400.0,2025-07-31 14:42:02.435599
2025-07-31,28275,2025073104026427,API,Sumeru Securities Pvt. Ltd.,Neev Securities Pvt. Ltd.,100,307.0,30700.0,2025-07-31 14:42:02.435630
2025-07-31,28274,2025073104026428,API,Sri Hari Securities Pvt. Ltd.,Neev Securities Pvt. Ltd.,97,307.0,29779.0,2025-07-31 14:42:02.435660
2025-07-31,28273,2025073104026429,API,Sanima Securities Limited,Neev Securities Pvt. Ltd.,300,307.0,92100.0,2025-07-31 14:42:02.435707
2025-07-31,28272,2025073104026430,API,Vision Securities Pvt. Ltd,Neev Securities Pvt. Ltd.,350,307.0,107450.0,2025-07-31 14:42:02.435751
2025-07-31,28271,2025073104026431,API,Sri Hari Securities Pvt. Ltd.,Neev Securities Pvt. Ltd.,24,307.0,7368.0,2025-07-31 14:42:02.435785
2025-07-31,28166,2025073104026452,API,Online Securities Pvt. Ltd.,Online Securities Pvt. Ltd.,10,307.0,3070.0,2025-07-31 14:42:13.827229
2025-07-31,28165,2025073104026453,API,Asian Securities Private Ltd.,Online Securities Pvt. Ltd.,27,307.0,8289.0,2025-07-31 14:42:13.827731
2025-07-31,27560,2025073104026630,API,Imperial Securities Company Pvt. Ltd.,Asian Securities Private Ltd.,77,307.1,23646.7,2025-07-31 14:43:00.616554
2025-07-31,27455,2025073104026657,API,Dipshikha Dhitopatra Karobar Co. Pvt Ltd.,Imperial Securities Company Pvt. Ltd.,12,308.0,3696.0,2025-07-31 14:43:09.111242
2025-07-31,27454,2025073104026658,API,Dipshikha Dhitopatra Karobar Co. Pvt Ltd.,Kumari Securities Private Limited,20,308.0,6160.0,2025-07-31 14:43:09.111713
2025-07-31,26963,2025073104026795,API,Trishakti Securities Public Limited,Naasa Securities Co. Ltd.,61,307.2,18739.2,2025-07-31 14:43:48.828618
2025-07-31,25937,2025073104027096,API,Trishakti Securities Public Limited,Nepal Investment And Securities Trading Private Limited,439,307.2,134860.8,2025-07-31 14:44:47.844514
2025-07-31,25936,2025073104027097,API,Pragyan Securities (PVT) Ltd.,Nepal Investment And Securities Trading Private Limited,50,307.2,15360.0,2025-07-31 14:44:47.845008
2025-07-31,25935,2025073104027098,API,Imperial Securities Company Pvt. Ltd.,Nepal Investment And Securities Trading Private Limited,423,307.1,129903.3,2025-07-31 14:44:47.845257
2025-07-31,25934,2025073104027099,API,Kalika Securities Pvt. Ltd.,Nepal Investment And Securities Trading Private Limited,100,307.1,30710.0,2025-07-31 14:44:47.845525
2025-07-31,25933,2025073104027100,API,ABC Securities Private Limited,Nepal Investment And Securities Trading Private Limited,500,307.1,153550.0,2025-07-31 14:44:47.845767
2025-07-31,25932,2025073104027101,API,Kohinoor Investment & Securities Pvt. Ltd.,Nepal Investment And Securities Trading Private Limited,500,307.1,153550.0,2025-07-31 14:44:47.846003
2025-07-31,25883,2025073104027112,API,Imperial Securities Company Pvt. Ltd.,Nepal Investment And Securities Trading Private Limited,488,307.1,149864.8,2025-07-31 14:44:52.640061
2025-07-31,25882,2025073104027113,API,Imperial Securities Company Pvt. Ltd.,Imperial Securities Company Pvt. Ltd.,300,307.1,92130.0,2025-07-31 14:44:52.640560
2025-07-31,25684,2025073104027169,API,Dynamic Money Managers Securities Pvt. Ltd.,Kumari Securities Private Limited,10,308.0,3080.0,2025-07-31 14:44:57.694432
2025-07-31,25472,2025073104027242,API,Asian Securities Private Ltd.,Kumari Securities Private Limited,183,308.0,56364.0,2025-07-31 14:45:08.781834
2025-07-31,25125,2025073104027363,API,Imperial Securities Company Pvt. Ltd.,South Asian Bulls Pvt. Ltd.,111,307.3,34110.3,2025-07-31 14:45:28.785028
2025-07-31,24724,2025073104027464,API,Trisul Securities & Invt. Ltd.,Kumari Securities Private Limited,200,308.0,61600.0,2025-07-31 14:45:49.715365
2025-07-31,24151,2025073104027563,API,Imperial Securities Company Pvt. Ltd.,Premier Securities Company Ltd.,101,307.3,31037.3,2025-07-31 14:46:18.182285
2025-07-31,24150,2025073104027564,API,Naasa Securities Co. Ltd.,Premier Securities Company Ltd.,240,307.2,73728.0,2025-07-31 14:46:18.182817
2025-07-31,23893,2025073104027655,API,Siprabi Securities Pvt. Ltd.,Premier Securities Company Ltd.,259,307.2,79564.8,2025-07-31 14:46:32.261818
2025-07-31,23892,2025073104027656,API,Siprabi Securities Pvt. Ltd.,Kumari Securities Private Limited,66,308.0,20328.0,2025-07-31 14:46:32.262192
2025-07-31,23435,2025073104027820,API,Miyo Securities Pvt Ltd,Nepal Stock House (PVT) Ltd.,78,307.1,23953.8,2025-07-31 14:46:59.258153
2025-07-31,23231,2025073104027903,API,Miyo Securities Pvt Ltd,Cristal Kanchanjanga Securites Pvt. Ltd.,422,307.1,129596.2,2025-07-31 14:47:05.736859
2025-07-31,23230,2025073104027904,API,Swarna Laxmi Securities Pvt. Ltd.,Cristal Kanchanjanga Securites Pvt. Ltd.,13,307.0,3991.0,2025-07-31 14:47:05.737326
2025-07-31,23079,2025073104027959,API,Online Securities Pvt. Ltd.,Kumari Securities Private Limited,118,308.0,36344.0,2025-07-31 14:47:14.752767
2025-07-31,22058,2025073104028287,API,Investment Management Nepal Pvt. Ltd.,Kumari Securities Private Limited,250,308.0,77000.0,2025-07-31 14:47:55.869306
2025-07-31,22016,2025073104028301,API,Naasa Securities Co. Ltd.,Online Securities Pvt. Ltd.,52,307.5,15990.0,2025-07-31 14:47:59.455804
2025-07-31,21382,2025073104028470,API,Swarna Laxmi Securities Pvt. Ltd.,Vision Securities Pvt. Ltd,987,307.0,303009.0,2025-07-31 14:48:26.269902
2025-07-31,21381,2025073104028471,API,Malla & Malla Stock Broking Company Pvt. Limited,Vision Securities Pvt. Ltd,100,307.0,30700.0,2025-07-31 14:48:26.270364
2025-07-31,21380,2025073104028472,API,Sri Hari Securities Pvt. Ltd.,Vision Securities Pvt. Ltd,100,307.0,30700.0,2025-07-31 14:48:26.270727
2025-07-31,21379,2025073104028473,API,Malla & Malla Stock Broking Company Pvt. Limited,Vision Securities Pvt. Ltd,313,307.0,96091.0,2025-07-31 14:48:26.270994
2025-07-31,21347,2025073104028483,API,Thrive Brokerage House Pvt. Ltd,Online Securities Pvt. Ltd.,662,307.1,203300.2,2025-07-31 14:48:27.965484
2025-07-31,21236,2025073104028506,API,Nepal Investment And Securities Trading Private Limited,Kumari Securities Private Limited,153,308.0,47124.0,2025-07-31 14:48:31.167104
2025-07-31,21235,2025073104028507,API,Nepal Investment And Securities Trading Private Limited,Neev Securities Pvt. Ltd.,100,308.0,30800.0,2025-07-31 14:48:31.167993
2025-07-31,21234,2025073104028508,API,Nepal Investment And Securities Trading Private Limited,Primo Securities (PVT) Ltd.,67,308.0,20636.0,2025-07-31 14:48:31.168651
2025-07-31,20720,2025073104028625,API,Imperial Securities Company Pvt. Ltd.,Vision Securities Pvt. Ltd,150,307.2,46080.0,2025-07-31 14:48:54.914913
2025-07-31,20118,2025073104028834,API,Imperial Securities Company Pvt. Ltd.,Aakashbhairab Securities Ltd.,130,307.2,39936.0,2025-07-31 14:49:20.001779
2025-07-31,20041,2025073104028857,API,Linch Stock Market Ltd.,Imperial Securities Company Pvt. Ltd.,200,307.3,61460.0,2025-07-31 14:49:23.061245
2025-07-31,20040,2025073104028858,API,Imperial Securities Company Pvt. Ltd.,Imperial Securities Company Pvt. Ltd.,720,307.2,221184.0,2025-07-31 14:49:23.062184
2025-07-31,20039,2025073104028859,API,Thrive Brokerage House Pvt. Ltd,Imperial Securities Company Pvt. Ltd.,1338,307.1,410899.8,2025-07-31 14:49:23.062847
2025-07-31,20038,2025073104028860,API,Linch Stock Market Ltd.,Imperial Securities Company Pvt. Ltd.,200,307.1,61420.0,2025-07-31 14:49:23.063504
2025-07-31,20037,2025073104028861,API,Malla & Malla Stock Broking Company Pvt. Limited,Imperial Securities Company Pvt. Ltd.,12,307.0,3684.0,2025-07-31 14:49:23.064138
2025-07-31,20036,2025073104028862,API,Midas Stock Broking Company Private Limited,Imperial Securities Company Pvt. Ltd.,100,307.0,30700.0,2025-07-31 14:49:23.064775
2025-07-31,20035,2025073104028863,API,Sani Securities Company Ltd.,Imperial Securities Company Pvt. Ltd.,130,307.0,39910.0,2025-07-31 14:49:23.065409
2025-07-31,19061,2025073104029104,API,Sani Securities Company Ltd.,Sagarmatha Securities Private Limited,370,307.0,113590.0,2025-07-31 14:50:01.190942
2025-07-31,19060,2025073104029105,API,Asian Securities Private Ltd.,Sagarmatha Securities Private Limited,1630,307.0,500410.0,2025-07-31 14:50:01.191439
2025-07-31,18837,2025073104029159,API,Asian Securities Private Ltd.,Kohinoor Investment & Securities Pvt. Ltd.,150,307.0,46050.0,2025-07-31 14:50:09.314687
2025-07-31,18553,2025073104029222,API,Asian Securities Private Ltd.,Vision Securities Pvt. Ltd,220,307.0,67540.0,2025-07-31 14:50:22.498181
2025-07-31,18552,2025073104029223,API,Pragyan Securities (PVT) Ltd.,Vision Securities Pvt. Ltd,27,307.0,8289.0,2025-07-31 14:50:22.498656
2025-07-31,18551,2025073104029224,API,R.B.B. Securities Company Ltd,Vision Securities Pvt. Ltd,30,307.0,9210.0,2025-07-31 14:50:22.498909
2025-07-31,18550,2025073104029225,API,Blue Chip Securities Ltd,Vision Securities Pvt. Ltd,100,307.0,30700.0,2025-07-31 14:50:22.499144
2025-07-31,18549,2025073104029226,API,Dynamic Money Managers Securities Pvt. Ltd.,Vision Securities Pvt. Ltd,18,307.0,5526.0,2025-07-31 14:50:22.499443
2025-07-31,18548,2025073104029227,API,Siprabi Securities Pvt. Ltd.,Vision Securities Pvt. Ltd,500,307.0,153500.0,2025-07-31 14:50:22.499731
2025-07-31,18547,2025073104029228,API,Naasa Securities Co. Ltd.,Vision Securities Pvt. Ltd,25,307.0,7675.0,2025-07-31 14:50:22.500051
2025-07-31,18546,2025073104029229,API,Primo Securities (PVT) Ltd.,Vision Securities Pvt. Ltd,80,307.0,24560.0,2025-07-31 14:50:22.500362
2025-07-31,17447,2025073104029532,API,Linch Stock Market Ltd.,Aryatara Investment & Securities,300,307.1,92130.0,2025-07-31 14:51:09.630496
2025-07-31,17446,2025073104029533,API,Primo Securities (PVT) Ltd.,Aryatara Investment & Securities,470,307.0,144290.0,2025-07-31 14:51:09.630925
2025-07-31,17445,2025073104029534,API,Primo Securities (PVT) Ltd.,Aryatara Investment & Securities,100,307.0,30700.0,2025-07-31 14:51:09.631152
2025-07-31,17444,2025073104029535,API,Miyo Securities Pvt Ltd,Aryatara Investment & Securities,630,307.0,193410.0,2025-07-31 14:51:09.631367
2025-07-31,17105,2025073104029628,API,Miyo Securities Pvt Ltd,Vision Securities Pvt. Ltd,1370,307.0,420590.0,2025-07-31 14:51:23.517868
2025-07-31,17104,2025073104029629,API,Sani Securities Company Ltd.,Vision Securities Pvt. Ltd,200,307.0,61400.0,2025-07-31 14:51:23.518285
2025-07-31,17103,2025073104029630,API,Agrawal Securities (PVT) Ltd.,Vision Securities Pvt. Ltd,200,307.0,61400.0,2025-07-31 14:51:23.518520
2025-07-31,17102,2025073104029631,API,Sweta Securities Private Limited,Vision Securities Pvt. Ltd,325,307.0,99775.0,2025-07-31 14:51:23.518747
2025-07-31,17101,2025073104029632,API,Vision Securities Pvt. Ltd,Vision Securities Pvt. Ltd,270,307.0,82890.0,2025-07-31 14:51:23.518963
2025-07-31,17100,2025073104029633,API,Linch Stock Market Ltd.,Vision Securities Pvt. Ltd,35,307.0,10745.0,2025-07-31 14:51:23.519181
2025-07-31,16632,2025073104029717,API,Linch Stock Market Ltd.,Sani Securities Company Ltd.,14,307.0,4298.0,2025-07-31 14:51:41.860738
2025-07-31,16631,2025073104029718,API,Kohinoor Investment & Securities Pvt. Ltd.,Sani Securities Company Ltd.,50,307.0,15350.0,2025-07-31 14:51:41.861634
2025-07-31,16630,2025073104029719,API,Opal Securities Investment (PVT) Ltd.,Sani Securities Company Ltd.,30,307.0,9210.0,2025-07-31 14:51:41.862266
2025-07-31,16629,2025073104029720,API,Hatemalo Financial Services Private Limited,Sani Securities Company Ltd.,20,306.7,6134.0,2025-07-31 14:51:41.862900
2025-07-31,16628,2025073104029721,API,Sani Securities Company Ltd.,Sani Securities Company Ltd.,37,306.6,11344.2,2025-07-31 14:51:41.863539
2025-07-31,16627,2025073104029722,API,Sweta Securities Private Limited,Sani Securities Company Ltd.,500,306.6,153300.0,2025-07-31 14:51:41.864147
2025-07-31,16626,2025073104029723,API,Dipshikha Dhitopatra Karobar Co. Pvt Ltd.,Sani Securities Company Ltd.,200,306.6,61320.0,2025-07-31 14:51:41.864772
2025-07-31,16625,2025073104029724,API,Neev Securities Pvt. Ltd.,Sani Securities Company Ltd.,149,306.5,45668.5,2025-07-31 14:51:41.865393
2025-07-31,16298,2025073104029801,API,Imperial Securities Company Pvt. Ltd.,Nepal Stock House (PVT) Ltd.,12,307.3,3687.6,2025-07-31 14:51:54.627616
2025-07-31,16297,2025073104029802,API,Imperial Securities Company Pvt. Ltd.,South Asian Bulls Pvt. Ltd.,110,307.5,33825.0,2025-07-31 14:51:54.628110
2025-07-31,16296,2025073104029803,API,Imperial Securities Company Pvt. Ltd.,Capital Max Securities Ltd,128,307.5,39360.0,2025-07-31 14:51:54.628488
2025-07-31,16286,2025073104029804,API,Cristal Kanchanjanga Securites Pvt. Ltd.,Naasa Securities Co. Ltd.,100,307.0,30700.0,2025-07-31 14:51:55.314117
2025-07-31,16234,2025073104029827,API,Cristal Kanchanjanga Securites Pvt. Ltd.,Vision Securities Pvt. Ltd,100,307.0,30700.0,2025-07-31 14:51:58.335114
2025-07-31,16233,2025073104029828,API,Dipshikha Dhitopatra Karobar Co. Pvt Ltd.,Vision Securities Pvt. Ltd,700,306.6,214620.0,2025-07-31 14:51:58.336034
2025-07-31,16232,2025073104029829,API,Neev Securities Pvt. Ltd.,Vision Securities Pvt. Ltd,9851,306.5,3019331.5,2025-07-31 14:51:58.336714
2025-07-31,16231,2025073104029830,API,Opal Securities Investment (PVT) Ltd.,Vision Securities Pvt. Ltd,449,306.5,137618.5,2025-07-31 14:51:58.337412
2025-07-31,15725,2025073104029958,API,Asian Securities Private Ltd.,Sumeru Securities Pvt. Ltd.,10,307.2,3072.0,2025-07-31 14:52:19.959890
2025-07-31,15550,2025073104029990,API,Opal Securities Investment (PVT) Ltd.,Sagarmatha Securities Private Limited,200,306.5,61300.0,2025-07-31 14:52:25.973960
2025-07-31,15327,2025073104030056,API,Opal Securities Investment (PVT) Ltd.,Naasa Securities Co. Ltd.,17,306.5,5210.5,2025-07-31 14:52:32.883868
2025-07-31,15324,2025073104030057,API,Opal Securities Investment (PVT) Ltd.,Vision Securities Pvt. Ltd,500,306.5,153250.0,2025-07-31 14:52:33.271427
2025-07-31,15252,2025073104030085,API,Opal Securities Investment (PVT) Ltd.,Capital Max Securities Ltd,234,306.5,71721.0,2025-07-31 14:52:34.853328
2025-07-31,15113,2025073104030110,API,J.F. Securites (PVT) Ltd.,Sajilo Broker Limited,500,306.2,153100.0,2025-07-31 14:52:40.937353
2025-07-31,15112,2025073104030111,API,Sani Securities Company Ltd.,Sajilo Broker Limited,100,306.2,30620.0,2025-07-31 14:52:40.937401
2025-07-31,15111,2025073104030112,API,Naasa Securities Co. Ltd.,Sajilo Broker Limited,200,306.2,61240.0,2025-07-31 14:52:40.937427
2025-07-31,14851,2025073104030189,API,Creative Securities Pvt Ltd,Capital Max Securities Ltd,20,306.1,6122.0,2025-07-31 14:52:50.632624
2025-07-31,14850,2025073104030190,API,J.F. Securites (PVT) Ltd.,Capital Max Securities Ltd,300,306.1,91830.0,2025-07-31 14:52:50.633085
2025-07-31,14849,2025073104030191,API,South Asian Bulls Pvt. Ltd.,Capital Max Securities Ltd,18,306.1,5509.8,2025-07-31 14:52:50.633331
2025-07-31,14716,2025073104030236,API,South Asian Bulls Pvt. Ltd.,S.P.S.A. Securities Limited,482,306.1,147540.2,2025-07-31 14:52:56.291650
2025-07-31,14715,2025073104030237,API,Secured Securities Ltd.,S.P.S.A. Securities Limited,200,306.1,61220.0,2025-07-31 14:52:56.291714
2025-07-31,14714,2025073104030238,API,Infinity Securities Limited,S.P.S.A. Securities Limited,50,306.0,15300.0,2025-07-31 14:52:56.291742
2025-07-31,14713,2025073104030239,API,Naasa Securities Co. Ltd.,S.P.S.A. Securities Limited,130,306.0,39780.0,2025-07-31 14:52:56.291768
2025-07-31,14712,2025073104030240,API,Shree Krishna Securities Ltd.,S.P.S.A. Securities Limited,100,306.0,30600.0,2025-07-31 14:52:56.291792
2025-07-31,14711,2025073104030241,API,Naasa Securities Co. Ltd.,S.P.S.A. Securities Limited,100,306.0,30600.0,2025-07-31 14:52:56.291815
2025-07-31,14710,2025073104030242,API,Neev Securities Pvt. Ltd.,S.P.S.A. Securities Limited,500,306.0,153000.0,2025-07-31 14:52:56.291839
2025-07-31,14709,2025073104030243,API,Online Securities Pvt. Ltd.,S.P.S.A. Securities Limited,500,306.0,153000.0,2025-07-31 14:52:56.291861
2025-07-31,14708,2025073104030244,API,Vision Securities Pvt. Ltd,S.P.S.A. Securities Limited,10,306.0,3060.0,2025-07-31 14:52:56.291883
2025-07-31,14707,2025073104030245,API,Secured Securities Ltd.,S.P.S.A. Securities Limited,20,306.0,6120.0,2025-07-31 14:52:56.291907
2025-07-31,14706,2025073104030246,API,Sani Securities Company Ltd.,S.P.S.A. Securities Limited,100,306.0,30600.0,2025-07-31 14:52:56.291929
2025-07-31,14705,2025073104030247,API,Online Securities Pvt. Ltd.,S.P.S.A. Securities Limited,100,306.0,30600.0,2025-07-31 14:52:56.291951
2025-07-31,14704,2025073104030248,API,Naasa Securities Co. Ltd.,S.P.S.A. Securities Limited,500,306.0,153000.0,2025-07-31 14:52:56.291974
2025-07-31,14703,2025073104030249,API,Opal Securities Investment (PVT) Ltd.,S.P.S.A. Securities Limited,20,306.0,6120.0,2025-07-31 14:52:56.291995
2025-07-31,14702,2025073104030250,API,Premier Securities Company Ltd.,S.P.S.A. Securities Limited,188,306.0,57528.0,2025-07-31 14:52:56.292016
2025-07-31,14585,2025073104030283,API,Premier Securities Company Ltd.,Deevyaa Securities & Stock House Pvt. Ltd,132,306.0,40392.0,2025-07-31 14:53:00.050005
2025-07-31,14584,2025073104030284,API,Sweta Securities Private Limited,Deevyaa Securities & Stock House Pvt. Ltd,100,306.0,30600.0,2025-07-31 14:53:00.050774
2025-07-31,14583,2025073104030285,API,Dipshikha Dhitopatra Karobar Co. Pvt Ltd.,Deevyaa Securities & Stock House Pvt. Ltd,1000,306.0,306000.0,2025-07-31 14:53:00.051366
2025-07-31,14582,2025073104030286,API,Sumeru Securities Pvt. Ltd.,Deevyaa Securities & Stock House Pvt. Ltd,1000,306.0,306000.0,2025-07-31 14:53:00.051954
2025-07-31,14581,2025073104030287,API,Kumari Securities Private Limited,Deevyaa Securities & Stock House Pvt. Ltd,768,306.0,235008.0,2025-07-31 14:53:00.052532
2025-07-31,14533,2025073104030299,API,Naasa Securities Co. Ltd.,Sani Securities Company Ltd.,1,300.0,300.0,2025-07-31 14:53:01.755527
2025-07-31,14325,2025073104030355,API,Kumari Securities Private Limited,Dakshinkali Investment & Securities Pvt. Ltd.,232,306.0,70992.0,2025-07-31 14:53:10.258132
2025-07-31,14324,2025073104030356,API,Siprabi Securities Pvt. Ltd.,Dakshinkali Investment & Securities Pvt. Ltd.,50,306.0,15300.0,2025-07-31 14:53:10.258567
2025-07-31,14323,2025073104030357,API,Asian Securities Private Ltd.,Dakshinkali Investment & Securities Pvt. Ltd.,600,306.0,183600.0,2025-07-31 14:53:10.258834
2025-07-31,14322,2025073104030358,API,Kohinoor Investment & Securities Pvt. Ltd.,Dakshinkali Investment & Securities Pvt. Ltd.,50,306.0,15300.0,2025-07-31 14:53:10.259109
2025-07-31,14321,2025073104030359,API,Sri Hari Securities Pvt. Ltd.,Dakshinkali Investment & Securities Pvt. Ltd.,300,306.0,91800.0,2025-07-31 14:53:10.259365
2025-07-31,14320,2025073104030360,API,Dipshikha Dhitopatra Karobar Co. Pvt Ltd.,Dakshinkali Investment & Securities Pvt. Ltd.,30,306.0,9180.0,2025-07-31 14:53:10.259650
2025-07-31,14319,2025073104030361,API,Nepal Stock House (PVT) Ltd.,Dakshinkali Investment & Securities Pvt. Ltd.,238,306.0,72828.0,2025-07-31 14:53:10.259917
2025-07-31,14176,2025073104030409,API,Nepal Stock House (PVT) Ltd.,Sajilo Broker Limited,100,306.0,30600.0,2025-07-31 14:53:15.006535
2025-07-31,14102,2025073104030435,API,Cristal Kanchanjanga Securites Pvt. Ltd.,Primo Securities (PVT) Ltd.,433,306.1,132541.3,2025-07-31 14:53:18.953421
2025-07-31,14014,2025073104030456,API,Agrawal Securities (PVT) Ltd.,Online Securities Pvt. Ltd.,250,306.2,76550.0,2025-07-31 14:53:22.891494
2025-07-31,13959,2025073104030465,API,Cristal Kanchanjanga Securites Pvt. Ltd.,Naasa Securities Co. Ltd.,67,306.1,20508.7,2025-07-31 14:53:24.160926
2025-07-31,13958,2025073104030466,API,Naasa Securities Co. Ltd.,Naasa Securities Co. Ltd.,73,306.1,22345.3,2025-07-31 14:53:24.161340
2025-07-31,13530,2025073104030598,API,Kohinoor Investment & Securities Pvt. Ltd.,Premier Securities Company Ltd.,59,306.5,18083.5,2025-07-31 14:53:39.139278
2025-07-31,13529,2025073104030599,API,Kohinoor Investment & Securities Pvt. Ltd.,Vision Securities Pvt. Ltd,41,306.5,12566.5,2025-07-31 14:53:39.139734
2025-07-31,13400,2025073104030656,API,Naasa Securities Co. Ltd.,Nepal Investment And Securities Trading Private Limited,40,306.1,12244.0,2025-07-31 14:53:43.509031
2025-07-31,13138,2025073104030715,API,Naasa Securities Co. Ltd.,Trishakti Securities Public Limited,30,306.1,9183.0,2025-07-31 14:53:54.170585
2025-07-31,12499,2025073104030908,API,Sewa Securities Pvt. Ltd.,Trishakti Securities Public Limited,500,306.2,153100.0,2025-07-31 14:54:20.037050
2025-07-31,12321,2025073104030971,API,Agrawal Securities (PVT) Ltd.,Trishakti Securities Public Limited,250,306.2,76550.0,2025-07-31 14:54:28.022509
2025-07-31,12248,2025073104031012,API,Naasa Securities Co. Ltd.,Dipshikha Dhitopatra Karobar Co. Pvt Ltd.,157,306.1,48057.7,2025-07-31 14:54:30.806498
2025-07-31,12247,2025073104031013,API,Deevyaa Securities & Stock House Pvt. Ltd,Dipshikha Dhitopatra Karobar Co. Pvt Ltd.,100,306.1,30610.0,2025-07-31 14:54:30.806898
2025-07-31,12246,2025073104031014,API,Sewa Securities Pvt. Ltd.,Dipshikha Dhitopatra Karobar Co. Pvt Ltd.,100,306.1,30610.0,2025-07-31 14:54:30.807080
2025-07-31,12245,2025073104031015,API,Nepal Stock House (PVT) Ltd.,Dipshikha Dhitopatra Karobar Co. Pvt Ltd.,162,306.0,49572.0,2025-07-31 14:54:30.807262
2025-07-31,12244,2025073104031016,API,Online Securities Pvt. Ltd.,Dipshikha Dhitopatra Karobar Co. Pvt Ltd.,100,306.0,30600.0,2025-07-31 14:54:30.807453
2025-07-31,12243,2025073104031017,API,Premier Securities Company Ltd.,Dipshikha Dhitopatra Karobar Co. Pvt Ltd.,200,306.0,61200.0,2025-07-31 14:54:30.807633
2025-07-31,12242,2025073104031018,API,Vision Securities Pvt. Ltd,Dipshikha Dhitopatra Karobar Co. Pvt Ltd.,181,306.0,55386.0,2025-07-31 14:54:30.807808
2025-07-31,12092,2025073104031079,API,Imperial Securities Company Pvt. Ltd.,Vision Securities Pvt. Ltd,500,306.1,153050.0,2025-07-31 14:54:35.099726
2025-07-31,12039,2025073104031099,API,Vision Securities Pvt. Ltd,Sumeru Securities Pvt. Ltd.,319,306.0,97614.0,2025-07-31 14:54:36.676980
2025-07-31,12038,2025073104031100,API,Aryatara Investment & Securities,Sumeru Securities Pvt. Ltd.,30,306.0,9180.0,2025-07-31 14:54:36.677405
2025-07-31,12037,2025073104031101,API,Secured Securities Ltd.,Sumeru Securities Pvt. Ltd.,200,306.0,61200.0,2025-07-31 14:54:36.677609
2025-07-31,12036,2025073104031102,API,Miyo Securities Pvt Ltd,Sumeru Securities Pvt. Ltd.,441,306.0,134946.0,2025-07-31 14:54:36.677919
2025-07-31,11613,2025073104031241,API,Shree Krishna Securities Ltd.,Vision Securities Pvt. Ltd,60,306.1,18366.0,2025-07-31 14:54:55.055590
2025-07-31,11506,2025073104031284,API,Ashutosh Brokerage & Securities (PVT) Ltd.,Vision Securities Pvt. Ltd,440,306.1,134684.0,2025-07-31 14:54:58.064993
2025-07-31,11505,2025073104031285,API,Ashutosh Brokerage & Securities (PVT) Ltd.,Imperial Securities Company Pvt. Ltd.,270,306.1,82647.0,2025-07-31 14:54:58.065409
2025-07-31,10968,2025073104031422,API,Ashutosh Brokerage & Securities (PVT) Ltd.,Sundhara Securities Limited,300,306.1,91830.0,2025-07-31 14:55:16.158846
2025-07-31,10933,2025073104031429,API,Ashutosh Brokerage & Securities (PVT) Ltd.,Sani Securities Company Ltd.,990,306.1,303039.0,2025-07-31 14:55:17.431218
2025-07-31,10932,2025073104031430,API,Dipshikha Dhitopatra Karobar Co. Pvt Ltd.,Sani Securities Company Ltd.,10,306.1,3061.0,2025-07-31 14:55:17.432151
2025-07-31,10911,2025073104031445,API,Dipshikha Dhitopatra Karobar Co. Pvt Ltd.,Dipshikha Dhitopatra Karobar Co. Pvt Ltd.,90,306.1,27549.0,2025-07-31 14:55:17.913092
2025-07-31,10910,2025073104031446,API,Linch Stock Market Ltd.,Dipshikha Dhitopatra Karobar Co. Pvt Ltd.,100,306.1,30610.0,2025-07-31 14:55:17.913436
2025-07-31,10712,2025073104031524,API,Linch Stock Market Ltd.,Nepal Investment And Securities Trading Private Limited,100,306.1,30610.0,2025-07-31 14:55:24.377111
2025-07-31,10711,2025073104031525,API,Miyo Securities Pvt Ltd,Nepal Investment And Securities Trading Private Limited,59,306.0,18054.0,2025-07-31 14:55:24.377534
2025-07-31,10710,2025073104031526,API,Aryatara Investment & Securities,Nepal Investment And Securities Trading Private Limited,20,306.0,6120.0,2025-07-31 14:55:24.377713
2025-07-31,10709,2025073104031527,API,Trisul Securities & Invt. Ltd.,Nepal Investment And Securities Trading Private Limited,1000,306.0,306000.0,2025-07-31 14:55:24.377898
2025-07-31,10708,2025073104031528,API,Sumeru Securities Pvt. Ltd.,Nepal Investment And Securities Trading Private Limited,100,306.0,30600.0,2025-07-31 14:55:24.378072
2025-07-31,10707,2025073104031529,API,R.B.B. Securities Company Ltd,Nepal Investment And Securities Trading Private Limited,941,306.0,287946.0,2025-07-31 14:55:24.378251
2025-07-31,10311,2025073104031605,API,Dipshikha Dhitopatra Karobar Co. Pvt Ltd.,Trishakti Securities Public Limited,250,306.2,76550.0,2025-07-31 14:55:39.623355
2025-07-31,9984,2025073104031674,API,Sani Securities Company Ltd.,Online Securities Pvt. Ltd.,100,306.2,30620.0,2025-07-31 14:55:51.860078
2025-07-31,9707,2025073104031732,API,Sani Securities Company Ltd.,Naasa Securities Co. Ltd.,190,306.2,58178.0,2025-07-31 14:56:03.331364
2025-07-31,9624,2025073104031758,API,Kohinoor Investment & Securities Pvt. Ltd.,Vision Securities Pvt. Ltd,300,306.5,91950.0,2025-07-31 14:56:06.552082
2025-07-31,9506,2025073104031794,API,Sani Securities Company Ltd.,Aryatara Investment & Securities,140,306.2,42868.0,2025-07-31 14:56:10.449343
2025-07-31,9315,2025073104031862,API,J.F. Securites (PVT) Ltd.,ABC Securities Private Limited,400,306.3,122520.0,2025-07-31 14:56:16.187497
2025-07-31,9034,2025073104031939,API,Asian Securities Private Ltd.,Vision Securities Pvt. Ltd,200,306.5,61300.0,2025-07-31 14:56:26.434574
2025-07-31,8772,2025073104032019,API,Naasa Securities Co. Ltd.,Vision Securities Pvt. Ltd,459,306.5,140683.5,2025-07-31 14:56:36.618570
2025-07-31,8771,2025073104032020,API,Naasa Securities Co. Ltd.,Premier Securities Company Ltd.,41,306.5,12566.5,2025-07-31 14:56:36.618940
2025-07-31,8751,2025073104032027,API,Sri Hari Securities Pvt. Ltd.,Premier Securities Company Ltd.,250,306.5,76625.0,2025-07-31 14:56:37.327746
2025-07-31,8135,2025073104032209,API,Kohinoor Investment & Securities Pvt. Ltd.,Sani Securities Company Ltd.,200,306.4,61280.0,2025-07-31 14:56:56.983829
2025-07-31,7945,2025073104032252,API,Naasa Securities Co. Ltd.,Sani Securities Company Ltd.,100,306.4,30640.0,2025-07-31 14:57:03.507990
2025-07-31,7920,2025073104032261,API,J.F. Securites (PVT) Ltd.,Primo Securities (PVT) Ltd.,600,306.3,183780.0,2025-07-31 14:57:04.772938
2025-07-31,7207,2025073104032445,API,Dynamic Money Managers Securities Pvt. Ltd.,Himalayan Brokerage Company Limited,40,306.4,12256.0,2025-07-31 14:57:27.502789
2025-07-31,6788,2025073104032588,API,Naasa Securities Co. Ltd.,Himalayan Brokerage Company Limited,26,306.3,7963.8,2025-07-31 14:57:40.354138
2025-07-31,6714,2025073104032602,API,Linch Stock Market Ltd.,Himalayan Brokerage Company Limited,100,306.3,30630.0,2025-07-31 14:57:41.461902
2025-07-31,6701,2025073104032606,API,Sani Securities Company Ltd.,Nepal Stock House (PVT) Ltd.,70,306.2,21434.0,2025-07-31 14:57:41.799243
2025-07-31,6480,2025073104032643,API,Aryatara Investment & Securities,Bhrikuti Stock Broking Co. Pvt. Ltd.,600,306.1,183660.0,2025-07-31 14:57:46.253671
2025-07-31,6479,2025073104032644,API,Linch Stock Market Ltd.,Bhrikuti Stock Broking Co. Pvt. Ltd.,200,306.1,61220.0,2025-07-31 14:57:46.254721
2025-07-31,6478,2025073104032645,API,Online Securities Pvt. Ltd.,Bhrikuti Stock Broking Co. Pvt. Ltd.,300,306.1,91830.0,2025-07-31 14:57:46.255573
2025-07-31,6477,2025073104032646,API,ABC Securities Private Limited,Bhrikuti Stock Broking Co. Pvt. Ltd.,200,306.1,61220.0,2025-07-31 14:57:46.256396
2025-07-31,6330,2025073104032701,API,Linch Stock Market Ltd.,Siprabi Securities Pvt. Ltd.,100,306.1,30610.0,2025-07-31 14:57:50.939685
2025-07-31,6329,2025073104032702,API,Oxford Securities Pvt. Ltd.,Siprabi Securities Pvt. Ltd.,373,306.1,114175.3,2025-07-31 14:57:50.940145
2025-07-31,6225,2025073104032747,API,Oxford Securities Pvt. Ltd.,Online Securities Pvt. Ltd.,27,306.1,8264.7,2025-07-31 14:57:54.069091
2025-07-31,5775,2025073104032876,API,Siprabi Securities Pvt. Ltd.,Online Securities Pvt. Ltd.,100,306.1,30610.0,2025-07-31 14:58:09.243041
2025-07-31,5759,2025073104032879,API,R.B.B. Securities Company Ltd,Himalayan Brokerage Company Limited,59,306.0,18054.0,2025-07-31 14:58:09.656117
2025-07-31,5758,2025073104032880,API,Kalika Securities Pvt. Ltd.,Himalayan Brokerage Company Limited,100,306.0,30600.0,2025-07-31 14:58:09.656534
2025-07-31,5757,2025073104032881,API,Vision Securities Pvt. Ltd,Himalayan Brokerage Company Limited,75,306.0,22950.0,2025-07-31 14:58:09.656792
2025-07-31,5576,2025073104032930,API,Vision Securities Pvt. Ltd,Indira securities pvt. ltd,25,306.0,7650.0,2025-07-31 14:58:14.782843
2025-07-31,5575,2025073104032931,API,Aryatara Investment & Securities,Indira securities pvt. ltd,100,306.0,30600.0,2025-07-31 14:58:14.783279
2025-07-31,5574,2025073104032932,API,Dipshikha Dhitopatra Karobar Co. Pvt Ltd.,Indira securities pvt. ltd,175,306.0,53550.0,2025-07-31 14:58:14.783522
2025-07-31,5484,2025073104032965,API,Premier Securities Company Ltd.,Online Securities Pvt. Ltd.,63,306.1,19284.3,2025-07-31 14:58:17.489192
2025-07-31,5287,2025073104033013,API,Imperial Securities Company Pvt. Ltd.,Online Securities Pvt. Ltd.,400,306.1,122440.0,2025-07-31 14:58:21.811035
2025-07-31,4984,2025073104033097,API,Deevyaa Securities & Stock House Pvt. Ltd,Online Securities Pvt. Ltd.,111,306.1,33977.1,2025-07-31 14:58:29.681363
2025-07-31,4965,2025073104033103,API,Deevyaa Securities & Stock House Pvt. Ltd,Nepal Investment And Securities Trading Private Limited,114,306.1,34895.4,2025-07-31 14:58:30.343606
2025-07-31,4964,2025073104033104,API,Dipshikha Dhitopatra Karobar Co. Pvt Ltd.,Nepal Investment And Securities Trading Private Limited,325,306.0,99450.0,2025-07-31 14:58:30.344032
2025-07-31,4963,2025073104033105,API,Naasa Securities Co. Ltd.,Nepal Investment And Securities Trading Private Limited,110,306.0,33660.0,2025-07-31 14:58:30.344257
2025-07-31,4962,2025073104033106,API,Vision Securities Pvt. Ltd,Nepal Investment And Securities Trading Private Limited,200,306.0,61200.0,2025-07-31 14:58:30.344471
2025-07-31,4961,2025073104033107,API,Online Securities Pvt. Ltd.,Nepal Investment And Securities Trading Private Limited,15,306.0,4590.0,2025-07-31 14:58:30.344689
2025-07-31,4960,2025073104033108,API,Kumari Securities Private Limited,Nepal Investment And Securities Trading Private Limited,225,306.0,68850.0,2025-07-31 14:58:30.344881
2025-07-31,4959,2025073104033109,API,Sumeru Securities Pvt. Ltd.,Nepal Investment And Securities Trading Private Limited,11,306.0,3366.0,2025-07-31 14:58:30.345080
2025-07-31,4729,2025073104033180,API,Naasa Securities Co. Ltd.,Secured Securities Ltd.,26,306.1,7958.6,2025-07-31 14:58:36.196521
2025-07-31,4728,2025073104033181,API,Asian Securities Private Ltd.,Secured Securities Ltd.,100,306.1,30610.0,2025-07-31 14:58:36.196966
2025-07-31,4727,2025073104033182,API,Sumeru Securities Pvt. Ltd.,Secured Securities Ltd.,374,306.0,114444.0,2025-07-31 14:58:36.197264
2025-07-31,4580,2025073104033219,API,Linch Stock Market Ltd.,Premier Securities Company Ltd.,100,306.1,30610.0,2025-07-31 14:58:40.108102
2025-07-31,4579,2025073104033220,API,Naasa Securities Co. Ltd.,Premier Securities Company Ltd.,200,306.1,61220.0,2025-07-31 14:58:40.108525
2025-07-31,4578,2025073104033221,API,Sumeru Securities Pvt. Ltd.,Premier Securities Company Ltd.,700,306.0,214200.0,2025-07-31 14:58:40.108713
2025-07-31,4398,2025073104033283,API,Sumeru Securities Pvt. Ltd.,Sani Securities Company Ltd.,200,306.0,61200.0,2025-07-31 14:58:44.107425
2025-07-31,4336,2025073104033305,API,Dipshikha Dhitopatra Karobar Co. Pvt Ltd.,Sajilo Broker Limited,100,306.1,30610.0,2025-07-31 14:58:45.857495
2025-07-31,4335,2025073104033306,API,Sumeru Securities Pvt. Ltd.,Sajilo Broker Limited,115,306.0,35190.0,2025-07-31 14:58:45.857552
2025-07-31,4334,2025073104033307,API,Oxford Securities Pvt. Ltd.,Sajilo Broker Limited,50,306.0,15300.0,2025-07-31 14:58:45.857593
2025-07-31,4333,2025073104033308,API,Thrive Brokerage House Pvt. Ltd,Sajilo Broker Limited,35,306.0,10710.0,2025-07-31 14:58:45.857619
2025-07-31,4148,2025073104033345,API,Thrive Brokerage House Pvt. Ltd,Aryatara Investment & Securities,465,306.0,142290.0,2025-07-31 14:58:49.068459
2025-07-31,4147,2025073104033346,API,Global IME Securities Limited,Aryatara Investment & Securities,100,306.0,30600.0,2025-07-31 14:58:49.069446
2025-07-31,4146,2025073104033347,API,Deevyaa Securities & Stock House Pvt. Ltd,Aryatara Investment & Securities,50,306.0,15300.0,2025-07-31 14:58:49.070407
2025-07-31,4145,2025073104033348,API,Linch Stock Market Ltd.,Aryatara Investment & Securities,80,306.0,24480.0,2025-07-31 14:58:49.071356
2025-07-31,4144,2025073104033349,API,Agrawal Securities (PVT) Ltd.,Aryatara Investment & Securities,50,306.0,15300.0,2025-07-31 14:58:49.072184
2025-07-31,4143,2025073104033350,API,Online Securities Pvt. Ltd.,Aryatara Investment & Securities,255,306.0,78030.0,2025-07-31 14:58:49.073052
2025-07-31,3242,2025073104033587,API,Trisul Securities & Invt. Ltd.,Nepal Stock House (PVT) Ltd.,12,306.2,3674.4,2025-07-31 14:59:09.605980
2025-07-31,3235,2025073104033588,API,Online Securities Pvt. Ltd.,Primo Securities (PVT) Ltd.,1245,306.0,380970.0,2025-07-31 14:59:09.933625
2025-07-31,3234,2025073104033589,API,Aryatara Investment & Securities,Primo Securities (PVT) Ltd.,150,306.0,45900.0,2025-07-31 14:59:09.933994
2025-07-31,3233,2025073104033590,API,Deevyaa Securities & Stock House Pvt. Ltd,Primo Securities (PVT) Ltd.,600,306.0,183600.0,2025-07-31 14:59:09.934201
2025-07-31,3232,2025073104033591,API,Opal Securities Investment (PVT) Ltd.,Primo Securities (PVT) Ltd.,105,306.0,32130.0,2025-07-31 14:59:09.934395
2025-07-31,3190,2025073104033611,API,Shree Krishna Securities Ltd.,Vision Securities Pvt. Ltd,49,306.0,14994.0,2025-07-31 14:59:11.113867
2025-07-31,3189,2025073104033612,API,Sani Securities Company Ltd.,Vision Securities Pvt. Ltd,10,306.0,3060.0,2025-07-31 14:59:11.113902
2025-07-31,3188,2025073104033613,API,ABC Securities Private Limited,Vision Securities Pvt. Ltd,30,306.0,9180.0,2025-07-31 14:59:11.113923
2025-07-31,3187,2025073104033614,API,Sri Hari Securities Pvt. Ltd.,Vision Securities Pvt. Ltd,300,306.0,91800.0,2025-07-31 14:59:11.113948
2025-07-31,3186,2025073104033615,API,Aryatara Investment & Securities,Vision Securities Pvt. Ltd,10,305.8,3058.0,2025-07-31 14:59:11.113993
2025-07-31,3185,2025073104033616,API,Opal Securities Investment (PVT) Ltd.,Vision Securities Pvt. Ltd,100,305.6,30560.0,2025-07-31 14:59:11.114021
2025-07-31,3184,2025073104033617,API,Kalika Securities Pvt. Ltd.,Vision Securities Pvt. Ltd,100,305.6,30560.0,2025-07-31 14:59:11.114043
2025-07-31,3183,2025073104033618,API,South Asian Bulls Pvt. Ltd.,Vision Securities Pvt. Ltd,401,305.6,122545.6,2025-07-31 14:59:11.114068
2025-07-31,2644,2025073104033797,API,Sweta Securities Private Limited,Dynamic Money Managers Securities Pvt. Ltd.,500,306.1,153050.0,2025-07-31 14:59:19.960397
2025-07-31,2343,2025073104033914,API,Nepal Investment And Securities Trading Private Limited,Nepal Stock House (PVT) Ltd.,468,306.2,143301.6,2025-07-31 14:59:25.142106
2025-07-31,2249,2025073104033931,API,Nepal Investment And Securities Trading Private Limited,Aryatara Investment & Securities,12,306.2,3674.4,2025-07-31 14:59:26.668934
2025-07-31,2248,2025073104033932,API,Neev Securities Pvt. Ltd.,Aryatara Investment & Securities,24,306.1,7346.4,2025-07-31 14:59:26.669340
2025-07-31,2206,2025073104033955,API,Neev Securities Pvt. Ltd.,Sumeru Securities Pvt. Ltd.,200,306.1,61220.0,2025-07-31 14:59:27.013270
2025-07-31,2024,2025073104033995,API,Dipshikha Dhitopatra Karobar Co. Pvt Ltd.,Nepal Stock House (PVT) Ltd.,245,306.3,75043.5,2025-07-31 14:59:29.232193
2025-07-31,2023,2025073104033996,API,Dipshikha Dhitopatra Karobar Co. Pvt Ltd.,Imperial Securities Company Pvt. Ltd.,55,306.4,16852.0,2025-07-31 14:59:29.232246
2025-07-31,1901,2025073104034028,API,Secured Securities Ltd.,Sundhara Securities Limited,176,306.2,53891.2,2025-07-31 14:59:31.618863
2025-07-31,1235,2025073104034277,API,Secured Securities Ltd.,Sumeru Securities Pvt. Ltd.,24,306.2,7348.8,2025-07-31 14:59:41.129085
2025-07-31,1234,2025073104034278,API,Linch Stock Market Ltd.,Sumeru Securities Pvt. Ltd.,20,306.2,6124.0,2025-07-31 14:59:41.129434
2025-07-31,960,2025073104034362,API,Neev Securities Pvt. Ltd.,Naasa Securities Co. Ltd.,776,306.1,237533.6,2025-07-31 14:59:45.414824
2025-07-31,959,2025073104034363,API,Kohinoor Investment & Securities Pvt. Ltd.,Naasa Securities Co. Ltd.,15,306.1,4591.5,2025-07-31 14:59:45.415603
2025-07-31,899,2025073104034379,API,Primo Securities (PVT) Ltd.,Primo Securities (PVT) Ltd.,100,306.0,30600.0,2025-07-31 14:59:46.234061
2025-07-31,898,2025073104034380,API,Kalika Securities Pvt. Ltd.,Primo Securities (PVT) Ltd.,500,306.0,153000.0,2025-07-31 14:59:46.234425
2025-07-31,874,2025073104034390,API,Bhrikuti Stock Broking Co. Pvt. Ltd.,Primo Securities (PVT) Ltd.,110,306.0,33660.0,2025-07-31 14:59:46.701664
2025-07-31,872,2025073104034392,API,Sundhara Securities Limited,Cristal Kanchanjanga Securites Pvt. Ltd.,10,305.9,3059.0,2025-07-31 14:59:46.742615
2025-07-31,871,2025073104034393,API,South Asian Bulls Pvt. Ltd.,Cristal Kanchanjanga Securites Pvt. Ltd.,90,305.6,27504.0,2025-07-31 14:59:46.742662
2025-07-31,525,2025073104034467,API,Agrawal Securities (PVT) Ltd.,Primo Securities (PVT) Ltd.,650,306.0,198900.0,2025-07-31 14:59:52.267466
